incident_number,exposure_number,id,address,incident_date,call_number,alarm_dttm,arrival_dttm,close_dttm,city,zipcode,battalion,station_area,box,suppression_units,suppression_personnel,ems_units,ems_personnel,other_units,other_personnel,first_unit_on_scene,estimated_property_loss,estimated_contents_loss,fire_fatalities,fire_injuries,civilian_fatalities,civilian_injuries,number_of_alarms,primary_situation,mutual_aid,action_taken_primary,action_taken_secondary,action_taken_other,detector_alerted_occupants,property_use,area_of_fire_origin,ignition_cause,ignition_factor_primary,ignition_factor_secondary,heat_source,item_first_ignited,human_factors_associated_with_ignition,structure_type,structure_status,floor_of_fire_origin,fire_spread,no_flame_spread,number_of_floors_with_minimum_damage,number_of_floors_with_significant_damage,number_of_floors_with_heavy_damage,number_of_floors_with_extreme_damage,detectors_present,detector_type,detector_operation,detector_effectiveness,detector_failure_reason,automatic_extinguishing_system_present,automatic_extinguishing_sytem_type,automatic_extinguishing_sytem_perfomance,automatic_extinguishing_sytem_failure_reason,number_of_sprinkler_heads_operating,supervisor_district,neighborhood_district,point,data_as_of,data_loaded_at
23131557,0,231315570,Mission Street,2023-09-30,232732904,2023-09-30 20:06:49,2023-09-30 20:11:13,2023-09-30 20:16:04,San Francisco,94103,B02,1,2318,1,4,0,0,0,0,,500.0,500.0,0,0,0,0,1,"151 Outside rubbish, trash or waste fire",N None,11 Extinguishment by fire service personnel,86 Investigate,"00 Action taken, other",1 Detector alerted occupants,"960 Street, other",00 Other area of fire origin,1 Intentional,UU Undetermined,,UU Undetermined,UU Undetermined,N None,1 Enclosed building,2 In normal use,1.0,,NO,,,,,1 Present,1 Smoke,2 Detector operated,"1 Detector alerted occupants, occupants responded",,N None Present,1 Wet - pipe sprinkler system,1 System operated and was effective,,1.0,6.0,South of Market,"-122.413161, 37.777456",2023-09-30 20:16:04,2025-06-01 02:18:08
23131561,0,231315610,550 Geary Street,2023-09-30,232732929,2023-09-30 20:17:34,2023-09-30 20:24:15,2023-09-30 20:39:02,San Francisco,94102,B01,3,1462,1,5,0,0,0,0,,500.0,500.0,0,0,0,0,1,353 Removal of victim(s) from stalled elevator,N None,"22 Rescue, remove from harm",86 Investigate,"00 Action taken, other",1 Detector alerted occupants,"449 Hotel/motel, commercial",00 Other area of fire origin,1 Intentional,UU Undetermined,,UU Undetermined,UU Undetermined,N None,1 Enclosed building,2 In normal use,1.0,,NO,,,,,1 Present,1 Smoke,2 Detector operated,"1 Detector alerted occupants, occupants responded",,N None Present,1 Wet - pipe sprinkler system,1 System operated and was effective,,1.0,3.0,Tenderloin,"-122.41247, 37.786886",2023-09-30 20:39:02,2025-06-01 02:18:08
23131562,0,231315620,2030 Lombard Street,2023-09-30,232732933,2023-09-30 20:18:52,2023-09-30 20:21:51,2023-09-30 20:31:27,San Francisco,94123,B04,16,3461,3,10,0,0,0,0,,500.0,500.0,0,0,0,0,1,"745 Alarm system activation, no fire  -  unintentional",N None,86 Investigate,86 Investigate,"00 Action taken, other",1 Detector alerted occupants,429 Multifamily dwelling,00 Other area of fire origin,1 Intentional,UU Undetermined,,UU Undetermined,UU Undetermined,N None,1 Enclosed building,2 In normal use,1.0,,NO,,,,,1 Present,1 Smoke,2 Detector operated,"1 Detector alerted occupants, occupants responded",,N None Present,1 Wet - pipe sprinkler system,1 System operated and was effective,,1.0,2.0,Marina,"-122.434956, 37.800051",2023-09-30 20:31:27,2025-06-01 02:18:08
23131564,0,231315640,515 Ofarrell Street,2023-09-30,232732942,2023-09-30 20:22:42,2023-09-30 20:26:10,2023-09-30 20:35:42,San Francisco,94102,B04,3,1544,3,11,0,0,0,0,,500.0,500.0,0,0,0,0,1,"113 Cooking fire, confined to container",N None,86 Investigate,86 Investigate,"00 Action taken, other",1 Detector alerted occupants,"439 Boarding/rooming house, residential hotels",00 Other area of fire origin,1 Intentional,UU Undetermined,,UU Undetermined,UU Undetermined,N None,1 Enclosed building,2 In normal use,1.0,,NO,,,,,1 Present,1 Smoke,2 Detector operated,"1 Detector alerted occupants, occupants responded",,N None Present,1 Wet - pipe sprinkler system,1 System operated and was effective,,1.0,5.0,Tenderloin,"-122.413254, 37.785684",2023-09-30 20:35:42,2025-06-01 02:18:08
23131565,0,231315650,Bayshore Bl,2023-09-30,232732945,2023-09-30 20:23:01,2023-09-30 20:29:05,2023-09-30 21:16:21,San Francisco,94124,B10,44,6323,1,4,1,2,0,0,,500.0,500.0,0,0,0,0,1,"463 Vehicle accident, general cleanup",N None,"30 Emergency medical services, other",86 Investigate,"00 Action taken, other",1 Detector alerted occupants,"900 Outside or special property, other",00 Other area of fire origin,1 Intentional,UU Undetermined,,UU Undetermined,UU Undetermined,N None,1 Enclosed building,2 In normal use,1.0,,NO,,,,,1 Present,1 Smoke,2 Detector operated,"1 Detector alerted occupants, occupants responded",,N None Present,1 Wet - pipe sprinkler system,1 System operated and was effective,,1.0,10.0,Bayview Hunters Point,"-122.400785, 37.723617",2023-09-30 21:16:21,2025-06-01 02:18:08
23131582,0,231315820,153 Julian Avenue,2023-09-30,232733051,2023-09-30 21:08:56,2023-09-30 21:11:45,2023-09-30 21:35:46,San Francisco,94103,B02,6,5226,8,29,1,2,1,2,,500.0,500.0,0,0,0,0,1,"113 Cooking fire, confined to container",N None,86 Investigate,86 Investigate,"00 Action taken, other",1 Detector alerted occupants,429 Multifamily dwelling,00 Other area of fire origin,1 Intentional,UU Undetermined,,UU Undetermined,UU Undetermined,N None,1 Enclosed building,2 In normal use,1.0,,NO,,,,,1 Present,1 Smoke,2 Detector operated,"1 Detector alerted occupants, occupants responded",,N None Present,1 Wet - pipe sprinkler system,1 System operated and was effective,,1.0,9.0,Mission,"-122.420889, 37.765748",2023-09-30 21:35:46,2025-06-01 02:18:08
23131583,0,231315830,1635 Green Street,2023-09-30,232733056,2023-09-30 21:11:00,2023-09-30 21:15:11,2023-09-30 21:43:02,San Francisco,94123,B04,38,3246,3,10,0,0,0,0,,500.0,500.0,0,0,0,0,1,"700 False alarm or false call, other",N None,86 Investigate,86 Investigate,"00 Action taken, other",1 Detector alerted occupants,419 1 or 2 family dwelling,00 Other area of fire origin,1 Intentional,UU Undetermined,,UU Undetermined,UU Undetermined,N None,1 Enclosed building,2 In normal use,1.0,,NO,,,,,1 Present,1 Smoke,2 Detector operated,"1 Detector alerted occupants, occupants responded",,N None Present,1 Wet - pipe sprinkler system,1 System operated and was effective,,1.0,2.0,Marina,"-122.426024, 37.797265",2023-09-30 21:43:02,2025-06-01 02:18:08
23131595,0,231315950,550 Beach Street,2023-09-30,232733119,2023-09-30 21:39:29,2023-09-30 21:46:59,2023-09-30 21:56:45,San Francisco,94133,B01,28,1521,1,5,0,0,0,0,,500.0,500.0,0,0,0,0,1,353 Removal of victim(s) from stalled elevator,N None,52 Forcible entry,86 Investigate,"00 Action taken, other",1 Detector alerted occupants,965 Vehicle parking area,00 Other area of fire origin,1 Intentional,UU Undetermined,,UU Undetermined,UU Undetermined,N None,1 Enclosed building,2 In normal use,1.0,,NO,,,,,1 Present,1 Smoke,2 Detector operated,"1 Detector alerted occupants, occupants responded",,N None Present,1 Wet - pipe sprinkler system,1 System operated and was effective,,1.0,3.0,North Beach,"-122.418116, 37.807033",2023-09-30 21:56:45,2025-06-01 02:18:08
23131596,0,231315960,405 12th Avenue,2023-09-30,232733128,2023-09-30 21:44:10,2023-09-30 21:44:10,2023-09-30 22:41:53,San Francisco,94118,B07,31,7146,3,10,0,0,0,0,,500.0,500.0,0,0,0,0,1,"743 Smoke detector activation, no fire  -  unintentional",N None,86 Investigate,86 Investigate,"00 Action taken, other",1 Detector alerted occupants,429 Multifamily dwelling,00 Other area of fire origin,1 Intentional,UU Undetermined,,UU Undetermined,UU Undetermined,N None,1 Enclosed building,2 In normal use,1.0,,NO,,,,,1 Present,1 Smoke,2 Detector operated,"1 Detector alerted occupants, occupants responded",,N None Present,1 Wet - pipe sprinkler system,1 System operated and was effective,,1.0,1.0,Inner Richmond,"-122.470793, 37.780577",2023-09-30 22:41:53,2025-06-01 02:18:08
23131597,0,231315970,Polk Street,2023-09-30,232733143,2023-09-30 21:52:07,2023-09-30 21:54:06,2023-09-30 21:55:56,San Francisco,94109,B04,3,3121,1,4,0,0,0,0,,500.0,500.0,0,0,0,0,1,"151 Outside rubbish, trash or waste fire",N None,86 Investigate,86 Investigate,"00 Action taken, other",1 Detector alerted occupants,"960 Street, other",00 Other area of fire origin,1 Intentional,UU Undetermined,,UU Undetermined,UU Undetermined,N None,1 Enclosed building,2 In normal use,1.0,,NO,,,,,1 Present,1 Smoke,2 Detector operated,"1 Detector alerted occupants, occupants responded",,N None Present,1 Wet - pipe sprinkler system,1 System operated and was effective,,1.0,3.0,Tenderloin,"-122.41993, 37.786826",2023-09-30 21:55:56,2025-06-01 02:18:08
23131600,0,231316000,Geary Bl,2023-09-30,232733182,2023-09-30 22:03:55,2023-09-30 22:07:45,2023-09-30 22:10:04,San Francisco,94109,B04,3,3222,1,4,0,0,0,0,,500.0,500.0,0,0,0,0,1,"700 False alarm or false call, other",N None,86 Investigate,86 Investigate,"00 Action taken, other",1 Detector alerted occupants,"960 Street, other",00 Other area of fire origin,1 Intentional,UU Undetermined,,UU Undetermined,UU Undetermined,N None,1 Enclosed building,2 In normal use,1.0,,NO,,,,,1 Present,1 Smoke,2 Detector operated,"1 Detector alerted occupants, occupants responded",,N None Present,1 Wet - pipe sprinkler system,1 System operated and was effective,,1.0,2.0,Western Addition,"-122.423032, 37.785482",2023-09-30 22:10:04,2025-06-01 02:18:08
23131602,0,231316020,1761 3rd Street,2023-09-30,232733200,2023-09-30 22:11:22,2023-09-30 22:15:02,2023-09-30 22:35:30,San Francisco,94107,B03,4,2364,3,11,0,0,0,0,,500.0,500.0,0,0,0,0,1,621 Wrong location,N None,86 Investigate,86 Investigate,"00 Action taken, other",1 Detector alerted occupants,963 Street or road in commercial area,00 Other area of fire origin,1 Intentional,UU Undetermined,,UU Undetermined,UU Undetermined,N None,1 Enclosed building,2 In normal use,1.0,,NO,,,,,1 Present,1 Smoke,2 Detector operated,"1 Detector alerted occupants, occupants responded",,N None Present,1 Wet - pipe sprinkler system,1 System operated and was effective,,1.0,6.0,Mission Bay,"-122.389057, 37.767303",2023-09-30 22:35:30,2025-06-01 02:18:08
23131605,0,231316050,684 Ellis Street,2023-09-30,232733207,2023-09-30 22:15:15,2023-09-30 22:18:56,2023-09-30 22:38:09,San Francisco,94109,B02,3,1555,3,10,0,0,0,0,,500.0,500.0,0,0,0,0,1,735 Alarm system sounded due to malfunction,N None,86 Investigate,86 Investigate,"00 Action taken, other",1 Detector alerted occupants,429 Multifamily dwelling,00 Other area of fire origin,1 Intentional,UU Undetermined,,UU Undetermined,UU Undetermined,N None,1 Enclosed building,2 In normal use,1.0,,NO,,,,,1 Present,1 Smoke,2 Detector operated,"1 Detector alerted occupants, occupants responded",,N None Present,1 Wet - pipe sprinkler system,1 System operated and was effective,,1.0,5.0,Tenderloin,"-122.417507, 37.784395",2023-09-30 22:38:09,2025-06-01 02:18:08
23131607,0,231316070,1761 Turk Street,2023-09-30,232733212,2023-09-30 22:16:23,2023-09-30 22:19:51,2023-09-30 22:28:25,San Francisco,94115,B05,5,4152,3,10,0,0,0,0,,500.0,500.0,0,0,0,0,1,"745 Alarm system activation, no fire  -  unintentional",N None,86 Investigate,86 Investigate,"00 Action taken, other",1 Detector alerted occupants,322 Alcohol or substance abuse recovery center,00 Other area of fire origin,1 Intentional,UU Undetermined,,UU Undetermined,UU Undetermined,N None,1 Enclosed building,2 In normal use,1.0,,NO,,,,,1 Present,1 Smoke,2 Detector operated,"1 Detector alerted occupants, occupants responded",,N None Present,1 Wet - pipe sprinkler system,1 System operated and was effective,,1.0,5.0,Western Addition,"-122.438109, 37.779668",2023-09-30 22:28:25,2025-06-01 02:18:08
23131617,0,231316170,Quincy Street,2023-09-30,232733305,2023-09-30 23:02:51,2023-09-30 23:07:21,2023-09-30 23:09:50,San Francisco,94108,B01,13,1243,1,4,0,0,0,0,,500.0,500.0,0,0,0,0,1,"150 Outside rubbish fire, other",N None,86 Investigate,86 Investigate,"00 Action taken, other",1 Detector alerted occupants,"960 Street, other",00 Other area of fire origin,1 Intentional,UU Undetermined,,UU Undetermined,UU Undetermined,N None,1 Enclosed building,2 In normal use,1.0,,NO,,,,,1 Present,1 Smoke,2 Detector operated,"1 Detector alerted occupants, occupants responded",,N None Present,1 Wet - pipe sprinkler system,1 System operated and was effective,,1.0,3.0,Financial District/South Beach,"-122.405445, 37.791536",2023-09-30 23:09:50,2025-06-01 02:18:08
23131622,0,231316220,2367 Bay Street,2023-09-30,232733393,2023-09-30 23:35:20,2023-09-30 23:42:12,2023-10-01 00:21:38,San Francisco,94123,B04,51,4315,3,10,0,0,0,0,,500.0,500.0,0,0,0,0,1,412 Gas leak (natural gas or LPG),N None,86 Investigate,82 Notify other agencies.,"00 Action taken, other",1 Detector alerted occupants,429 Multifamily dwelling,00 Other area of fire origin,1 Intentional,UU Undetermined,,UU Undetermined,UU Undetermined,N None,1 Enclosed building,2 In normal use,1.0,,NO,,,,,1 Present,1 Smoke,2 Detector operated,"1 Detector alerted occupants, occupants responded",,N None Present,1 Wet - pipe sprinkler system,1 System operated and was effective,,1.0,2.0,Marina,"-122.445954, 37.80142",2023-10-01 00:21:38,2025-06-01 02:18:08
23131625,0,231316250,22 South Park Street,2023-09-30,232733431,2023-09-30 23:48:39,2023-09-30 23:54:56,2023-10-01 00:02:09,San Francisco,94107,B03,8,2153,1,5,0,0,0,0,,500.0,500.0,0,0,0,0,1,"500 Service Call, other",N None,"70 Assistance, other",86 Investigate,"00 Action taken, other",1 Detector alerted occupants,"000 Property Use, other",00 Other area of fire origin,1 Intentional,UU Undetermined,,UU Undetermined,UU Undetermined,N None,1 Enclosed building,2 In normal use,1.0,,NO,,,,,1 Present,1 Smoke,2 Detector operated,"1 Detector alerted occupants, occupants responded",,N None Present,1 Wet - pipe sprinkler system,1 System operated and was effective,,1.0,6.0,Financial District/South Beach,"-122.393173, 37.782295",2023-10-01 00:02:09,2025-06-01 02:18:08
23131632,0,231316320,2470 Washington Street,2023-10-01,232740043,2023-10-01 00:26:26,2023-10-01 00:29:40,2023-10-01 00:49:05,San Francisco,94115,B04,38,3545,3,10,0,0,0,0,,500.0,500.0,0,0,0,0,1,"714 Central station, malicious false alarm",N None,86 Investigate,86 Investigate,"00 Action taken, other",1 Detector alerted occupants,429 Multifamily dwelling,00 Other area of fire origin,1 Intentional,UU Undetermined,,UU Undetermined,UU Undetermined,N None,1 Enclosed building,2 In normal use,1.0,,NO,,,,,1 Present,1 Smoke,2 Detector operated,"1 Detector alerted occupants, occupants responded",,N None Present,1 Wet - pipe sprinkler system,1 System operated and was effective,,1.0,2.0,Pacific Heights,"-122.433892, 37.791724",2023-10-01 00:49:05,2025-06-01 02:18:08
23131646,0,231316460,30 Otis Street,2023-10-01,232740151,2023-10-01 01:19:24,2023-10-01 01:24:04,2023-10-01 01:34:05,San Francisco,94103,B02,36,5116,3,11,0,0,0,0,,500.0,500.0,0,0,0,0,1,735 Alarm system sounded due to malfunction,N None,86 Investigate,86 Investigate,"00 Action taken, other",1 Detector alerted occupants,429 Multifamily dwelling,00 Other area of fire origin,1 Intentional,UU Undetermined,,UU Undetermined,UU Undetermined,N None,1 Enclosed building,2 In normal use,1.0,,NO,,,,,1 Present,1 Smoke,2 Detector operated,"1 Detector alerted occupants, occupants responded",,N None Present,1 Wet - pipe sprinkler system,1 System operated and was effective,,1.0,6.0,Mission,"-122.419304, 37.772656",2023-10-01 01:34:05,2025-06-01 02:18:08
23131649,0,231316490,Leavenworth Street,2023-10-01,232740163,2023-10-01 01:23:56,2023-10-01 01:28:40,2023-10-01 01:29:54,San Francisco,94102,B04,3,1544,1,4,0,0,0,0,,500.0,500.0,0,0,0,0,1,"700 False alarm or false call, other",N None,86 Investigate,86 Investigate,"00 Action taken, other",1 Detector alerted occupants,"960 Street, other",00 Other area of fire origin,1 Intentional,UU Undetermined,,UU Undetermined,UU Undetermined,N None,1 Enclosed building,2 In normal use,1.0,,NO,,,,,1 Present,1 Smoke,2 Detector operated,"1 Detector alerted occupants, occupants responded",,N None Present,1 Wet - pipe sprinkler system,1 System operated and was effective,,1.0,5.0,Tenderloin,"-122.414619, 37.785583",2023-10-01 01:29:54,2025-06-01 02:18:08
23131651,0,231316510,30 Mason Street,2023-10-01,232740176,2023-10-01 01:29:23,2023-10-01 01:35:29,2023-10-01 02:01:14,San Francisco,94102,B03,1,1365,3,10,0,0,0,0,,500.0,500.0,0,0,0,0,1,"745 Alarm system activation, no fire  -  unintentional",N None,86 Investigate,86 Investigate,"00 Action taken, other",1 Detector alerted occupants,429 Multifamily dwelling,00 Other area of fire origin,1 Intentional,UU Undetermined,,UU Undetermined,UU Undetermined,N None,1 Enclosed building,2 In normal use,1.0,,NO,,,,,1 Present,1 Smoke,2 Detector operated,"1 Detector alerted occupants, occupants responded",,N None Present,1 Wet - pipe sprinkler system,1 System operated and was effective,,1.0,3.0,Tenderloin,"-122.40907, 37.783609",2023-10-01 02:01:14,2025-06-01 02:18:08
23131652,0,231316520,1607 Diamond Street,2023-10-01,232740179,2023-10-01 01:29:47,2023-10-01 01:34:51,2023-10-01 01:43:18,San Francisco,94131,B06,26,5557,3,10,0,0,0,0,,500.0,500.0,0,0,0,0,1,"746 Carbon monoxide detector activation, no CO",N None,86 Investigate,86 Investigate,"00 Action taken, other",1 Detector alerted occupants,419 1 or 2 family dwelling,00 Other area of fire origin,1 Intentional,UU Undetermined,,UU Undetermined,UU Undetermined,N None,1 Enclosed building,2 In normal use,1.0,,NO,,,,,1 Present,1 Smoke,2 Detector operated,"1 Detector alerted occupants, occupants responded",,N None Present,1 Wet - pipe sprinkler system,1 System operated and was effective,,1.0,8.0,Noe Valley,"-122.435583, 37.744659",2023-10-01 01:43:18,2025-06-01 02:18:08
23131653,0,231316530,Lombard Street,2023-10-01,232740232,2023-10-01 01:58:12,2023-10-01 02:02:25,2023-10-01 03:14:21,San Francisco,94123,B04,16,3461,1,4,1,2,0,0,,500.0,500.0,0,0,0,0,1,322 Motor vehicle accident with injuries,N None,32 Provide basic life support (BLS),86 Investigate,"00 Action taken, other",1 Detector alerted occupants,"960 Street, other",00 Other area of fire origin,1 Intentional,UU Undetermined,,UU Undetermined,UU Undetermined,N None,1 Enclosed building,2 In normal use,1.0,,NO,,,,,1 Present,1 Smoke,2 Detector operated,"1 Detector alerted occupants, occupants responded",,N None Present,1 Wet - pipe sprinkler system,1 System operated and was effective,,1.0,2.0,Marina,"-122.436049, 37.799841",2023-10-01 03:14:21,2025-06-01 02:18:08
23131657,0,231316570,24th Street,2023-10-01,232740249,2023-10-01 02:09:57,2023-10-01 02:13:30,2023-10-01 03:45:16,San Francisco,94110,B10,9,2562,1,4,2,4,0,0,,5000.0,1000.0,0,0,0,0,1,131 Passenger vehicle fire,N None,11 Extinguishment by fire service personnel,86 Investigate,"00 Action taken, other",1 Detector alerted occupants,NNN None,"80 Vehicle area, other",2 Unintentional,"30 Electrical failure, malfunction, other",,000 Rechargeable Batteries,UU Undetermined,N None,1 Enclosed building,2 In normal use,1.0,,NO,,,,,1 Present,1 Smoke,2 Detector operated,"1 Detector alerted occupants, occupants responded",,N None Present,1 Wet - pipe sprinkler system,1 System operated and was effective,,1.0,9.0,Mission,"-122.406338, 37.753004",2023-10-01 03:45:16,2025-06-01 02:18:08
23131661,0,231316610,216 Eddy Street,2023-10-01,232740279,2023-10-01 02:24:40,2023-10-01 02:31:00,2023-10-01 03:20:44,San Francisco,94102,B03,3,1453,1,5,0,0,0,0,,500.0,500.0,0,0,0,0,1,353 Removal of victim(s) from stalled elevator,N None,75 Provide equipment,86 Investigate,"00 Action taken, other",1 Detector alerted occupants,"439 Boarding/rooming house, residential hotels",00 Other area of fire origin,1 Intentional,UU Undetermined,,UU Undetermined,UU Undetermined,N None,1 Enclosed building,2 In normal use,1.0,,NO,,,,,1 Present,1 Smoke,2 Detector operated,"1 Detector alerted occupants, occupants responded",,N None Present,1 Wet - pipe sprinkler system,1 System operated and was effective,,1.0,5.0,Tenderloin,"-122.411244, 37.784271",2023-10-01 03:20:44,2025-06-01 02:18:08
23131665,0,231316650,55 5th Street,2023-10-01,232740307,2023-10-01 02:39:11,2023-10-01 02:44:42,2023-10-01 02:56:28,San Francisco,94103,B01,1,2247,3,10,0,0,0,0,,500.0,500.0,0,0,0,0,1,"745 Alarm system activation, no fire  -  unintentional",N None,86 Investigate,86 Investigate,"00 Action taken, other",1 Detector alerted occupants,429 Multifamily dwelling,00 Other area of fire origin,1 Intentional,UU Undetermined,,UU Undetermined,UU Undetermined,N None,1 Enclosed building,2 In normal use,1.0,,NO,,,,,1 Present,1 Smoke,2 Detector operated,"1 Detector alerted occupants, occupants responded",,N None Present,1 Wet - pipe sprinkler system,1 System operated and was effective,,1.0,6.0,South of Market,"-122.407042, 37.783274",2023-10-01 02:56:28,2025-06-01 02:18:08
23131667,0,231316670,376 Ellis Street,2023-10-01,232740324,2023-10-01 02:49:02,2023-10-01 02:53:28,2023-10-01 02:59:35,San Francisco,94102,B03,3,1461,3,11,0,0,0,0,,500.0,500.0,0,0,0,0,1,"113 Cooking fire, confined to container",N None,86 Investigate,86 Investigate,"00 Action taken, other",1 Detector alerted occupants,"439 Boarding/rooming house, residential hotels",00 Other area of fire origin,1 Intentional,UU Undetermined,,UU Undetermined,UU Undetermined,N None,1 Enclosed building,2 In normal use,1.0,,NO,,,,,1 Present,1 Smoke,2 Detector operated,"1 Detector alerted occupants, occupants responded",,N None Present,1 Wet - pipe sprinkler system,1 System operated and was effective,,1.0,5.0,Tenderloin,"-122.412382, 37.784986",2023-10-01 02:59:35,2025-06-01 02:18:08
23131673,0,231316730,2340 Mason Street,2023-10-01,232740341,2023-10-01 03:12:10,2023-10-01 03:17:01,2023-10-01 04:10:39,San Francisco,94133,B01,28,1425,1,4,0,0,0,0,,500.0,500.0,0,0,0,0,1,"600 Good intent call, other",N None,86 Investigate,86 Investigate,"00 Action taken, other",1 Detector alerted occupants,NNN None,00 Other area of fire origin,1 Intentional,UU Undetermined,,UU Undetermined,UU Undetermined,N None,1 Enclosed building,2 In normal use,1.0,,NO,,,,,1 Present,1 Smoke,2 Detector operated,"1 Detector alerted occupants, occupants responded",,N None Present,1 Wet - pipe sprinkler system,1 System operated and was effective,,1.0,3.0,North Beach,"-122.413412, 37.805038",2023-10-01 04:10:39,2025-06-01 02:18:08
23131677,0,231316770,205 Jones Street,2023-10-01,232740378,2023-10-01 03:46:07,2023-10-01 03:50:42,2023-10-01 03:56:42,San Francisco,94102,B03,3,1456,3,11,0,0,0,0,,500.0,500.0,0,0,0,0,1,"745 Alarm system activation, no fire  -  unintentional",N None,86 Investigate,86 Investigate,"00 Action taken, other",1 Detector alerted occupants,"439 Boarding/rooming house, residential hotels",00 Other area of fire origin,1 Intentional,UU Undetermined,,UU Undetermined,UU Undetermined,N None,1 Enclosed building,2 In normal use,1.0,,NO,,,,,1 Present,1 Smoke,2 Detector operated,"1 Detector alerted occupants, occupants responded",,N None Present,1 Wet - pipe sprinkler system,1 System operated and was effective,,1.0,5.0,Tenderloin,"-122.41252, 37.783093",2023-10-01 03:56:42,2025-06-01 02:18:08
23131679,0,231316790,500 Leavenworth Street,2023-10-01,232740380,2023-10-01 03:46:55,2023-10-01 03:53:25,2023-10-01 04:01:31,San Francisco,94102,B04,3,1544,1,4,0,0,0,0,,500.0,500.0,0,0,0,0,1,"500 Service Call, other",N None,73 Provide manpower,86 Investigate,"00 Action taken, other",1 Detector alerted occupants,429 Multifamily dwelling,00 Other area of fire origin,1 Intentional,UU Undetermined,,UU Undetermined,UU Undetermined,N None,1 Enclosed building,2 In normal use,1.0,,NO,,,,,1 Present,1 Smoke,2 Detector operated,"1 Detector alerted occupants, occupants responded",,N None Present,1 Wet - pipe sprinkler system,1 System operated and was effective,,1.0,5.0,Tenderloin,"-122.414548, 37.785662",2023-10-01 04:01:31,2025-06-01 02:18:08
23131686,0,231316860,50 Frida Kahlo Way,2023-10-01,232740430,2023-10-01 04:36:27,2023-10-01 04:40:19,2023-10-01 05:16:20,San Francisco,94112,B09,15,8225,3,11,0,0,0,0,,500.0,500.0,0,0,0,0,1,735 Alarm system sounded due to malfunction,N None,86 Investigate,86 Investigate,"00 Action taken, other",1 Detector alerted occupants,"241 Adult education center, college classroom",00 Other area of fire origin,1 Intentional,UU Undetermined,,UU Undetermined,UU Undetermined,N None,1 Enclosed building,2 In normal use,1.0,,NO,,,,,1 Present,1 Smoke,2 Detector operated,"1 Detector alerted occupants, occupants responded",,N None Present,1 Wet - pipe sprinkler system,1 System operated and was effective,,1.0,7.0,West of Twin Peaks,"-122.449868, 37.725741",2023-10-01 05:16:20,2025-06-01 02:18:08
23131688,0,231316880,224 South Van Ness Avenue,2023-10-01,232740436,2023-10-01 04:46:56,2023-10-01 04:51:24,2023-10-01 05:02:14,San Francisco,94130,B02,36,5123,3,11,0,0,0,0,,500.0,500.0,0,0,0,0,1,"151 Outside rubbish, trash or waste fire",N None,11 Extinguishment by fire service personnel,86 Investigate,"00 Action taken, other",1 Detector alerted occupants,963 Street or road in commercial area,00 Other area of fire origin,1 Intentional,UU Undetermined,,UU Undetermined,UU Undetermined,N None,1 Enclosed building,2 In normal use,1.0,,NO,,,,,1 Present,1 Smoke,2 Detector operated,"1 Detector alerted occupants, occupants responded",,N None Present,1 Wet - pipe sprinkler system,1 System operated and was effective,,1.0,9.0,Mission,"-122.418007, 37.769407",2023-10-01 05:02:14,2025-06-01 02:18:08
23131696,0,231316960,Leavenworth Street,2023-10-01,232740510,2023-10-01 06:20:11,2023-10-01 06:25:59,2023-10-01 06:26:52,San Francisco,94102,B04,3,1544,1,4,0,0,0,0,,500.0,500.0,0,0,0,0,1,"700 False alarm or false call, other",N None,86 Investigate,86 Investigate,"00 Action taken, other",1 Detector alerted occupants,"960 Street, other",00 Other area of fire origin,1 Intentional,UU Undetermined,,UU Undetermined,UU Undetermined,N None,1 Enclosed building,2 In normal use,1.0,,NO,,,,,1 Present,1 Smoke,2 Detector operated,"1 Detector alerted occupants, occupants responded",,N None Present,1 Wet - pipe sprinkler system,1 System operated and was effective,,1.0,5.0,Tenderloin,"-122.414619, 37.785583",2023-10-01 06:26:52,2025-06-01 02:18:08
23131705,0,231317050,220 Golden Gate Avenue,2023-10-01,232740539,2023-10-01 06:43:37,2023-10-01 06:50:00,2023-10-01 08:42:55,San Francisco,94102,B02,3,1546,1,5,1,2,0,0,,500.0,500.0,0,0,0,0,1,554 Assist invalid,N None,31 Provide first aid & check for injuries,86 Investigate,"00 Action taken, other",1 Detector alerted occupants,"439 Boarding/rooming house, residential hotels",00 Other area of fire origin,1 Intentional,UU Undetermined,,UU Undetermined,UU Undetermined,N None,1 Enclosed building,2 In normal use,1.0,,NO,,,,,1 Present,1 Smoke,2 Detector operated,"1 Detector alerted occupants, occupants responded",,N None Present,1 Wet - pipe sprinkler system,1 System operated and was effective,,1.0,5.0,Tenderloin,"-122.41416, 37.781992",2023-10-01 08:42:55,2025-06-01 02:18:08
23131706,0,231317060,1484 Church Street,2023-10-01,232740545,2023-10-01 06:49:40,2023-10-01 06:55:03,2023-10-01 07:02:33,San Francisco,94131,B06,11,5547,1,5,0,0,0,0,,500.0,500.0,0,0,0,0,1,552 Police matter,N None,75 Provide equipment,86 Investigate,"00 Action taken, other",1 Detector alerted occupants,"557 Personal service, including barber & beauty shops",00 Other area of fire origin,1 Intentional,UU Undetermined,,UU Undetermined,UU Undetermined,N None,1 Enclosed building,2 In normal use,1.0,,NO,,,,,1 Present,1 Smoke,2 Detector operated,"1 Detector alerted occupants, occupants responded",,N None Present,1 Wet - pipe sprinkler system,1 System operated and was effective,,1.0,8.0,Noe Valley,"-122.427081, 37.747153",2023-10-01 07:02:33,2025-06-01 02:18:08
23131707,0,231317070,129 Hyde Street,2023-10-01,232740547,2023-10-01 06:50:28,2023-10-01 06:55:29,2023-10-01 06:57:24,San Francisco,94102,B02,3,1554,1,4,1,2,0,0,,500.0,500.0,0,0,0,0,1,323 Motor vehicle/pedestrian accident (MV Ped),N None,86 Investigate,86 Investigate,"00 Action taken, other",1 Detector alerted occupants,"960 Street, other",00 Other area of fire origin,1 Intentional,UU Undetermined,,UU Undetermined,UU Undetermined,N None,1 Enclosed building,2 In normal use,1.0,,NO,,,,,1 Present,1 Smoke,2 Detector operated,"1 Detector alerted occupants, occupants responded",,N None Present,1 Wet - pipe sprinkler system,1 System operated and was effective,,1.0,5.0,Tenderloin,"-122.415777, 37.782046",2023-10-01 06:57:24,2025-06-01 02:18:08
23131708,0,231317080,301 Van Ness Avenue,2023-10-01,232740554,2023-10-01 06:57:33,2023-10-01 06:59:46,2023-10-01 07:08:46,San Francisco,94102,B02,36,3165,4,15,0,0,0,0,,500.0,500.0,0,0,0,0,1,"745 Alarm system activation, no fire  -  unintentional",N None,86 Investigate,86 Investigate,"00 Action taken, other",1 Detector alerted occupants,429 Multifamily dwelling,00 Other area of fire origin,1 Intentional,UU Undetermined,,UU Undetermined,UU Undetermined,N None,1 Enclosed building,2 In normal use,1.0,,NO,,,,,1 Present,1 Smoke,2 Detector operated,"1 Detector alerted occupants, occupants responded",,N None Present,1 Wet - pipe sprinkler system,1 System operated and was effective,,1.0,5.0,Hayes Valley,"-122.419984, 37.778308",2023-10-01 07:08:46,2025-06-01 02:18:08
23131722,0,231317220,175 Red Rock Way,2023-10-01,232740637,2023-10-01 07:46:01,2023-10-01 07:52:06,2023-10-01 08:01:10,San Francisco,94131,B06,26,8167,3,10,0,0,0,0,,500.0,500.0,0,0,0,0,1,735 Alarm system sounded due to malfunction,N None,63 Restore fire alarm system,86 Investigate,"00 Action taken, other",1 Detector alerted occupants,429 Multifamily dwelling,00 Other area of fire origin,1 Intentional,UU Undetermined,,UU Undetermined,UU Undetermined,N None,1 Enclosed building,2 In normal use,1.0,,NO,,,,,1 Present,1 Smoke,2 Detector operated,"1 Detector alerted occupants, occupants responded",,N None Present,1 Wet - pipe sprinkler system,1 System operated and was effective,,1.0,8.0,Noe Valley,"-122.442241, 37.74581",2023-10-01 08:01:10,2025-06-01 02:18:08
23131728,0,231317280,960 Market Street,2023-10-01,232740683,2023-10-01 08:10:02,2023-10-01 08:12:27,2023-10-01 09:26:13,San Francisco,94102,B03,1,1365,3,11,2,3,0,0,,500.0,500.0,0,0,0,0,1,"311 Medical assist, assist EMS crew",N None,86 Investigate,86 Investigate,"00 Action taken, other",1 Detector alerted occupants,963 Street or road in commercial area,00 Other area of fire origin,1 Intentional,UU Undetermined,,UU Undetermined,UU Undetermined,N None,1 Enclosed building,2 In normal use,1.0,,NO,,,,,1 Present,1 Smoke,2 Detector operated,"1 Detector alerted occupants, occupants responded",,N None Present,1 Wet - pipe sprinkler system,1 System operated and was effective,,1.0,5.0,Tenderloin,"-122.409329, 37.783088",2023-10-01 09:26:13,2025-06-01 02:18:08
23131745,0,231317450,364 Eddy Street,2023-10-01,232740803,2023-10-01 09:04:55,2023-10-01 09:10:02,2023-10-01 09:18:42,San Francisco,94109,B02,3,1545,3,11,0,0,0,0,,500.0,500.0,0,0,0,0,1,"700 False alarm or false call, other",N None,86 Investigate,86 Investigate,"00 Action taken, other",1 Detector alerted occupants,"439 Boarding/rooming house, residential hotels",00 Other area of fire origin,1 Intentional,UU Undetermined,,UU Undetermined,UU Undetermined,N None,1 Enclosed building,2 In normal use,1.0,,NO,,,,,1 Present,1 Smoke,2 Detector operated,"1 Detector alerted occupants, occupants responded",,N None Present,1 Wet - pipe sprinkler system,1 System operated and was effective,,1.0,5.0,Tenderloin,"-122.413644, 37.784092",2023-10-01 09:18:42,2025-06-01 02:18:08
23131747,0,231317470,870 Market Street,2023-10-01,232740807,2023-10-01 09:05:59,2023-10-01 09:11:34,2023-10-01 09:22:01,San Francisco,94103,B03,13,1322,1,4,0,0,0,0,,500.0,500.0,0,0,0,0,1,553 Public service,N None,47 Decontaminate occupancy or area,86 Investigate,"00 Action taken, other",1 Detector alerted occupants,UUU Undetermined,00 Other area of fire origin,1 Intentional,UU Undetermined,,UU Undetermined,UU Undetermined,N None,1 Enclosed building,2 In normal use,1.0,,NO,,,,,1 Present,1 Smoke,2 Detector operated,"1 Detector alerted occupants, occupants responded",,N None Present,1 Wet - pipe sprinkler system,1 System operated and was effective,,1.0,3.0,Financial District/South Beach,"-122.407423, 37.785111",2023-10-01 09:22:01,2025-06-01 02:18:08
23131748,0,231317480,14th Street,2023-10-01,232740810,2023-10-01 09:07:19,2023-10-01 09:07:32,2023-10-01 10:09:35,San Francisco,94114,B02,6,5213,1,5,0,0,0,0,,500.0,500.0,0,0,0,0,1,552 Police matter,N None,65 Secure property,86 Investigate,"00 Action taken, other",1 Detector alerted occupants,"500 Mercantile, business, other",00 Other area of fire origin,1 Intentional,UU Undetermined,,UU Undetermined,UU Undetermined,N None,1 Enclosed building,2 In normal use,1.0,,NO,,,,,1 Present,1 Smoke,2 Detector operated,"1 Detector alerted occupants, occupants responded",,N None Present,1 Wet - pipe sprinkler system,1 System operated and was effective,,1.0,8.0,Castro/Upper Market,"-122.431192, 37.767595",2023-10-01 10:09:35,2025-06-01 02:18:08
23131757,0,231317570,1000 Market Street,2023-10-01,232740894,2023-10-01 09:28:55,2023-10-01 09:32:34,2023-10-01 09:39:56,San Francisco,94102,B03,1,1454,3,11,0,0,0,0,,500.0,500.0,0,0,0,0,1,735 Alarm system sounded due to malfunction,N None,86 Investigate,86 Investigate,"00 Action taken, other",1 Detector alerted occupants,"150 Public or government, other",00 Other area of fire origin,1 Intentional,UU Undetermined,,UU Undetermined,UU Undetermined,N None,1 Enclosed building,2 In normal use,1.0,,NO,,,,,1 Present,1 Smoke,2 Detector operated,"1 Detector alerted occupants, occupants responded",,N None Present,1 Wet - pipe sprinkler system,1 System operated and was effective,,1.0,5.0,Tenderloin,"-122.410989, 37.782044",2023-10-01 09:39:56,2025-06-01 02:18:08
23131764,0,231317640,4 Valencia Street,2023-10-01,232740964,2023-10-01 09:47:44,2023-10-01 09:55:37,2023-10-01 10:04:11,San Francisco,94103,B02,36,5115,1,5,0,0,0,0,,500.0,500.0,0,0,0,0,1,"520 Water problem, other",N None,86 Investigate,86 Investigate,"00 Action taken, other",1 Detector alerted occupants,"000 Property Use, other",00 Other area of fire origin,1 Intentional,UU Undetermined,,UU Undetermined,UU Undetermined,N None,1 Enclosed building,2 In normal use,1.0,,NO,,,,,1 Present,1 Smoke,2 Detector operated,"1 Detector alerted occupants, occupants responded",,N None Present,1 Wet - pipe sprinkler system,1 System operated and was effective,,1.0,6.0,Mission,"-122.422677, 37.772112",2023-10-01 10:04:11,2025-06-01 02:18:08
23131774,0,231317740,Sunset Bl,2023-10-01,232741052,2023-10-01 10:19:16,2023-10-01 10:21:54,2023-10-01 12:09:09,San Francisco,94122,B08,23,7564,1,4,1,2,0,0,,500.0,500.0,0,0,0,0,1,322 Motor vehicle accident with injuries,N None,31 Provide first aid & check for injuries,86 Investigate,"00 Action taken, other",1 Detector alerted occupants,"960 Street, other",00 Other area of fire origin,1 Intentional,UU Undetermined,,UU Undetermined,UU Undetermined,N None,1 Enclosed building,2 In normal use,1.0,,NO,,,,,1 Present,1 Smoke,2 Detector operated,"1 Detector alerted occupants, occupants responded",,N None Present,1 Wet - pipe sprinkler system,1 System operated and was effective,,1.0,4.0,Sunset/Parkside,"-122.49575, 37.760872",2023-10-01 12:09:09,2025-06-01 02:18:08
23131776,0,231317760,1499 California Street,2023-10-01,232741097,2023-10-01 10:37:05,2023-10-01 10:39:48,2023-10-01 10:43:36,San Francisco,94109,B04,41,1635,3,10,0,0,0,0,,500.0,500.0,0,0,0,0,1,"744 Detector activation, no fire  -  unintentional",N None,86 Investigate,86 Investigate,"00 Action taken, other",1 Detector alerted occupants,429 Multifamily dwelling,00 Other area of fire origin,1 Intentional,UU Undetermined,,UU Undetermined,UU Undetermined,N None,1 Enclosed building,2 In normal use,1.0,,NO,,,,,1 Present,1 Smoke,2 Detector operated,"1 Detector alerted occupants, occupants responded",,N None Present,1 Wet - pipe sprinkler system,1 System operated and was effective,,1.0,3.0,Nob Hill,"-122.418942, 37.79073",2023-10-01 10:43:36,2025-06-01 02:18:08
23131783,0,231317830,376 Ellis Street,2023-10-01,232741141,2023-10-01 10:52:34,2023-10-01 10:58:46,2023-10-01 11:06:30,San Francisco,94102,B03,3,1461,3,11,0,0,0,0,,500.0,500.0,0,0,0,0,1,"700 False alarm or false call, other",N None,86 Investigate,86 Investigate,"00 Action taken, other",1 Detector alerted occupants,"439 Boarding/rooming house, residential hotels",00 Other area of fire origin,1 Intentional,UU Undetermined,,UU Undetermined,UU Undetermined,N None,1 Enclosed building,2 In normal use,1.0,,NO,,,,,1 Present,1 Smoke,2 Detector operated,"1 Detector alerted occupants, occupants responded",,N None Present,1 Wet - pipe sprinkler system,1 System operated and was effective,,1.0,5.0,Tenderloin,"-122.412382, 37.784986",2023-10-01 11:06:30,2025-06-01 02:18:08
23131795,0,231317950,Turk Street,2023-10-01,232741220,2023-10-01 11:20:02,2023-10-01 11:25:16,2023-10-01 11:25:33,San Francisco,94102,B02,3,1554,3,11,2,3,0,0,,500.0,500.0,0,0,0,0,1,622 No incident found on arrival at dispatch address,N None,86 Investigate,86 Investigate,"00 Action taken, other",1 Detector alerted occupants,963 Street or road in commercial area,00 Other area of fire origin,1 Intentional,UU Undetermined,,UU Undetermined,UU Undetermined,N None,1 Enclosed building,2 In normal use,1.0,,NO,,,,,1 Present,1 Smoke,2 Detector operated,"1 Detector alerted occupants, occupants responded",,N None Present,1 Wet - pipe sprinkler system,1 System operated and was effective,,1.0,5.0,Tenderloin,"-122.415695, 37.782585",2023-10-01 11:25:33,2025-06-01 02:18:08
23131801,0,231318010,1051 Post Street,2023-10-01,232741320,2023-10-01 11:54:30,2023-10-01 11:56:59,2023-10-01 12:05:12,San Francisco,94109,B04,3,1641,4,14,0,0,0,0,,500.0,500.0,0,0,0,0,1,"745 Alarm system activation, no fire  -  unintentional",N None,86 Investigate,86 Investigate,"00 Action taken, other",1 Detector alerted occupants,429 Multifamily dwelling,00 Other area of fire origin,1 Intentional,UU Undetermined,,UU Undetermined,UU Undetermined,N None,1 Enclosed building,2 In normal use,1.0,,NO,,,,,1 Present,1 Smoke,2 Detector operated,"1 Detector alerted occupants, occupants responded",,N None Present,1 Wet - pipe sprinkler system,1 System operated and was effective,,1.0,3.0,Tenderloin,"-122.419104, 37.786862",2023-10-01 12:05:12,2025-06-01 02:18:08
23131803,0,231318030,Balboa Street,2023-10-01,232741326,2023-10-01 11:56:10,2023-10-01 12:01:29,2023-10-01 12:08:42,San Francisco,94118,B07,31,7112,1,4,0,0,0,0,,500.0,500.0,0,0,0,0,1,"118 Trash or rubbish fire, contained",N None,86 Investigate,86 Investigate,"00 Action taken, other",U Unknown,"962 Residential street, road or residential driveway",00 Other area of fire origin,1 Intentional,UU Undetermined,,UU Undetermined,UU Undetermined,N None,1 Enclosed building,2 In normal use,1.0,,NO,,,,,1 Present,1 Smoke,2 Detector operated,"1 Detector alerted occupants, occupants responded",,N None Present,1 Wet - pipe sprinkler system,1 System operated and was effective,,1.0,1.0,Lone Mountain/USF,"-122.458598, 37.777479",2023-10-01 12:08:42,2025-06-01 02:18:08
23131805,0,231318050,22 4th Street,2023-10-01,232741351,2023-10-01 12:06:01,2023-10-01 12:09:10,2023-10-01 12:15:27,San Francisco,94103,B03,1,2212,3,10,0,0,0,0,,500.0,500.0,0,0,0,0,1,"712 Direct tie to FD, malicious false alarm",N None,86 Investigate,86 Investigate,"00 Action taken, other",1 Detector alerted occupants,"449 Hotel/motel, commercial",00 Other area of fire origin,1 Intentional,UU Undetermined,,UU Undetermined,UU Undetermined,N None,1 Enclosed building,2 In normal use,1.0,,NO,,,,,1 Present,1 Smoke,2 Detector operated,"1 Detector alerted occupants, occupants responded",,N None Present,1 Wet - pipe sprinkler system,1 System operated and was effective,,1.0,6.0,South of Market,"-122.405538, 37.785409",2023-10-01 12:15:27,2025-06-01 02:18:08
23131809,0,231318090,364 Eddy Street,2023-10-01,232741414,2023-10-01 12:23:19,2023-10-01 12:24:33,2023-10-01 12:47:30,San Francisco,94109,B02,3,1545,4,15,0,0,0,0,,500.0,500.0,0,0,0,0,1,"700 False alarm or false call, other",N None,86 Investigate,86 Investigate,"00 Action taken, other",1 Detector alerted occupants,"439 Boarding/rooming house, residential hotels",00 Other area of fire origin,1 Intentional,UU Undetermined,,UU Undetermined,UU Undetermined,N None,1 Enclosed building,2 In normal use,1.0,,NO,,,,,1 Present,1 Smoke,2 Detector operated,"1 Detector alerted occupants, occupants responded",,N None Present,1 Wet - pipe sprinkler system,1 System operated and was effective,,1.0,5.0,Tenderloin,"-122.413644, 37.784092",2023-10-01 12:47:30,2025-06-01 02:18:08
23131814,0,231318140,220 Geary Street,2023-10-01,232741453,2023-10-01 12:36:14,2023-10-01 12:41:08,2023-10-01 12:45:38,San Francisco,94102,B01,2,1323,3,11,0,0,0,0,,500.0,500.0,0,0,0,0,1,735 Alarm system sounded due to malfunction,N None,86 Investigate,86 Investigate,"00 Action taken, other",1 Detector alerted occupants,599 Business office,00 Other area of fire origin,1 Intentional,UU Undetermined,,UU Undetermined,UU Undetermined,N None,1 Enclosed building,2 In normal use,1.0,,NO,,,,,1 Present,1 Smoke,2 Detector operated,"1 Detector alerted occupants, occupants responded",,N None Present,1 Wet - pipe sprinkler system,1 System operated and was effective,,1.0,3.0,Financial District/South Beach,"-122.406827, 37.787622",2023-10-01 12:45:38,2025-06-01 02:18:08
23131820,0,231318200,756 36th Avenue,2023-10-01,232741502,2023-10-01 12:47:07,2023-10-01 12:47:40,2023-10-01 15:19:46,San Francisco,94121,B07,34,7254,10,36,2,3,2,3,,100000.0,1000.0,0,0,0,0,1,111 Building fire,N None,11 Extinguishment by fire service personnel,86 Investigate,"00 Action taken, other",1 Detector alerted occupants,419 1 or 2 family dwelling,76 Wall surface: exterior,2 Unintentional,11 Abandoned or discarded materials or products,,"72 Spontaneous combustion, chemical reaction",UU Undetermined,N None,1 Enclosed building,5 Vacant and secured,1.0,,NO,,,,,1 Present,1 Smoke,2 Detector operated,"1 Detector alerted occupants, occupants responded",,N None Present,1 Wet - pipe sprinkler system,1 System operated and was effective,,1.0,1.0,Outer Richmond,"-122.496091, 37.774709",2023-10-01 15:19:46,2025-06-01 02:18:08
23131821,0,231318210,530 Stockton Street,2023-10-01,232741506,2023-10-01 12:47:45,2023-10-01 12:53:31,2023-10-01 13:15:41,San Francisco,94108,B01,2,1325,1,5,0,0,0,0,,500.0,500.0,0,0,0,0,1,353 Removal of victim(s) from stalled elevator,N None,52 Forcible entry,86 Investigate,"00 Action taken, other",1 Detector alerted occupants,429 Multifamily dwelling,00 Other area of fire origin,1 Intentional,UU Undetermined,,UU Undetermined,UU Undetermined,N None,1 Enclosed building,2 In normal use,1.0,,NO,,,,,1 Present,1 Smoke,2 Detector operated,"1 Detector alerted occupants, occupants responded",,N None Present,1 Wet - pipe sprinkler system,1 System operated and was effective,,1.0,3.0,Financial District/South Beach,"-122.407169, 37.790877",2023-10-01 13:15:41,2025-06-01 02:18:08
23131826,0,231318260,1050 Van Ness Avenue,2023-10-01,232741529,2023-10-01 12:53:27,2023-10-01 12:57:16,2023-10-01 13:10:22,San Francisco,94109,B04,3,3162,1,5,0,0,0,0,,500.0,500.0,0,0,0,0,1,353 Removal of victim(s) from stalled elevator,N None,"23 Extricate, disentangle",86 Investigate,"00 Action taken, other",1 Detector alerted occupants,429 Multifamily dwelling,00 Other area of fire origin,1 Intentional,UU Undetermined,,UU Undetermined,UU Undetermined,N None,1 Enclosed building,2 In normal use,1.0,,NO,,,,,1 Present,1 Smoke,2 Detector operated,"1 Detector alerted occupants, occupants responded",,N None Present,1 Wet - pipe sprinkler system,1 System operated and was effective,,1.0,5.0,Tenderloin,"-122.421236, 37.785367",2023-10-01 13:10:22,2025-06-01 02:18:08
23131835,0,231318350,Riverton Drive,2023-10-01,232741638,2023-10-01 13:26:41,2023-10-01 13:31:36,2023-10-01 13:34:25,San Francisco,94132,B08,19,8742,1,4,0,0,0,0,,500.0,500.0,0,0,0,0,1,522 Water or steam leak,N None,86 Investigate,86 Investigate,"00 Action taken, other",1 Detector alerted occupants,"962 Residential street, road or residential driveway",00 Other area of fire origin,1 Intentional,UU Undetermined,,UU Undetermined,UU Undetermined,N None,1 Enclosed building,2 In normal use,1.0,,NO,,,,,1 Present,1 Smoke,2 Detector operated,"1 Detector alerted occupants, occupants responded",,N None Present,1 Wet - pipe sprinkler system,1 System operated and was effective,,1.0,4.0,Sunset/Parkside,"-122.48715, 37.732198",2023-10-01 13:34:25,2025-06-01 02:18:08
23131836,0,231318360,Bayshore Bl,2023-10-01,232741653,2023-10-01 13:31:27,2023-10-01 13:36:20,2023-10-01 13:43:14,San Francisco,94124,B10,9,6375,1,4,0,0,0,0,,500.0,500.0,0,0,0,0,1,"320 Emergency medical service incident, other",N None,"30 Emergency medical services, other",86 Investigate,"00 Action taken, other",1 Detector alerted occupants,961 Highway or divided highway,00 Other area of fire origin,1 Intentional,UU Undetermined,,UU Undetermined,UU Undetermined,N None,1 Enclosed building,2 In normal use,1.0,,NO,,,,,1 Present,1 Smoke,2 Detector operated,"1 Detector alerted occupants, occupants responded",,N None Present,1 Wet - pipe sprinkler system,1 System operated and was effective,,1.0,9.0,Bernal Heights,"-122.403564, 37.747761",2023-10-01 13:43:14,2025-06-01 02:18:08
23131844,0,231318440,400 28th Avenue,2023-10-01,232741719,2023-10-01 13:51:58,2023-10-01 14:00:22,2023-10-01 15:29:10,San Francisco,94121,B07,14,7221,3,13,1,2,0,0,,500.0,500.0,0,0,0,0,1,"550 Public service assistance, other",N None,32 Provide basic life support (BLS),86 Investigate,"00 Action taken, other",1 Detector alerted occupants,429 Multifamily dwelling,00 Other area of fire origin,1 Intentional,UU Undetermined,,UU Undetermined,UU Undetermined,N None,1 Enclosed building,2 In normal use,1.0,,NO,,,,,1 Present,1 Smoke,2 Detector operated,"1 Detector alerted occupants, occupants responded",,N None Present,1 Wet - pipe sprinkler system,1 System operated and was effective,,1.0,1.0,Outer Richmond,"-122.487994, 37.781808",2023-10-01 15:29:10,2025-06-01 02:18:08
23131856,0,231318560,1268 Buchanan Street,2023-10-01,232741841,2023-10-01 14:31:36,2023-10-01 14:36:39,2023-10-01 14:41:44,San Francisco,94115,B02,5,3426,3,10,0,0,0,0,,500.0,500.0,0,0,0,0,1,"745 Alarm system activation, no fire  -  unintentional",N None,86 Investigate,86 Investigate,"00 Action taken, other",1 Detector alerted occupants,429 Multifamily dwelling,00 Other area of fire origin,1 Intentional,UU Undetermined,,UU Undetermined,UU Undetermined,N None,1 Enclosed building,2 In normal use,1.0,,NO,,,,,1 Present,1 Smoke,2 Detector operated,"1 Detector alerted occupants, occupants responded",,N None Present,1 Wet - pipe sprinkler system,1 System operated and was effective,,1.0,5.0,Western Addition,"-122.428903, 37.781589",2023-10-01 14:41:44,2025-06-01 02:18:08
23131863,0,231318630,5210 Diamond Heights Bl,2023-10-01,232741900,2023-10-01 14:48:31,2023-10-01 14:52:47,2023-10-01 14:56:10,San Francisco,94131,B06,26,8163,3,10,0,0,0,0,,500.0,500.0,0,0,0,0,1,735 Alarm system sounded due to malfunction,N None,63 Restore fire alarm system,86 Investigate,"00 Action taken, other",1 Detector alerted occupants,211 Preschool,00 Other area of fire origin,1 Intentional,UU Undetermined,,UU Undetermined,UU Undetermined,N None,1 Enclosed building,2 In normal use,1.0,,NO,,,,,1 Present,1 Smoke,2 Detector operated,"1 Detector alerted occupants, occupants responded",,N None Present,1 Wet - pipe sprinkler system,1 System operated and was effective,,1.0,8.0,Glen Park,"-122.439912, 37.744916",2023-10-01 14:56:10,2025-06-01 02:18:08
23131864,0,231318640,888 Howard Street,2023-10-01,232741901,2023-10-01 14:48:46,2023-10-01 14:53:03,2023-10-01 14:58:15,San Francisco,94103,B03,1,2245,3,10,0,0,0,0,,500.0,500.0,0,0,0,0,1,735 Alarm system sounded due to malfunction,N None,86 Investigate,86 Investigate,"00 Action taken, other",1 Detector alerted occupants,"449 Hotel/motel, commercial",00 Other area of fire origin,1 Intentional,UU Undetermined,,UU Undetermined,UU Undetermined,N None,1 Enclosed building,2 In normal use,1.0,,NO,,,,,1 Present,1 Smoke,2 Detector operated,"1 Detector alerted occupants, occupants responded",,N None Present,1 Wet - pipe sprinkler system,1 System operated and was effective,,1.0,6.0,South of Market,"-122.404764, 37.782079",2023-10-01 14:58:15,2025-06-01 02:18:08
23131865,0,231318650,3 Bayside Village Place,2023-10-01,232741904,2023-10-01 14:50:02,2023-10-01 14:53:22,2023-10-01 15:05:06,San Francisco,94107,B03,35,2134,3,11,0,0,0,0,,500.0,500.0,0,0,0,0,1,"745 Alarm system activation, no fire  -  unintentional",N None,86 Investigate,86 Investigate,"00 Action taken, other",1 Detector alerted occupants,429 Multifamily dwelling,00 Other area of fire origin,1 Intentional,UU Undetermined,,UU Undetermined,UU Undetermined,N None,1 Enclosed building,2 In normal use,1.0,,NO,,,,,1 Present,1 Smoke,2 Detector operated,"1 Detector alerted occupants, occupants responded",,N None Present,1 Wet - pipe sprinkler system,1 System operated and was effective,,1.0,6.0,Financial District/South Beach,"-122.389741, 37.786171",2023-10-01 15:05:06,2025-06-01 02:18:08
23131866,0,231318660,168 Garrison Avenue,2023-10-01,232741909,2023-10-01 14:52:16,2023-10-01 15:12:17,2023-10-01 15:18:05,San Francisco,94134,B09,44,6252,1,5,1,2,0,0,,500.0,500.0,0,0,0,0,1,554 Assist invalid,N None,73 Provide manpower,86 Investigate,"00 Action taken, other",1 Detector alerted occupants,429 Multifamily dwelling,00 Other area of fire origin,1 Intentional,UU Undetermined,,UU Undetermined,UU Undetermined,N None,1 Enclosed building,2 In normal use,1.0,,NO,,,,,1 Present,1 Smoke,2 Detector operated,"1 Detector alerted occupants, occupants responded",,N None Present,1 Wet - pipe sprinkler system,1 System operated and was effective,,1.0,10.0,Visitacion Valley,"-122.412564, 37.709305",2023-10-01 15:18:05,2025-06-01 02:18:08
23131873,0,231318730,1667 37th Avenue,2023-10-01,232741963,2023-10-01 15:08:01,2023-10-01 15:11:46,2023-10-01 15:15:44,San Francisco,94122,B08,18,7572,3,10,0,0,0,0,,500.0,500.0,0,0,0,0,1,"745 Alarm system activation, no fire  -  unintentional",N None,86 Investigate,86 Investigate,"00 Action taken, other",1 Detector alerted occupants,419 1 or 2 family dwelling,00 Other area of fire origin,1 Intentional,UU Undetermined,,UU Undetermined,UU Undetermined,N None,1 Enclosed building,2 In normal use,1.0,,NO,,,,,1 Present,1 Smoke,2 Detector operated,"1 Detector alerted occupants, occupants responded",,N None Present,1 Wet - pipe sprinkler system,1 System operated and was effective,,1.0,4.0,Sunset/Parkside,"-122.496025, 37.755879",2023-10-01 15:15:44,2025-06-01 02:18:08
23131889,0,231318890,256 Ripley Street,2023-10-01,232742170,2023-10-01 16:07:53,2023-10-01 16:13:12,2023-10-01 16:53:47,San Francisco,94110,B06,9,5667,1,4,0,0,0,0,,500.0,500.0,0,0,0,0,1,"440 Electrical  wiring/equipment problem, other",N None,82 Notify other agencies.,86 Investigate,"00 Action taken, other",1 Detector alerted occupants,"962 Residential street, road or residential driveway",00 Other area of fire origin,1 Intentional,UU Undetermined,,UU Undetermined,UU Undetermined,N None,1 Enclosed building,2 In normal use,1.0,,NO,,,,,1 Present,1 Smoke,2 Detector operated,"1 Detector alerted occupants, occupants responded",,N None Present,1 Wet - pipe sprinkler system,1 System operated and was effective,,1.0,9.0,Bernal Heights,"-122.409426, 37.744315",2023-10-01 16:53:47,2025-06-01 02:18:08
23131902,0,231319020,660 Larch Street,2023-10-01,232742290,2023-10-01 16:41:54,2023-10-01 16:45:04,2023-10-01 16:49:29,San Francisco,94115,B02,5,3426,3,10,0,0,0,0,,500.0,500.0,0,0,0,0,1,"745 Alarm system activation, no fire  -  unintentional",N None,86 Investigate,86 Investigate,"00 Action taken, other",1 Detector alerted occupants,429 Multifamily dwelling,00 Other area of fire origin,1 Intentional,UU Undetermined,,UU Undetermined,UU Undetermined,N None,1 Enclosed building,2 In normal use,1.0,,NO,,,,,1 Present,1 Smoke,2 Detector operated,"1 Detector alerted occupants, occupants responded",,N None Present,1 Wet - pipe sprinkler system,1 System operated and was effective,,1.0,5.0,Western Addition,"-122.428307, 37.781541",2023-10-01 16:49:29,2025-06-01 02:18:08
23131909,0,231319090,1815 Market Street,2023-10-01,232742345,2023-10-01 16:59:39,2023-10-01 17:04:46,2023-10-01 17:14:34,San Francisco,94103,B02,6,5127,1,5,0,0,0,0,,500.0,500.0,0,0,0,0,1,551 Assist police or other governmental agency,N None,75 Provide equipment,86 Investigate,"00 Action taken, other",1 Detector alerted occupants,"500 Mercantile, business, other",00 Other area of fire origin,1 Intentional,UU Undetermined,,UU Undetermined,UU Undetermined,N None,1 Enclosed building,2 In normal use,1.0,,NO,,,,,1 Present,1 Smoke,2 Detector operated,"1 Detector alerted occupants, occupants responded",,N None Present,1 Wet - pipe sprinkler system,1 System operated and was effective,,1.0,8.0,Mission,"-122.423661, 37.771574",2023-10-01 17:14:34,2025-06-01 02:18:08
23131910,0,231319100,50 Drumm Street,2023-10-01,232742349,2023-10-01 17:01:55,2023-10-01 17:06:07,2023-10-01 17:15:06,San Francisco,94111,B01,13,1113,3,11,0,0,0,0,,500.0,500.0,0,0,0,0,1,522 Water or steam leak,N None,86 Investigate,86 Investigate,"00 Action taken, other",1 Detector alerted occupants,"449 Hotel/motel, commercial",00 Other area of fire origin,1 Intentional,UU Undetermined,,UU Undetermined,UU Undetermined,N None,1 Enclosed building,2 In normal use,1.0,,NO,,,,,1 Present,1 Smoke,2 Detector operated,"1 Detector alerted occupants, occupants responded",,N None Present,1 Wet - pipe sprinkler system,1 System operated and was effective,,1.0,3.0,Financial District/South Beach,"-122.396379, 37.793932",2023-10-01 17:15:06,2025-06-01 02:18:08
23131915,0,231319150,46 West Clay Street,2023-10-01,232742373,2023-10-01 17:07:05,2023-10-01 17:13:05,2023-10-01 17:19:05,San Francisco,94121,B07,14,7174,3,10,0,0,0,0,,500.0,500.0,0,0,0,0,1,733 Smoke detector activation due to malfunction,N None,63 Restore fire alarm system,86 Investigate,"00 Action taken, other",1 Detector alerted occupants,419 1 or 2 family dwelling,00 Other area of fire origin,1 Intentional,UU Undetermined,,UU Undetermined,UU Undetermined,N None,1 Enclosed building,2 In normal use,1.0,,NO,,,,,1 Present,1 Smoke,2 Detector operated,"1 Detector alerted occupants, occupants responded",,N None Present,1 Wet - pipe sprinkler system,1 System operated and was effective,,1.0,1.0,Seacliff,"-122.483024, 37.786795",2023-10-01 17:19:05,2025-06-01 02:18:08
23131927,0,231319270,Martin Luther King Drive,2023-10-01,232742461,2023-10-01 17:29:33,2023-10-01 17:35:09,2023-10-01 17:40:51,San Francisco,94122,B08,22,7452,1,4,0,0,0,0,,500.0,500.0,0,0,0,0,1,411 Gasoline or other flammable liquid spill,N None,86 Investigate,43 Hazardous materials spill control and confinement,"00 Action taken, other",1 Detector alerted occupants,"900 Outside or special property, other",00 Other area of fire origin,1 Intentional,UU Undetermined,,UU Undetermined,UU Undetermined,N None,1 Enclosed building,2 In normal use,1.0,,NO,,,,,1 Present,1 Smoke,2 Detector operated,"1 Detector alerted occupants, occupants responded",,N None Present,1 Wet - pipe sprinkler system,1 System operated and was effective,,1.0,4.0,Golden Gate Park,"-122.482372, 37.76677",2023-10-01 17:40:51,2025-06-01 02:18:08
23131938,0,231319380,1064 Mission Street,2023-10-01,232742516,2023-10-01 17:45:55,2023-10-01 17:48:37,2023-10-01 19:01:10,San Francisco,94103,B03,1,2251,3,10,0,0,0,0,,500.0,500.0,0,0,0,0,1,"730 System malfunction, other",N None,63 Restore fire alarm system,86 Investigate,"00 Action taken, other",1 Detector alerted occupants,"400 Residential, other",00 Other area of fire origin,1 Intentional,UU Undetermined,,UU Undetermined,UU Undetermined,N None,1 Enclosed building,2 In normal use,1.0,,NO,,,,,1 Present,1 Smoke,2 Detector operated,"1 Detector alerted occupants, occupants responded",,N None Present,1 Wet - pipe sprinkler system,1 System operated and was effective,,1.0,6.0,South of Market,"-122.410208, 37.779886",2023-10-01 19:01:10,2025-06-01 02:18:08
23131940,0,231319400,555 Stevenson Street,2023-10-01,232742528,2023-10-01 17:49:42,2023-10-01 17:53:26,2023-10-01 18:38:23,San Francisco,94103,B02,1,2248,8,30,1,2,1,2,,500.0,500.0,0,0,0,0,1,"118 Trash or rubbish fire, contained",N None,11 Extinguishment by fire service personnel,86 Investigate,"00 Action taken, other",1 Detector alerted occupants,429 Multifamily dwelling,00 Other area of fire origin,1 Intentional,UU Undetermined,,UU Undetermined,UU Undetermined,N None,1 Enclosed building,2 In normal use,1.0,,NO,,,,,1 Present,1 Smoke,2 Detector operated,"1 Detector alerted occupants, occupants responded",,N None Present,1 Wet - pipe sprinkler system,1 System operated and was effective,,1.0,6.0,South of Market,"-122.410767, 37.780801",2023-10-01 18:38:23,2025-06-01 02:18:08
23131942,0,231319420,380 Eddy Street,2023-10-01,232742534,2023-10-01 17:52:28,2023-10-01 18:25:01,2023-10-01 18:48:47,San Francisco,94109,B02,3,1545,1,5,0,0,0,0,,500.0,500.0,0,0,0,0,1,353 Removal of victim(s) from stalled elevator,N None,86 Investigate,86 Investigate,"00 Action taken, other",1 Detector alerted occupants,"439 Boarding/rooming house, residential hotels",00 Other area of fire origin,1 Intentional,UU Undetermined,,UU Undetermined,UU Undetermined,N None,1 Enclosed building,2 In normal use,1.0,,NO,,,,,1 Present,1 Smoke,2 Detector operated,"1 Detector alerted occupants, occupants responded",,N None Present,1 Wet - pipe sprinkler system,1 System operated and was effective,,1.0,5.0,Tenderloin,"-122.413943, 37.784054",2023-10-01 18:48:47,2025-06-01 02:18:08
23131952,0,231319520,1667 37th Avenue,2023-10-01,232742587,2023-10-01 18:07:43,2023-10-01 18:13:35,2023-10-01 18:37:10,San Francisco,94122,B08,18,7572,3,10,0,0,0,0,,500.0,500.0,0,0,0,0,1,"745 Alarm system activation, no fire  -  unintentional",N None,86 Investigate,86 Investigate,"00 Action taken, other",1 Detector alerted occupants,419 1 or 2 family dwelling,00 Other area of fire origin,1 Intentional,UU Undetermined,,UU Undetermined,UU Undetermined,N None,1 Enclosed building,2 In normal use,1.0,,NO,,,,,1 Present,1 Smoke,2 Detector operated,"1 Detector alerted occupants, occupants responded",,N None Present,1 Wet - pipe sprinkler system,1 System operated and was effective,,1.0,4.0,Sunset/Parkside,"-122.496025, 37.755879",2023-10-01 18:37:10,2025-06-01 02:18:08
23131954,0,231319540,Grant Avenue,2023-10-01,232742593,2023-10-01 18:09:51,2023-10-01 18:13:17,2023-10-01 18:18:04,San Francisco,94108,B01,13,1315,1,4,0,0,0,0,,500.0,500.0,0,0,0,0,1,"600 Good intent call, other",N None,"00 Action taken, other",86 Investigate,"00 Action taken, other",1 Detector alerted occupants,NNN None,00 Other area of fire origin,1 Intentional,UU Undetermined,,UU Undetermined,UU Undetermined,N None,1 Enclosed building,2 In normal use,1.0,,NO,,,,,1 Present,1 Smoke,2 Detector operated,"1 Detector alerted occupants, occupants responded",,N None Present,1 Wet - pipe sprinkler system,1 System operated and was effective,,1.0,3.0,Financial District/South Beach,"-122.405501, 37.790079",2023-10-01 18:18:04,2025-06-01 02:18:08
23131964,0,231319640,455 Fell Street,2023-10-01,232742662,2023-10-01 18:30:57,2023-10-01 18:39:46,2023-10-01 18:48:30,San Francisco,94102,B02,36,3314,1,5,0,0,0,0,,500.0,500.0,0,0,0,0,1,554 Assist invalid,N None,71 Assist physically disabled,86 Investigate,"00 Action taken, other",1 Detector alerted occupants,429 Multifamily dwelling,00 Other area of fire origin,1 Intentional,UU Undetermined,,UU Undetermined,UU Undetermined,N None,1 Enclosed building,2 In normal use,1.0,,NO,,,,,1 Present,1 Smoke,2 Detector operated,"1 Detector alerted occupants, occupants responded",,N None Present,1 Wet - pipe sprinkler system,1 System operated and was effective,,1.0,5.0,Hayes Valley,"-122.425315, 37.775555",2023-10-01 18:48:30,2025-06-01 02:18:08
23131965,0,231319650,1319 26th Avenue,2023-10-01,232742664,2023-10-01 18:31:28,2023-10-01 18:35:31,2023-10-01 18:42:35,San Francisco,94122,B08,22,7511,3,10,0,0,0,0,,500.0,500.0,0,0,0,0,1,"745 Alarm system activation, no fire  -  unintentional",N None,86 Investigate,86 Investigate,"00 Action taken, other",1 Detector alerted occupants,429 Multifamily dwelling,00 Other area of fire origin,1 Intentional,UU Undetermined,,UU Undetermined,UU Undetermined,N None,1 Enclosed building,2 In normal use,1.0,,NO,,,,,1 Present,1 Smoke,2 Detector operated,"1 Detector alerted occupants, occupants responded",,N None Present,1 Wet - pipe sprinkler system,1 System operated and was effective,,1.0,4.0,Sunset/Parkside,"-122.484686, 37.762841",2023-10-01 18:42:35,2025-06-01 02:18:08
23131966,0,231319660,34 6th Street,2023-10-01,232742668,2023-10-01 18:33:45,2023-10-01 18:35:53,2023-10-01 18:47:28,San Francisco,94103,B02,1,2248,3,11,0,0,0,0,,500.0,500.0,0,0,0,0,1,"743 Smoke detector activation, no fire  -  unintentional",N None,86 Investigate,86 Investigate,"00 Action taken, other",1 Detector alerted occupants,"439 Boarding/rooming house, residential hotels",00 Other area of fire origin,1 Intentional,UU Undetermined,,UU Undetermined,UU Undetermined,N None,1 Enclosed building,2 In normal use,1.0,,NO,,,,,1 Present,1 Smoke,2 Detector operated,"1 Detector alerted occupants, occupants responded",,N None Present,1 Wet - pipe sprinkler system,1 System operated and was effective,,1.0,6.0,South of Market,"-122.409857, 37.781459",2023-10-01 18:47:28,2025-06-01 02:18:08
23131978,0,231319780,2518 Union Street,2023-10-01,232742725,2023-10-01 18:50:03,2023-10-01 18:54:17,2023-10-01 19:06:42,San Francisco,94123,B04,16,4165,1,4,0,0,0,0,,500.0,500.0,0,0,0,0,1,"440 Electrical  wiring/equipment problem, other",N None,86 Investigate,86 Investigate,"00 Action taken, other",1 Detector alerted occupants,419 1 or 2 family dwelling,00 Other area of fire origin,1 Intentional,UU Undetermined,,UU Undetermined,UU Undetermined,N None,1 Enclosed building,2 In normal use,1.0,,NO,,,,,1 Present,1 Smoke,2 Detector operated,"1 Detector alerted occupants, occupants responded",,N None Present,1 Wet - pipe sprinkler system,1 System operated and was effective,,1.0,2.0,Marina,"-122.440798, 37.796481",2023-10-01 19:06:42,2025-06-01 02:18:08
23131979,0,231319790,1531 Taraval Street,2023-10-01,232742728,2023-10-01 18:51:02,2023-10-01 18:54:41,2023-10-01 20:11:07,San Francisco,94116,B08,40,7461,2,8,1,2,0,0,,500.0,500.0,0,0,0,0,1,"311 Medical assist, assist EMS crew",N None,32 Provide basic life support (BLS),86 Investigate,"00 Action taken, other",1 Detector alerted occupants,963 Street or road in commercial area,00 Other area of fire origin,1 Intentional,UU Undetermined,,UU Undetermined,UU Undetermined,N None,1 Enclosed building,2 In normal use,1.0,,NO,,,,,1 Present,1 Smoke,2 Detector operated,"1 Detector alerted occupants, occupants responded",,N None Present,1 Wet - pipe sprinkler system,1 System operated and was effective,,1.0,4.0,Sunset/Parkside,"-122.482476, 37.742681",2023-10-01 20:11:07,2025-06-01 02:18:08
23131984,0,231319840,Terry A Francois Bl,2023-10-01,232742792,2023-10-01 19:09:14,2023-10-01 19:10:06,2023-10-01 19:21:31,San Francisco,94107,B03,4,2231,1,4,0,0,0,0,,500.0,500.0,0,0,0,0,1,"100 Fire, other",N None,"10 Fire control or extinguishment, other",86 Investigate,"00 Action taken, other",1 Detector alerted occupants,"900 Outside or special property, other",00 Other area of fire origin,1 Intentional,UU Undetermined,,00 Heat source: other,UU Undetermined,N None,1 Enclosed building,2 In normal use,1.0,,NO,,,,,1 Present,1 Smoke,2 Detector operated,"1 Detector alerted occupants, occupants responded",,N None Present,1 Wet - pipe sprinkler system,1 System operated and was effective,,1.0,6.0,Mission Bay,"-122.387289, 37.773088",2023-10-01 19:21:31,2025-06-01 02:18:08
23131987,0,231319870,839 Leavenworth Street,2023-10-01,232742817,2023-10-01 19:17:57,2023-10-01 19:21:57,2023-10-01 19:26:19,San Francisco,94109,B01,41,1542,1,5,0,0,0,0,,500.0,500.0,0,0,0,0,1,511 Lock - out,N None,86 Investigate,86 Investigate,"00 Action taken, other",1 Detector alerted occupants,429 Multifamily dwelling,00 Other area of fire origin,1 Intentional,UU Undetermined,,UU Undetermined,UU Undetermined,N None,1 Enclosed building,2 In normal use,1.0,,NO,,,,,1 Present,1 Smoke,2 Detector operated,"1 Detector alerted occupants, occupants responded",,N None Present,1 Wet - pipe sprinkler system,1 System operated and was effective,,1.0,3.0,Nob Hill,"-122.415348, 37.788753",2023-10-01 19:26:19,2025-06-01 02:18:08
23131988,0,231319880,770 California Street,2023-10-01,232742827,2023-10-01 19:19:45,2023-10-01 19:24:02,2023-10-01 19:41:57,San Francisco,94108,B01,13,1314,3,11,0,0,0,0,,500.0,500.0,0,0,0,0,1,522 Water or steam leak,N None,86 Investigate,86 Investigate,"00 Action taken, other",1 Detector alerted occupants,429 Multifamily dwelling,00 Other area of fire origin,1 Intentional,UU Undetermined,,UU Undetermined,UU Undetermined,N None,1 Enclosed building,2 In normal use,1.0,,NO,,,,,1 Present,1 Smoke,2 Detector operated,"1 Detector alerted occupants, occupants responded",,N None Present,1 Wet - pipe sprinkler system,1 System operated and was effective,,1.0,3.0,Chinatown,"-122.407155, 37.792367",2023-10-01 19:41:57,2025-06-01 02:18:08
23131993,0,231319930,2300 Blk Divisadero Street,2023-10-01,232742847,2023-10-01 19:29:21,2023-10-01 19:33:36,2023-10-01 19:40:16,San Francisco,94115,B04,10,4162,1,5,0,0,0,0,,500.0,500.0,0,0,0,0,1,"520 Water problem, other",N None,86 Investigate,86 Investigate,"00 Action taken, other",1 Detector alerted occupants,"962 Residential street, road or residential driveway",00 Other area of fire origin,1 Intentional,UU Undetermined,,UU Undetermined,UU Undetermined,N None,1 Enclosed building,2 In normal use,1.0,,NO,,,,,1 Present,1 Smoke,2 Detector operated,"1 Detector alerted occupants, occupants responded",,N None Present,1 Wet - pipe sprinkler system,1 System operated and was effective,,1.0,2.0,Pacific Heights,"-122.440987, 37.790755",2023-10-01 19:40:16,2025-06-01 02:18:08
23131996,0,231319960,2133 Grove Street,2023-10-01,232742898,2023-10-01 19:52:01,2023-10-01 19:58:15,2023-10-01 20:12:43,San Francisco,94117,B05,21,4535,1,4,0,0,0,0,,500.0,500.0,0,0,0,0,1,"600 Good intent call, other",N None,21 Search,86 Investigate,"00 Action taken, other",1 Detector alerted occupants,"400 Residential, other",00 Other area of fire origin,1 Intentional,UU Undetermined,,UU Undetermined,UU Undetermined,N None,1 Enclosed building,2 In normal use,1.0,,NO,,,,,1 Present,1 Smoke,2 Detector operated,"1 Detector alerted occupants, occupants responded",,N None Present,1 Wet - pipe sprinkler system,1 System operated and was effective,,1.0,5.0,Lone Mountain/USF,"-122.451719, 37.774109",2023-10-01 20:12:43,2025-06-01 02:18:08
23132001,0,231320010,7th Street,2023-10-01,232742912,2023-10-01 19:58:08,2023-10-01 20:04:27,2023-10-01 20:54:23,San Francisco,94103,B02,36,2316,1,5,0,0,0,0,,500.0,500.0,0,0,0,0,1,551 Assist police or other governmental agency,N None,65 Secure property,86 Investigate,"00 Action taken, other",1 Detector alerted occupants,"500 Mercantile, business, other",00 Other area of fire origin,1 Intentional,UU Undetermined,,UU Undetermined,UU Undetermined,N None,1 Enclosed building,2 In normal use,1.0,,NO,,,,,1 Present,1 Smoke,2 Detector operated,"1 Detector alerted occupants, occupants responded",,N None Present,1 Wet - pipe sprinkler system,1 System operated and was effective,,1.0,6.0,South of Market,"-122.412516, 37.780478",2023-10-01 20:54:23,2025-06-01 02:18:08
23132009,0,231320090,141 Leland Avenue,2023-10-01,232742968,2023-10-01 20:18:15,2023-10-01 20:22:10,2023-10-01 20:29:07,San Francisco,94134,B09,44,6256,3,10,0,0,0,0,,500.0,500.0,0,0,0,0,1,735 Alarm system sounded due to malfunction,N None,86 Investigate,86 Investigate,"00 Action taken, other",1 Detector alerted occupants,429 Multifamily dwelling,00 Other area of fire origin,1 Intentional,UU Undetermined,,UU Undetermined,UU Undetermined,N None,1 Enclosed building,2 In normal use,1.0,,NO,,,,,1 Present,1 Smoke,2 Detector operated,"1 Detector alerted occupants, occupants responded",,N None Present,1 Wet - pipe sprinkler system,1 System operated and was effective,,1.0,10.0,Visitacion Valley,"-122.406366, 37.712144",2023-10-01 20:29:07,2025-06-01 02:18:08
23132015,0,231320150,855 Sacramento Street,2023-10-01,232743008,2023-10-01 20:32:29,2023-10-01 20:37:27,2023-10-01 20:45:12,San Francisco,94108,B01,2,1326,3,11,0,0,0,0,,500.0,500.0,0,0,0,0,1,"745 Alarm system activation, no fire  -  unintentional",N None,86 Investigate,86 Investigate,"00 Action taken, other",1 Detector alerted occupants,429 Multifamily dwelling,00 Other area of fire origin,1 Intentional,UU Undetermined,,UU Undetermined,UU Undetermined,N None,1 Enclosed building,2 In normal use,1.0,,NO,,,,,1 Present,1 Smoke,2 Detector operated,"1 Detector alerted occupants, occupants responded",,N None Present,1 Wet - pipe sprinkler system,1 System operated and was effective,,1.0,3.0,Chinatown,"-122.406856, 37.793026",2023-10-01 20:45:12,2025-06-01 02:18:08
23132024,0,231320240,685 Ellis Street,2023-10-01,232743125,2023-10-01 21:18:18,2023-10-01 21:24:30,2023-10-01 21:25:04,San Francisco,94109,B02,3,1555,3,11,2,3,0,0,,500.0,500.0,0,0,0,0,1,622 No incident found on arrival at dispatch address,N None,86 Investigate,86 Investigate,"00 Action taken, other",1 Detector alerted occupants,"439 Boarding/rooming house, residential hotels",00 Other area of fire origin,1 Intentional,UU Undetermined,,UU Undetermined,UU Undetermined,N None,1 Enclosed building,2 In normal use,1.0,,NO,,,,,1 Present,1 Smoke,2 Detector operated,"1 Detector alerted occupants, occupants responded",,N None Present,1 Wet - pipe sprinkler system,1 System operated and was effective,,1.0,5.0,Tenderloin,"-122.41744, 37.784169",2023-10-01 21:25:04,2025-06-01 02:18:08
23132032,0,231320320,Cesar Chavez Street,2023-10-01,232743172,2023-10-01 21:33:27,2023-10-01 21:37:42,2023-10-01 21:52:53,San Francisco,94124,B10,9,2626,1,4,1,2,0,0,,500.0,500.0,0,0,0,0,1,"311 Medical assist, assist EMS crew",N None,33 Provide advanced life support (ALS),86 Investigate,"00 Action taken, other",1 Detector alerted occupants,"960 Street, other",00 Other area of fire origin,1 Intentional,UU Undetermined,,UU Undetermined,UU Undetermined,N None,1 Enclosed building,2 In normal use,1.0,,NO,,,,,1 Present,1 Smoke,2 Detector operated,"1 Detector alerted occupants, occupants responded",,N None Present,1 Wet - pipe sprinkler system,1 System operated and was effective,,1.0,10.0,Bayview Hunters Point,"-122.403227, 37.749464",2023-10-01 21:52:53,2025-06-01 02:18:08
23132033,0,231320330,167 17th Avenue,2023-10-01,232743179,2023-10-01 21:35:04,2023-10-01 21:39:40,2023-10-01 21:53:51,San Francisco,94121,B07,31,7162,3,10,0,0,0,0,,500.0,500.0,0,0,0,0,1,736 CO detector activation due to malfunction,N None,86 Investigate,86 Investigate,"00 Action taken, other",1 Detector alerted occupants,419 1 or 2 family dwelling,00 Other area of fire origin,1 Intentional,UU Undetermined,,UU Undetermined,UU Undetermined,N None,1 Enclosed building,2 In normal use,1.0,,NO,,,,,1 Present,1 Smoke,2 Detector operated,"1 Detector alerted occupants, occupants responded",,N None Present,1 Wet - pipe sprinkler system,1 System operated and was effective,,1.0,1.0,Outer Richmond,"-122.47657, 37.784896",2023-10-01 21:53:51,2025-06-01 02:18:08
23132040,0,231320400,759 Oak Street,2023-10-01,232743231,2023-10-01 21:52:10,2023-10-01 21:57:12,2023-10-01 22:12:11,San Francisco,94117,B05,6,3632,1,4,0,0,0,0,,500.0,500.0,0,0,0,0,1,"550 Public service assistance, other",N None,"70 Assistance, other",86 Investigate,"00 Action taken, other",1 Detector alerted occupants,"960 Street, other",00 Other area of fire origin,1 Intentional,UU Undetermined,,UU Undetermined,UU Undetermined,N None,1 Enclosed building,2 In normal use,1.0,,NO,,,,,1 Present,1 Smoke,2 Detector operated,"1 Detector alerted occupants, occupants responded",,N None Present,1 Wet - pipe sprinkler system,1 System operated and was effective,,1.0,5.0,Hayes Valley,"-122.431769, 37.773779",2023-10-01 22:12:11,2025-06-01 02:18:08
23132042,0,231320420,106 South Park Street,2023-10-01,232743249,2023-10-01 21:56:09,2023-10-01 22:00:29,2023-10-01 22:03:32,San Francisco,94107,B03,8,2173,3,10,0,0,0,0,,500.0,500.0,0,0,0,0,1,"730 System malfunction, other",N None,63 Restore fire alarm system,86 Investigate,"00 Action taken, other",1 Detector alerted occupants,"400 Residential, other",00 Other area of fire origin,1 Intentional,UU Undetermined,,UU Undetermined,UU Undetermined,N None,1 Enclosed building,2 In normal use,1.0,,NO,,,,,1 Present,1 Smoke,2 Detector operated,"1 Detector alerted occupants, occupants responded",,N None Present,1 Wet - pipe sprinkler system,1 System operated and was effective,,1.0,6.0,Financial District/South Beach,"-122.394137, 37.781532",2023-10-01 22:03:32,2025-06-01 02:18:08
23132044,0,231320440,1388 California Street,2023-10-01,232743277,2023-10-01 22:07:26,2023-10-01 22:09:56,2023-10-01 22:15:10,San Francisco,94109,B01,41,1541,3,11,0,0,0,0,,500.0,500.0,0,0,0,0,1,"714 Central station, malicious false alarm",N None,86 Investigate,86 Investigate,"00 Action taken, other",1 Detector alerted occupants,"439 Boarding/rooming house, residential hotels",00 Other area of fire origin,1 Intentional,UU Undetermined,,UU Undetermined,UU Undetermined,N None,1 Enclosed building,2 In normal use,1.0,,NO,,,,,1 Present,1 Smoke,2 Detector operated,"1 Detector alerted occupants, occupants responded",,N None Present,1 Wet - pipe sprinkler system,1 System operated and was effective,,1.0,3.0,Nob Hill,"-122.417136, 37.791149",2023-10-01 22:15:10,2025-06-01 02:18:08
23132046,0,231320460,1105 Post Street,2023-10-01,232743307,2023-10-01 22:18:14,2023-10-01 22:20:49,2023-10-01 22:25:36,San Francisco,94109,B04,3,3161,1,5,0,0,0,0,,500.0,500.0,0,0,0,0,1,554 Assist invalid,N None,71 Assist physically disabled,86 Investigate,"00 Action taken, other",1 Detector alerted occupants,"439 Boarding/rooming house, residential hotels",00 Other area of fire origin,1 Intentional,UU Undetermined,,UU Undetermined,UU Undetermined,N None,1 Enclosed building,2 In normal use,1.0,,NO,,,,,1 Present,1 Smoke,2 Detector operated,"1 Detector alerted occupants, occupants responded",,N None Present,1 Wet - pipe sprinkler system,1 System operated and was effective,,1.0,3.0,Tenderloin,"-122.420103, 37.786618",2023-10-01 22:25:36,2025-06-01 02:18:08
23132048,0,231320480,964 Oak Street,2023-10-01,232743332,2023-10-01 22:28:58,2023-10-01 22:32:44,2023-10-01 22:42:17,San Francisco,94117,B05,21,4141,1,4,0,0,0,0,,500.0,500.0,0,0,0,0,1,"440 Electrical  wiring/equipment problem, other",N None,45 Remove hazard,86 Investigate,"00 Action taken, other",1 Detector alerted occupants,"962 Residential street, road or residential driveway",00 Other area of fire origin,1 Intentional,UU Undetermined,,UU Undetermined,UU Undetermined,N None,1 Enclosed building,2 In normal use,1.0,,NO,,,,,1 Present,1 Smoke,2 Detector operated,"1 Detector alerted occupants, occupants responded",,N None Present,1 Wet - pipe sprinkler system,1 System operated and was effective,,1.0,5.0,Hayes Valley,"-122.435171, 37.773486",2023-10-01 22:42:17,2025-06-01 02:18:08
23132055,0,231320550,667 Greenwich Street,2023-10-01,232743388,2023-10-01 22:59:12,2023-10-01 23:01:57,2023-10-01 23:05:57,San Francisco,94133,B01,28,1335,3,11,0,0,0,0,,500.0,500.0,0,0,0,0,1,"700 False alarm or false call, other",N None,86 Investigate,86 Investigate,"00 Action taken, other",1 Detector alerted occupants,419 1 or 2 family dwelling,00 Other area of fire origin,1 Intentional,UU Undetermined,,UU Undetermined,UU Undetermined,N None,1 Enclosed building,2 In normal use,1.0,,NO,,,,,1 Present,1 Smoke,2 Detector operated,"1 Detector alerted occupants, occupants responded",,N None Present,1 Wet - pipe sprinkler system,1 System operated and was effective,,1.0,3.0,North Beach,"-122.410819, 37.802078",2023-10-01 23:05:57,2025-06-01 02:18:08
23132057,0,231320570,20 21st Avenue,2023-10-01,232743393,2023-10-01 23:02:45,2023-10-01 23:08:40,2023-10-01 23:39:51,San Francisco,94121,B07,14,7174,3,10,1,2,0,0,,500.0,500.0,0,0,0,0,1,551 Assist police or other governmental agency,N None,73 Provide manpower,86 Investigate,"00 Action taken, other",1 Detector alerted occupants,419 1 or 2 family dwelling,00 Other area of fire origin,1 Intentional,UU Undetermined,,UU Undetermined,UU Undetermined,N None,1 Enclosed building,2 In normal use,1.0,,NO,,,,,1 Present,1 Smoke,2 Detector operated,"1 Detector alerted occupants, occupants responded",,N None Present,1 Wet - pipe sprinkler system,1 System operated and was effective,,1.0,1.0,Seacliff,"-122.480827, 37.786672",2023-10-01 23:39:51,2025-06-01 02:18:08
23132058,0,231320580,1095 Mission Street,2023-10-01,232743401,2023-10-01 23:06:03,2023-10-01 23:12:30,2023-10-01 23:31:14,San Francisco,94103,B03,1,2251,1,5,0,0,0,0,,500.0,500.0,0,0,0,0,1,353 Removal of victim(s) from stalled elevator,N None,86 Investigate,86 Investigate,"00 Action taken, other",1 Detector alerted occupants,"439 Boarding/rooming house, residential hotels",00 Other area of fire origin,1 Intentional,UU Undetermined,,UU Undetermined,UU Undetermined,N None,1 Enclosed building,2 In normal use,1.0,,NO,,,,,1 Present,1 Smoke,2 Detector operated,"1 Detector alerted occupants, occupants responded",,N None Present,1 Wet - pipe sprinkler system,1 System operated and was effective,,1.0,6.0,South of Market,"-122.410537, 37.779209",2023-10-01 23:31:14,2025-06-01 02:18:08
23132059,0,231320590,850 Oak Street,2023-10-01,232743421,2023-10-01 23:17:31,2023-10-01 23:22:46,2023-10-01 23:39:02,San Francisco,94117,B05,6,3632,1,4,0,0,0,0,,500.0,500.0,0,0,0,0,1,"550 Public service assistance, other",N None,"70 Assistance, other",86 Investigate,"00 Action taken, other",1 Detector alerted occupants,"960 Street, other",00 Other area of fire origin,1 Intentional,UU Undetermined,,UU Undetermined,UU Undetermined,N None,1 Enclosed building,2 In normal use,1.0,,NO,,,,,1 Present,1 Smoke,2 Detector operated,"1 Detector alerted occupants, occupants responded",,N None Present,1 Wet - pipe sprinkler system,1 System operated and was effective,,1.0,5.0,Hayes Valley,"-122.433319, 37.773719",2023-10-01 23:39:02,2025-06-01 02:18:08
23132073,0,231320730,1483 Sutter Street,2023-10-02,232750045,2023-10-02 00:19:48,2023-10-02 00:22:59,2023-10-02 00:32:12,San Francisco,94109,B04,3,3223,3,10,0,0,0,0,,500.0,500.0,0,0,0,0,1,"745 Alarm system activation, no fire  -  unintentional",N None,86 Investigate,86 Investigate,"00 Action taken, other",1 Detector alerted occupants,429 Multifamily dwelling,00 Other area of fire origin,1 Intentional,UU Undetermined,,UU Undetermined,UU Undetermined,N None,1 Enclosed building,2 In normal use,1.0,,NO,,,,,1 Present,1 Smoke,2 Detector operated,"1 Detector alerted occupants, occupants responded",,N None Present,1 Wet - pipe sprinkler system,1 System operated and was effective,,1.0,2.0,Western Addition,"-122.42471, 37.787103",2023-10-02 00:32:12,2025-06-01 02:18:08
23132077,0,231320770,1288 Mission Street,2023-10-02,232750064,2023-10-02 00:32:45,2023-10-02 00:37:56,2023-10-02 01:09:46,San Francisco,94103,B02,36,2336,3,11,0,0,0,0,,500.0,500.0,0,0,0,0,1,"741 Sprinkler activation, no fire  -  unintentional",N None,62 Restore sprinkler or fire protection system,86 Investigate,"00 Action taken, other",1 Detector alerted occupants,"439 Boarding/rooming house, residential hotels",00 Other area of fire origin,1 Intentional,UU Undetermined,,UU Undetermined,UU Undetermined,N None,1 Enclosed building,2 In normal use,1.0,,NO,,,,,1 Present,1 Smoke,2 Detector operated,"1 Detector alerted occupants, occupants responded",,N None Present,1 Wet - pipe sprinkler system,1 System operated and was effective,,1.0,6.0,South of Market,"-122.414556, 37.776468",2023-10-02 01:09:46,2025-06-01 02:18:08
23132081,0,231320810,1326 Hyde Street,2023-10-02,232750098,2023-10-02 00:57:57,2023-10-02 01:01:34,2023-10-02 01:10:38,San Francisco,94109,B01,41,1564,3,11,0,0,0,0,,500.0,500.0,0,0,0,0,1,735 Alarm system sounded due to malfunction,N None,86 Investigate,86 Investigate,"00 Action taken, other",1 Detector alerted occupants,429 Multifamily dwelling,00 Other area of fire origin,1 Intentional,UU Undetermined,,UU Undetermined,UU Undetermined,N None,1 Enclosed building,2 In normal use,1.0,,NO,,,,,1 Present,1 Smoke,2 Detector operated,"1 Detector alerted occupants, occupants responded",,N None Present,1 Wet - pipe sprinkler system,1 System operated and was effective,,1.0,3.0,Russian Hill,"-122.417731, 37.793079",2023-10-02 01:10:38,2025-06-01 02:18:08
23132083,0,231320830,Utah Street,2023-10-02,232750120,2023-10-02 01:07:53,2023-10-02 01:13:32,2023-10-02 01:26:01,San Francisco,94110,B10,9,2562,1,4,0,0,0,0,,500.0,500.0,0,0,0,0,1,"440 Electrical  wiring/equipment problem, other",N None,45 Remove hazard,86 Investigate,"00 Action taken, other",1 Detector alerted occupants,"962 Residential street, road or residential driveway",00 Other area of fire origin,1 Intentional,UU Undetermined,,UU Undetermined,UU Undetermined,N None,1 Enclosed building,2 In normal use,1.0,,NO,,,,,1 Present,1 Smoke,2 Detector operated,"1 Detector alerted occupants, occupants responded",,N None Present,1 Wet - pipe sprinkler system,1 System operated and was effective,,1.0,10.0,Mission,"-122.40521, 37.751787",2023-10-02 01:26:01,2025-06-01 02:18:08
23132085,0,231320850,1390 16th Avenue,2023-10-02,232750122,2023-10-02 01:08:29,2023-10-02 01:18:16,2023-10-02 02:31:39,San Francisco,94122,B08,22,7366,1,5,1,2,0,0,,500.0,500.0,0,0,0,0,1,"321 EMS call, excluding vehicle accident with injury",N None,31 Provide first aid & check for injuries,86 Investigate,"00 Action taken, other",1 Detector alerted occupants,419 1 or 2 family dwelling,00 Other area of fire origin,1 Intentional,UU Undetermined,,UU Undetermined,UU Undetermined,N None,1 Enclosed building,2 In normal use,1.0,,NO,,,,,1 Present,1 Smoke,2 Detector operated,"1 Detector alerted occupants, occupants responded",,N None Present,1 Wet - pipe sprinkler system,1 System operated and was effective,,1.0,7.0,Inner Sunset,"-122.473713, 37.762054",2023-10-02 02:31:39,2025-06-01 02:18:08
23132086,0,231320860,140 Jones Street,2023-10-02,232750123,2023-10-02 01:08:37,2023-10-02 01:11:00,2023-10-02 01:18:57,San Francisco,94102,B03,3,1456,5,16,0,0,0,0,,500.0,500.0,0,0,0,0,1,"113 Cooking fire, confined to container",N None,86 Investigate,86 Investigate,"00 Action taken, other",1 Detector alerted occupants,"439 Boarding/rooming house, residential hotels",00 Other area of fire origin,1 Intentional,UU Undetermined,,UU Undetermined,UU Undetermined,N None,1 Enclosed building,2 In normal use,1.0,,NO,,,,,1 Present,1 Smoke,2 Detector operated,"1 Detector alerted occupants, occupants responded",,N None Present,1 Wet - pipe sprinkler system,1 System operated and was effective,,1.0,5.0,Tenderloin,"-122.412074, 37.782645",2023-10-02 01:18:57,2025-06-01 02:18:08
23132091,0,231320910,260 Madrid Street,2023-10-02,232750152,2023-10-02 01:29:48,2023-10-02 01:36:38,2023-10-02 01:57:47,San Francisco,94112,B09,43,6133,3,11,0,0,0,0,,500.0,500.0,0,0,0,0,1,733 Smoke detector activation due to malfunction,N None,86 Investigate,63 Restore fire alarm system,"00 Action taken, other",1 Detector alerted occupants,215 High school/junior high school/middle school,00 Other area of fire origin,1 Intentional,UU Undetermined,,UU Undetermined,UU Undetermined,N None,1 Enclosed building,2 In normal use,1.0,,NO,,,,,1 Present,1 Smoke,2 Detector operated,"1 Detector alerted occupants, occupants responded",,N None Present,1 Wet - pipe sprinkler system,1 System operated and was effective,,1.0,11.0,Excelsior,"-122.430487, 37.725399",2023-10-02 01:57:47,2025-06-01 02:18:08
23132100,0,231321000,1000 Market Street,2023-10-02,232750188,2023-10-02 02:04:47,2023-10-02 02:07:13,2023-10-02 02:16:33,San Francisco,94102,B03,1,1454,3,11,0,0,0,0,,500.0,500.0,0,0,0,0,1,"113 Cooking fire, confined to container",N None,86 Investigate,86 Investigate,"00 Action taken, other",1 Detector alerted occupants,429 Multifamily dwelling,00 Other area of fire origin,1 Intentional,UU Undetermined,,UU Undetermined,UU Undetermined,N None,1 Enclosed building,2 In normal use,1.0,,NO,,,,,1 Present,1 Smoke,2 Detector operated,"1 Detector alerted occupants, occupants responded",,N None Present,1 Wet - pipe sprinkler system,1 System operated and was effective,,1.0,5.0,Tenderloin,"-122.410989, 37.782044",2023-10-02 02:16:33,2025-06-01 02:18:08
23132106,0,231321060,536 Mission Street,2023-10-02,232750209,2023-10-02 02:33:37,2023-10-02 02:44:24,2023-10-02 03:05:20,San Francisco,94105,B03,35,2124,2,9,0,0,0,0,,500.0,500.0,0,0,0,0,1,353 Removal of victim(s) from stalled elevator,N None,"22 Rescue, remove from harm",86 Investigate,"00 Action taken, other",1 Detector alerted occupants,"241 Adult education center, college classroom",00 Other area of fire origin,1 Intentional,UU Undetermined,,UU Undetermined,UU Undetermined,N None,1 Enclosed building,2 In normal use,1.0,,NO,,,,,1 Present,1 Smoke,2 Detector operated,"1 Detector alerted occupants, occupants responded",,N None Present,1 Wet - pipe sprinkler system,1 System operated and was effective,,1.0,6.0,Financial District/South Beach,"-122.398893, 37.789249",2023-10-02 03:05:20,2025-06-01 02:18:08
23132115,0,231321150,190 Napoleon Street,2023-10-02,232750253,2023-10-02 03:13:43,2023-10-02 03:17:32,2023-10-02 03:59:35,San Francisco,94124,B10,9,6422,3,10,2,3,0,0,,500.0,500.0,0,0,0,0,1,"510 Person in distress, other",N None,32 Provide basic life support (BLS),86 Investigate,"00 Action taken, other",1 Detector alerted occupants,0000 Tent/Encampment,00 Other area of fire origin,1 Intentional,UU Undetermined,,UU Undetermined,UU Undetermined,N None,1 Enclosed building,2 In normal use,1.0,,NO,,,,,1 Present,1 Smoke,2 Detector operated,"1 Detector alerted occupants, occupants responded",,N None Present,1 Wet - pipe sprinkler system,1 System operated and was effective,,1.0,10.0,Bayview Hunters Point,"-122.398544, 37.747125",2023-10-02 03:59:35,2025-06-01 02:18:08
23132118,0,231321180,1105 Post Street,2023-10-02,232750259,2023-10-02 03:18:15,2023-10-02 03:23:30,2023-10-02 03:28:45,San Francisco,94109,B04,3,3161,1,5,0,0,0,0,,500.0,500.0,0,0,0,0,1,554 Assist invalid,N None,71 Assist physically disabled,86 Investigate,"00 Action taken, other",1 Detector alerted occupants,"439 Boarding/rooming house, residential hotels",00 Other area of fire origin,1 Intentional,UU Undetermined,,UU Undetermined,UU Undetermined,N None,1 Enclosed building,2 In normal use,1.0,,NO,,,,,1 Present,1 Smoke,2 Detector operated,"1 Detector alerted occupants, occupants responded",,N None Present,1 Wet - pipe sprinkler system,1 System operated and was effective,,1.0,3.0,Tenderloin,"-122.420103, 37.786618",2023-10-02 03:28:45,2025-06-01 02:18:08
23132122,0,231321220,2111 Jennings Street,2023-10-02,232750290,2023-10-02 03:48:42,2023-10-02 03:52:13,2023-10-02 04:21:34,San Francisco,94124,B10,17,6651,8,28,1,2,1,2,,500.0,500.0,0,0,0,0,1,"440 Electrical  wiring/equipment problem, other",N None,64 Shut down system,86 Investigate,"00 Action taken, other",1 Detector alerted occupants,459 Residential board and care,00 Other area of fire origin,1 Intentional,UU Undetermined,,UU Undetermined,UU Undetermined,N None,1 Enclosed building,2 In normal use,1.0,,NO,,,,,1 Present,1 Smoke,2 Detector operated,"1 Detector alerted occupants, occupants responded",,N None Present,1 Wet - pipe sprinkler system,1 System operated and was effective,,1.0,10.0,Bayview Hunters Point,"-122.388658, 37.726728",2023-10-02 04:21:34,2025-06-01 02:18:08
23132123,0,231321230,5715 Diamond Heights Bl,2023-10-02,232750295,2023-10-02 03:57:10,2023-10-02 04:05:30,2023-10-02 04:27:09,San Francisco,94131,B06,26,8174,1,5,0,0,0,0,,500.0,500.0,0,0,0,0,1,511 Lock - out,N None,73 Provide manpower,75 Provide equipment,"00 Action taken, other",1 Detector alerted occupants,419 1 or 2 family dwelling,00 Other area of fire origin,1 Intentional,UU Undetermined,,UU Undetermined,UU Undetermined,N None,1 Enclosed building,2 In normal use,1.0,,NO,,,,,1 Present,1 Smoke,2 Detector operated,"1 Detector alerted occupants, occupants responded",,N None Present,1 Wet - pipe sprinkler system,1 System operated and was effective,,1.0,8.0,Glen Park,"-122.439788, 37.738559",2023-10-02 04:27:09,2025-06-01 02:18:08
23132124,0,231321240,1435 Laguna Street,2023-10-02,232750303,2023-10-02 04:08:20,2023-10-02 04:13:07,2023-10-02 04:20:38,San Francisco,94115,B04,5,3365,3,10,0,0,0,0,,500.0,500.0,0,0,0,0,1,733 Smoke detector activation due to malfunction,N None,86 Investigate,86 Investigate,"00 Action taken, other",1 Detector alerted occupants,429 Multifamily dwelling,00 Other area of fire origin,1 Intentional,UU Undetermined,,UU Undetermined,UU Undetermined,N None,1 Enclosed building,2 In normal use,1.0,,NO,,,,,1 Present,1 Smoke,2 Detector operated,"1 Detector alerted occupants, occupants responded",,N None Present,1 Wet - pipe sprinkler system,1 System operated and was effective,,1.0,5.0,Western Addition,"-122.427959, 37.784359",2023-10-02 04:20:38,2025-06-01 02:18:08
23132125,0,231321250,Blk Hemlock Street,2023-10-02,232750312,2023-10-02 04:17:10,2023-10-02 04:20:06,2023-10-02 04:25:58,San Francisco,94109,B04,3,1641,1,4,0,0,0,0,,500.0,500.0,0,0,0,0,1,"151 Outside rubbish, trash or waste fire",N None,11 Extinguishment by fire service personnel,86 Investigate,"00 Action taken, other",1 Detector alerted occupants,"960 Street, other",00 Other area of fire origin,1 Intentional,UU Undetermined,,UU Undetermined,UU Undetermined,N None,1 Enclosed building,2 In normal use,1.0,,NO,,,,,1 Present,1 Smoke,2 Detector operated,"1 Detector alerted occupants, occupants responded",,N None Present,1 Wet - pipe sprinkler system,1 System operated and was effective,,1.0,3.0,Nob Hill,"-122.418369, 37.787486",2023-10-02 04:25:58,2025-06-01 02:18:08
23132133,0,231321330,12 4th Street,2023-10-02,232750381,2023-10-02 05:32:30,2023-10-02 05:38:08,2023-10-02 05:51:24,San Francisco,94103,B03,1,2212,3,10,0,0,0,0,,500.0,500.0,0,0,0,0,1,"743 Smoke detector activation, no fire  -  unintentional",N None,86 Investigate,86 Investigate,"00 Action taken, other",1 Detector alerted occupants,"449 Hotel/motel, commercial",00 Other area of fire origin,1 Intentional,UU Undetermined,,UU Undetermined,UU Undetermined,N None,1 Enclosed building,2 In normal use,1.0,,NO,,,,,1 Present,1 Smoke,2 Detector operated,"1 Detector alerted occupants, occupants responded",,N None Present,1 Wet - pipe sprinkler system,1 System operated and was effective,,1.0,6.0,South of Market,"-122.405686, 37.785528",2023-10-02 05:51:24,2025-06-01 02:18:08
23132137,0,231321370,Oak Street,2023-10-02,232750388,2023-10-02 05:36:58,2023-10-02 05:43:06,2023-10-02 06:24:08,San Francisco,94117,B02,5,3523,1,4,0,0,0,0,,500.0,500.0,0,0,0,0,1,"400 Hazardous condition, other",N None,73 Provide manpower,86 Investigate,"00 Action taken, other",1 Detector alerted occupants,"962 Residential street, road or residential driveway",00 Other area of fire origin,1 Intentional,UU Undetermined,,UU Undetermined,UU Undetermined,N None,1 Enclosed building,2 In normal use,1.0,,NO,,,,,1 Present,1 Smoke,2 Detector operated,"1 Detector alerted occupants, occupants responded",,N None Present,1 Wet - pipe sprinkler system,1 System operated and was effective,,1.0,5.0,Hayes Valley,"-122.430827, 37.773971",2023-10-02 06:24:08,2025-06-01 02:18:08
23132138,0,231321380,Davis Street,2023-10-02,232750394,2023-10-02 05:42:35,2023-10-02 05:47:30,2023-10-02 05:48:08,San Francisco,94111,B01,13,1133,1,4,0,0,0,0,,500.0,500.0,0,0,0,0,1,"151 Outside rubbish, trash or waste fire",N None,12 Salvage & overhaul,86 Investigate,"00 Action taken, other",1 Detector alerted occupants,"500 Mercantile, business, other","46 Chute/container  -  trash, rubbish, waste",1 Intentional,NN None,,UU Undetermined,UU Undetermined,2 Possibly impaired by alcohol or drugs,1 Enclosed building,2 In normal use,1.0,,NO,,,,,1 Present,1 Smoke,2 Detector operated,"1 Detector alerted occupants, occupants responded",,N None Present,1 Wet - pipe sprinkler system,1 System operated and was effective,,1.0,3.0,Financial District/South Beach,"-122.397977, 37.795313",2023-10-02 05:48:08,2025-06-01 02:18:08
23132140,0,231321400,201 Clay Street,2023-10-02,232750398,2023-10-02 05:46:13,2023-10-02 05:48:14,2023-10-02 06:43:27,San Francisco,94111,B01,13,1133,9,33,1,2,2,3,,500.0,500.0,0,0,0,0,1,"118 Trash or rubbish fire, contained",N None,86 Investigate,86 Investigate,"00 Action taken, other",U Unknown,"580 General retail, other","60 Equipment or service area, other",1 Intentional,"10 Misuse of material or product, other",,"60 Heat from other open flame or smoking materials, other","51 Box, carton, bag, basket, barrel",N None,1 Enclosed building,2 In normal use,1.0,,NO,,,,,1 Present,1 Smoke,2 Detector operated,"1 Detector alerted occupants, occupants responded",,N None Present,1 Wet - pipe sprinkler system,1 System operated and was effective,,1.0,3.0,Financial District/South Beach,"-122.398473, 37.794799",2023-10-02 07:41:59,2025-06-01 02:18:08
23132142,0,231321420,Jerrold Avenue,2023-10-02,232750403,2023-10-02 05:53:53,2023-10-02 06:02:22,2023-10-02 06:37:01,San Francisco,94124,B10,9,6375,1,4,0,0,0,0,,500.0,500.0,0,0,0,0,1,"151 Outside rubbish, trash or waste fire",N None,11 Extinguishment by fire service personnel,86 Investigate,"00 Action taken, other",1 Detector alerted occupants,961 Highway or divided highway,00 Other area of fire origin,1 Intentional,UU Undetermined,,UU Undetermined,UU Undetermined,N None,1 Enclosed building,2 In normal use,1.0,,NO,,,,,1 Present,1 Smoke,2 Detector operated,"1 Detector alerted occupants, occupants responded",,N None Present,1 Wet - pipe sprinkler system,1 System operated and was effective,,1.0,9.0,Bernal Heights,"-122.403564, 37.747761",2023-10-02 06:37:01,2025-06-01 02:18:08
23132145,0,231321450,700 Blk Eddy Street,2023-10-02,232750429,2023-10-02 06:13:05,2023-10-02 06:16:47,2023-10-02 07:14:20,San Francisco,94102,B02,3,3163,2,9,0,0,0,0,,30000.0,10000.0,0,0,0,0,1,132 Road freight or transport vehicle fire,N None,11 Extinguishment by fire service personnel,86 Investigate,"00 Action taken, other",1 Detector alerted occupants,"960 Street, other",81 Operator/passenger area of transportation equipment,5 Cause under investigation,"30 Electrical failure, malfunction, other",,UU Undetermined,UU Undetermined,3 Unattended or unsupervised person,1 Enclosed building,2 In normal use,1.0,,NO,,,,,1 Present,1 Smoke,2 Detector operated,"1 Detector alerted occupants, occupants responded",,N None Present,1 Wet - pipe sprinkler system,1 System operated and was effective,,1.0,5.0,Tenderloin,"-122.419183, 37.783099",2023-12-23 11:50:14,2025-06-01 02:18:08
23132147,0,231321470,18th Street,2023-10-02,232750441,2023-10-02 06:18:23,2023-10-02 06:24:23,2023-10-02 06:25:57,San Francisco,94114,B02,6,5421,1,4,1,1,0,0,,500.0,500.0,0,0,0,0,1,611 Dispatched & canceled en route,N None,93 Cancelled en route,86 Investigate,"00 Action taken, other",1 Detector alerted occupants,429 Multifamily dwelling,00 Other area of fire origin,1 Intentional,UU Undetermined,,UU Undetermined,UU Undetermined,N None,1 Enclosed building,2 In normal use,1.0,,NO,,,,,1 Present,1 Smoke,2 Detector operated,"1 Detector alerted occupants, occupants responded",,N None Present,1 Wet - pipe sprinkler system,1 System operated and was effective,,1.0,8.0,Castro/Upper Market,"-122.428355, 37.761258",2023-10-02 06:25:57,2025-06-01 02:18:08
23132151,0,231321510,1160 Mission Street,2023-10-02,232750464,2023-10-02 06:30:01,2023-10-02 06:37:17,2023-10-02 06:45:40,San Francisco,94103,B02,1,2318,1,5,0,0,0,0,,500.0,500.0,0,0,0,0,1,554 Assist invalid,N None,71 Assist physically disabled,86 Investigate,"00 Action taken, other",1 Detector alerted occupants,"439 Boarding/rooming house, residential hotels",00 Other area of fire origin,1 Intentional,UU Undetermined,,UU Undetermined,UU Undetermined,N None,1 Enclosed building,2 In normal use,1.0,,NO,,,,,1 Present,1 Smoke,2 Detector operated,"1 Detector alerted occupants, occupants responded",,N None Present,1 Wet - pipe sprinkler system,1 System operated and was effective,,1.0,6.0,South of Market,"-122.412667, 37.777943",2023-10-02 06:45:40,2025-06-01 02:18:08
23132152,0,231321520,400 Post Street,2023-10-02,232750474,2023-10-02 06:35:57,2023-10-02 06:42:33,2023-10-02 06:45:49,San Francisco,94102,B01,2,1362,3,11,0,0,0,0,,500.0,500.0,0,0,0,0,1,"745 Alarm system activation, no fire  -  unintentional",N None,86 Investigate,86 Investigate,"00 Action taken, other",1 Detector alerted occupants,161 Restaurant or cafeteria,00 Other area of fire origin,1 Intentional,UU Undetermined,,UU Undetermined,UU Undetermined,N None,1 Enclosed building,2 In normal use,1.0,,NO,,,,,1 Present,1 Smoke,2 Detector operated,"1 Detector alerted occupants, occupants responded",,N None Present,1 Wet - pipe sprinkler system,1 System operated and was effective,,1.0,3.0,Nob Hill,"-122.408503, 37.788351",2023-10-02 06:45:49,2025-06-01 02:18:08
23132158,0,231321580,105 Banks Street,2023-10-02,232750482,2023-10-02 06:42:25,2023-10-02 06:47:24,2023-10-02 06:49:59,San Francisco,94110,B10,32,5727,4,14,0,0,0,0,,500.0,500.0,0,0,0,0,1,"743 Smoke detector activation, no fire  -  unintentional",N None,86 Investigate,86 Investigate,"00 Action taken, other",1 Detector alerted occupants,429 Multifamily dwelling,00 Other area of fire origin,1 Intentional,UU Undetermined,,UU Undetermined,UU Undetermined,N None,1 Enclosed building,2 In normal use,1.0,,NO,,,,,1 Present,1 Smoke,2 Detector operated,"1 Detector alerted occupants, occupants responded",,N None Present,1 Wet - pipe sprinkler system,1 System operated and was effective,,1.0,9.0,Bernal Heights,"-122.412512, 37.741327",2023-10-02 06:49:59,2025-06-01 02:18:08
23132160,0,231321600,34 6th Street,2023-10-02,232750487,2023-10-02 06:45:11,2023-10-02 06:47:40,2023-10-02 06:50:54,San Francisco,94103,B02,1,2248,6,24,0,0,0,0,,500.0,500.0,0,0,0,0,1,735 Alarm system sounded due to malfunction,N None,86 Investigate,86 Investigate,"00 Action taken, other",1 Detector alerted occupants,"439 Boarding/rooming house, residential hotels",00 Other area of fire origin,1 Intentional,UU Undetermined,,UU Undetermined,UU Undetermined,N None,1 Enclosed building,2 In normal use,1.0,,NO,,,,,1 Present,1 Smoke,2 Detector operated,"1 Detector alerted occupants, occupants responded",,N None Present,1 Wet - pipe sprinkler system,1 System operated and was effective,,1.0,6.0,South of Market,"-122.409857, 37.781459",2023-10-02 06:50:54,2025-06-01 02:18:08
23132164,0,231321640,2610 25th Street,2023-10-02,232750499,2023-10-02 06:54:25,2023-10-02 07:00:04,2023-10-02 07:02:23,San Francisco,94110,B10,9,2624,1,4,0,0,0,0,,500.0,500.0,0,0,0,0,1,444 Power line down,N None,45 Remove hazard,86 Investigate,"00 Action taken, other",1 Detector alerted occupants,"960 Street, other",00 Other area of fire origin,1 Intentional,UU Undetermined,,UU Undetermined,UU Undetermined,N None,1 Enclosed building,2 In normal use,1.0,,NO,,,,,1 Present,1 Smoke,2 Detector operated,"1 Detector alerted occupants, occupants responded",,N None Present,1 Wet - pipe sprinkler system,1 System operated and was effective,,1.0,10.0,Mission,"-122.404417, 37.751904",2023-10-02 07:02:23,2025-06-01 02:18:08
23132165,0,231321650,Turk Street,2023-10-02,232750502,2023-10-02 06:55:27,2023-10-02 07:00:48,2023-10-02 07:01:19,San Francisco,94102,B02,5,3216,1,4,0,0,0,0,,500.0,500.0,0,0,0,0,1,"600 Good intent call, other",N None,86 Investigate,86 Investigate,"00 Action taken, other",1 Detector alerted occupants,963 Street or road in commercial area,00 Other area of fire origin,1 Intentional,UU Undetermined,,UU Undetermined,UU Undetermined,N None,1 Enclosed building,2 In normal use,1.0,,NO,,,,,1 Present,1 Smoke,2 Detector operated,"1 Detector alerted occupants, occupants responded",,N None Present,1 Wet - pipe sprinkler system,1 System operated and was effective,,1.0,2.0,Western Addition,"-122.422277, 37.781753",2023-10-02 07:01:19,2025-06-01 02:18:08
23132169,0,231321690,900 Hyde Street,2023-10-02,232750540,2023-10-02 07:08:48,2023-10-02 07:12:53,2023-10-02 07:16:40,San Francisco,94109,B04,3,1561,3,10,0,0,0,0,,500.0,500.0,0,0,0,0,1,"710 Malicious, mischievous false call, other",N None,86 Investigate,86 Investigate,"00 Action taken, other",1 Detector alerted occupants,"439 Boarding/rooming house, residential hotels",00 Other area of fire origin,1 Intentional,UU Undetermined,,UU Undetermined,UU Undetermined,N None,1 Enclosed building,2 In normal use,1.0,,NO,,,,,1 Present,1 Smoke,2 Detector operated,"1 Detector alerted occupants, occupants responded",,N None Present,1 Wet - pipe sprinkler system,1 System operated and was effective,,1.0,3.0,Nob Hill,"-122.416554, 37.789631",2023-10-02 07:16:40,2025-06-01 02:18:08
23132173,0,231321730,Laguna Street,2023-10-02,232750559,2023-10-02 07:19:30,2023-10-02 07:25:01,2023-10-02 07:28:03,San Francisco,94102,B02,36,3414,1,4,0,0,0,0,,500.0,500.0,0,0,0,0,1,"440 Electrical  wiring/equipment problem, other",N None,45 Remove hazard,86 Investigate,"00 Action taken, other",1 Detector alerted occupants,"960 Street, other",00 Other area of fire origin,1 Intentional,UU Undetermined,,UU Undetermined,UU Undetermined,N None,1 Enclosed building,2 In normal use,1.0,,NO,,,,,1 Present,1 Smoke,2 Detector operated,"1 Detector alerted occupants, occupants responded",,N None Present,1 Wet - pipe sprinkler system,1 System operated and was effective,,1.0,5.0,Hayes Valley,"-122.425892, 37.774599",2023-10-02 07:28:03,2025-06-01 02:18:08
23132176,0,231321760,34 6th Street,2023-10-02,232750568,2023-10-02 07:23:10,2023-10-02 07:28:26,2023-10-02 07:41:04,San Francisco,94103,B02,1,2248,3,11,0,0,0,0,,500.0,500.0,0,0,0,0,1,735 Alarm system sounded due to malfunction,N None,86 Investigate,86 Investigate,"00 Action taken, other",1 Detector alerted occupants,"439 Boarding/rooming house, residential hotels",00 Other area of fire origin,1 Intentional,UU Undetermined,,UU Undetermined,UU Undetermined,N None,1 Enclosed building,2 In normal use,1.0,,NO,,,,,1 Present,1 Smoke,2 Detector operated,"1 Detector alerted occupants, occupants responded",,N None Present,1 Wet - pipe sprinkler system,1 System operated and was effective,,1.0,6.0,South of Market,"-122.409857, 37.781459",2023-10-02 07:41:04,2025-06-01 02:18:08
23132177,0,231321770,945 Market Street,2023-10-02,232750570,2023-10-02 07:24:46,2023-10-02 07:29:31,2023-10-02 07:34:23,San Francisco,94103,B01,1,2247,3,10,0,0,0,0,,500.0,500.0,0,0,0,0,1,"745 Alarm system activation, no fire  -  unintentional",N None,86 Investigate,86 Investigate,"00 Action taken, other",1 Detector alerted occupants,581 Department or discount store,00 Other area of fire origin,1 Intentional,UU Undetermined,,UU Undetermined,UU Undetermined,N None,1 Enclosed building,2 In normal use,1.0,,NO,,,,,1 Present,1 Smoke,2 Detector operated,"1 Detector alerted occupants, occupants responded",,N None Present,1 Wet - pipe sprinkler system,1 System operated and was effective,,1.0,6.0,South of Market,"-122.408767, 37.783339",2023-10-02 07:34:23,2025-06-01 02:18:08
23132178,0,231321780,1443 7th Avenue,2023-10-02,232750571,2023-10-02 07:25:00,2023-10-02 07:30:51,2023-10-02 07:35:56,San Francisco,94122,B08,22,7331,1,4,0,0,0,0,,500.0,500.0,0,0,0,0,1,444 Power line down,N None,86 Investigate,73 Provide manpower,"00 Action taken, other",1 Detector alerted occupants,419 1 or 2 family dwelling,00 Other area of fire origin,1 Intentional,UU Undetermined,,UU Undetermined,UU Undetermined,N None,1 Enclosed building,2 In normal use,1.0,,NO,,,,,1 Present,1 Smoke,2 Detector operated,"1 Detector alerted occupants, occupants responded",,N None Present,1 Wet - pipe sprinkler system,1 System operated and was effective,,1.0,7.0,Inner Sunset,"-122.464072, 37.761455",2023-10-02 07:35:56,2025-06-01 02:18:08
23132183,0,231321830,1296 Shotwell Street,2023-10-02,232750595,2023-10-02 07:32:29,2023-10-02 07:35:53,2023-10-02 08:21:37,San Francisco,94110,B06,11,5623,8,28,1,2,1,2,,500.0,500.0,0,0,0,0,1,"113 Cooking fire, confined to container",N None,63 Restore fire alarm system,86 Investigate,"00 Action taken, other",1 Detector alerted occupants,429 Multifamily dwelling,00 Other area of fire origin,1 Intentional,UU Undetermined,,UU Undetermined,UU Undetermined,N None,1 Enclosed building,2 In normal use,1.0,,NO,,,,,1 Present,1 Smoke,2 Detector operated,"1 Detector alerted occupants, occupants responded",,N None Present,1 Wet - pipe sprinkler system,1 System operated and was effective,,1.0,9.0,Mission,"-122.415015, 37.748313",2023-10-02 08:21:37,2025-06-01 02:18:08
23132184,0,231321840,Oak Street,2023-10-02,232750597,2023-10-02 07:34:47,2023-10-02 07:41:56,2023-10-02 07:43:52,San Francisco,94117,B05,6,3632,1,4,0,0,0,0,,500.0,500.0,0,0,0,0,1,"550 Public service assistance, other",N None,86 Investigate,86 Investigate,"00 Action taken, other",1 Detector alerted occupants,"960 Street, other",00 Other area of fire origin,1 Intentional,UU Undetermined,,UU Undetermined,UU Undetermined,N None,1 Enclosed building,2 In normal use,1.0,,NO,,,,,1 Present,1 Smoke,2 Detector operated,"1 Detector alerted occupants, occupants responded",,N None Present,1 Wet - pipe sprinkler system,1 System operated and was effective,,1.0,5.0,Hayes Valley,"-122.432469, 37.773757",2023-10-02 07:43:52,2025-06-01 02:18:08
23132186,0,231321860,John F Kennedy Drive,2023-10-02,232750622,2023-10-02 07:44:24,2023-10-02 07:49:31,2023-10-02 08:06:23,San Francisco,94121,B07,34,7262,2,8,0,0,0,0,,500.0,500.0,0,0,0,0,1,323 Motor vehicle/pedestrian accident (MV Ped),N None,86 Investigate,86 Investigate,"00 Action taken, other",1 Detector alerted occupants,"960 Street, other",00 Other area of fire origin,1 Intentional,UU Undetermined,,UU Undetermined,UU Undetermined,N None,1 Enclosed building,2 In normal use,1.0,,NO,,,,,1 Present,1 Smoke,2 Detector operated,"1 Detector alerted occupants, occupants responded",,N None Present,1 Wet - pipe sprinkler system,1 System operated and was effective,,1.0,4.0,Golden Gate Park,"-122.500459, 37.768154",2023-10-02 08:06:23,2025-06-01 02:18:08
23132189,0,231321890,Cleary Court,2023-10-02,232750653,2023-10-02 07:56:39,2023-10-02 08:00:42,2023-10-02 08:02:41,San Francisco,94109,B04,38,3323,1,4,0,0,0,0,,500.0,500.0,0,0,0,0,1,"600 Good intent call, other",N None,86 Investigate,86 Investigate,"00 Action taken, other",1 Detector alerted occupants,963 Street or road in commercial area,00 Other area of fire origin,1 Intentional,UU Undetermined,,UU Undetermined,UU Undetermined,N None,1 Enclosed building,2 In normal use,1.0,,NO,,,,,1 Present,1 Smoke,2 Detector operated,"1 Detector alerted occupants, occupants responded",,N None Present,1 Wet - pipe sprinkler system,1 System operated and was effective,,1.0,2.0,Western Addition,"-122.426449, 37.785151",2023-10-02 08:02:41,2025-06-01 02:18:08
23132197,0,231321970,2744 Balboa Street,2023-10-02,232750690,2023-10-02 08:12:32,2023-10-02 08:13:42,2023-10-02 08:40:41,San Francisco,94121,B07,14,7225,8,28,1,2,1,2,,500.0,500.0,0,0,0,0,1,"651 Smoke scare, odor of smoke",N None,86 Investigate,86 Investigate,"00 Action taken, other",1 Detector alerted occupants,429 Multifamily dwelling,00 Other area of fire origin,1 Intentional,UU Undetermined,,UU Undetermined,UU Undetermined,N None,1 Enclosed building,2 In normal use,1.0,,NO,,,,,1 Present,1 Smoke,2 Detector operated,"1 Detector alerted occupants, occupants responded",,N None Present,1 Wet - pipe sprinkler system,1 System operated and was effective,,1.0,1.0,Outer Richmond,"-122.488163, 37.776199",2023-10-02 08:40:41,2025-06-01 02:18:08
23132199,0,231321990,605 Market Street,2023-10-02,232750697,2023-10-02 08:14:08,2023-10-02 08:19:57,2023-10-02 08:21:42,San Francisco,94105,B03,1,2144,1,4,0,0,0,0,,1000.0,1000.0,0,0,0,0,1,"150 Outside rubbish fire, other",N None,11 Extinguishment by fire service personnel,86 Investigate,"00 Action taken, other",1 Detector alerted occupants,"000 Property Use, other",00 Other area of fire origin,1 Intentional,UU Undetermined,,UU Undetermined,UU Undetermined,N None,1 Enclosed building,2 In normal use,1.0,,NO,,,,,1 Present,1 Smoke,2 Detector operated,"1 Detector alerted occupants, occupants responded",,N None Present,1 Wet - pipe sprinkler system,1 System operated and was effective,,1.0,6.0,Financial District/South Beach,"-122.40146, 37.789103",2023-10-02 08:21:42,2025-06-01 02:18:08
23132202,0,231322020,45 Fremont Street,2023-10-02,232750717,2023-10-02 08:21:16,2023-10-02 08:27:29,2023-10-02 08:30:49,San Francisco,94105,B03,35,2126,3,10,0,0,0,0,,500.0,500.0,0,0,0,0,1,"700 False alarm or false call, other",N None,86 Investigate,86 Investigate,"00 Action taken, other",1 Detector alerted occupants,"500 Mercantile, business, other",00 Other area of fire origin,1 Intentional,UU Undetermined,,UU Undetermined,UU Undetermined,N None,1 Enclosed building,2 In normal use,1.0,,NO,,,,,1 Present,1 Smoke,2 Detector operated,"1 Detector alerted occupants, occupants responded",,N None Present,1 Wet - pipe sprinkler system,1 System operated and was effective,,1.0,6.0,Financial District/South Beach,"-122.397493, 37.791195",2023-10-02 08:30:49,2025-06-01 02:18:08
23132204,0,231322040,988 Howard Street,2023-10-02,232750736,2023-10-02 08:26:51,2023-10-02 08:37:25,2023-10-02 08:43:20,San Francisco,94103,B03,1,2252,1,5,0,0,0,0,,500.0,500.0,0,0,0,0,1,554 Assist invalid,N None,71 Assist physically disabled,86 Investigate,"00 Action taken, other",1 Detector alerted occupants,"400 Residential, other",00 Other area of fire origin,1 Intentional,UU Undetermined,,UU Undetermined,UU Undetermined,N None,1 Enclosed building,2 In normal use,1.0,,NO,,,,,1 Present,1 Smoke,2 Detector operated,"1 Detector alerted occupants, occupants responded",,N None Present,1 Wet - pipe sprinkler system,1 System operated and was effective,,1.0,6.0,South of Market,"-122.407139, 37.780076",2023-10-02 08:43:20,2025-06-01 02:18:08
23132211,0,231322110,429 Stockton Street,2023-10-02,232750784,2023-10-02 08:41:22,2023-10-02 08:48:36,2023-10-02 09:01:12,San Francisco,94108,B01,13,1324,1,5,0,0,0,0,,500.0,500.0,0,0,0,0,1,552 Police matter,N None,73 Provide manpower,86 Investigate,"00 Action taken, other",1 Detector alerted occupants,NNN None,00 Other area of fire origin,1 Intentional,UU Undetermined,,UU Undetermined,UU Undetermined,N None,1 Enclosed building,2 In normal use,1.0,,NO,,,,,1 Present,1 Smoke,2 Detector operated,"1 Detector alerted occupants, occupants responded",,N None Present,1 Wet - pipe sprinkler system,1 System operated and was effective,,1.0,3.0,Financial District/South Beach,"-122.407105, 37.789718",2023-10-02 09:01:12,2025-06-01 02:18:08
23132213,0,231322130,1105 Post Street,2023-10-02,232750790,2023-10-02 08:42:39,2023-10-02 08:51:11,2023-10-02 08:53:32,San Francisco,94109,B04,3,3161,1,5,0,0,0,0,,500.0,500.0,0,0,0,0,1,554 Assist invalid,N None,73 Provide manpower,86 Investigate,"00 Action taken, other",1 Detector alerted occupants,429 Multifamily dwelling,00 Other area of fire origin,1 Intentional,UU Undetermined,,UU Undetermined,UU Undetermined,N None,1 Enclosed building,2 In normal use,1.0,,NO,,,,,1 Present,1 Smoke,2 Detector operated,"1 Detector alerted occupants, occupants responded",,N None Present,1 Wet - pipe sprinkler system,1 System operated and was effective,,1.0,3.0,Tenderloin,"-122.420103, 37.786618",2023-10-02 08:53:32,2025-06-01 02:18:08
23132222,0,231322220,550 Buena Vista Avenue West,2023-10-02,232750869,2023-10-02 09:04:54,2023-10-02 09:09:26,2023-10-02 09:24:54,San Francisco,94117,B05,12,5142,1,4,0,0,0,0,,500.0,500.0,0,0,0,0,1,"600 Good intent call, other",N None,86 Investigate,86 Investigate,"00 Action taken, other",1 Detector alerted occupants,UUU Undetermined,00 Other area of fire origin,1 Intentional,UU Undetermined,,UU Undetermined,UU Undetermined,N None,1 Enclosed building,2 In normal use,1.0,,NO,,,,,1 Present,1 Smoke,2 Detector operated,"1 Detector alerted occupants, occupants responded",,N None Present,1 Wet - pipe sprinkler system,1 System operated and was effective,,1.0,8.0,Haight Ashbury,"-122.441379, 37.768564",2023-10-02 09:24:54,2025-06-01 02:18:08
23132223,0,231322230,1828 Egbert Avenue,2023-10-02,232750875,2023-10-02 09:06:46,2023-10-02 09:09:46,2023-10-02 09:29:07,San Francisco,94124,B10,42,6476,3,10,0,0,0,0,,500.0,500.0,0,0,0,0,1,735 Alarm system sounded due to malfunction,N None,86 Investigate,86 Investigate,"00 Action taken, other",1 Detector alerted occupants,899 Residential or self - storage units,00 Other area of fire origin,1 Intentional,UU Undetermined,,UU Undetermined,UU Undetermined,N None,1 Enclosed building,2 In normal use,1.0,,NO,,,,,1 Present,1 Smoke,2 Detector operated,"1 Detector alerted occupants, occupants responded",,N None Present,1 Wet - pipe sprinkler system,1 System operated and was effective,,1.0,10.0,Bayview Hunters Point,"-122.400134, 37.727053",2023-10-02 09:29:07,2025-06-01 02:18:08
23132227,0,231322270,3245 Irving Street,2023-10-02,232750897,2023-10-02 09:14:17,2023-10-02 09:18:50,2023-10-02 09:20:29,San Francisco,94122,B08,23,7564,1,4,0,0,0,0,,500.0,500.0,0,0,0,0,1,531 Smoke or odor removal,N None,86 Investigate,86 Investigate,"00 Action taken, other",1 Detector alerted occupants,419 1 or 2 family dwelling,00 Other area of fire origin,1 Intentional,UU Undetermined,,UU Undetermined,UU Undetermined,N None,1 Enclosed building,2 In normal use,1.0,,NO,,,,,1 Present,1 Smoke,2 Detector operated,"1 Detector alerted occupants, occupants responded",,N None Present,1 Wet - pipe sprinkler system,1 System operated and was effective,,1.0,4.0,Sunset/Parkside,"-122.492612, 37.76281",2023-10-02 09:20:29,2025-06-01 02:18:08
23132230,0,231322300,1979 Funston Avenue,2023-10-02,232750914,2023-10-02 09:19:15,2023-10-02 09:23:25,2023-10-02 09:26:15,San Francisco,94116,B08,40,7354,3,10,0,0,0,0,,500.0,500.0,0,0,0,0,1,"500 Service Call, other",N None,"00 Action taken, other",86 Investigate,"00 Action taken, other",1 Detector alerted occupants,"000 Property Use, other",00 Other area of fire origin,1 Intentional,UU Undetermined,,UU Undetermined,UU Undetermined,N None,1 Enclosed building,2 In normal use,1.0,,NO,,,,,1 Present,1 Smoke,2 Detector operated,"1 Detector alerted occupants, occupants responded",,N None Present,1 Wet - pipe sprinkler system,1 System operated and was effective,,1.0,7.0,Inner Sunset,"-122.469416, 37.751147",2023-10-02 09:26:15,2025-06-01 02:18:08
23132233,0,231322330,Sloat Bl,2023-10-02,232750933,2023-10-02 09:26:47,2023-10-02 09:32:39,2023-10-02 09:40:50,San Francisco,94132,B08,19,7413,1,4,0,0,0,0,,500.0,500.0,0,0,0,0,1,"150 Outside rubbish fire, other",N None,11 Extinguishment by fire service personnel,86 Investigate,"00 Action taken, other",1 Detector alerted occupants,961 Highway or divided highway,00 Other area of fire origin,1 Intentional,UU Undetermined,,UU Undetermined,UU Undetermined,N None,1 Enclosed building,2 In normal use,1.0,,NO,,,,,1 Present,1 Smoke,2 Detector operated,"1 Detector alerted occupants, occupants responded",,N None Present,1 Wet - pipe sprinkler system,1 System operated and was effective,,1.0,7.0,West of Twin Peaks,"-122.475102, 37.734623",2023-10-02 09:40:50,2025-06-01 02:18:08
23132235,0,231322350,7th Avenue,2023-10-02,232750950,2023-10-02 09:31:08,2023-10-02 09:35:12,2023-10-02 09:40:23,San Francisco,94122,B08,22,7332,1,4,0,0,0,0,,500.0,500.0,0,0,0,0,1,444 Power line down,N None,45 Remove hazard,86 Investigate,"00 Action taken, other",1 Detector alerted occupants,419 1 or 2 family dwelling,00 Other area of fire origin,1 Intentional,UU Undetermined,,UU Undetermined,UU Undetermined,N None,1 Enclosed building,2 In normal use,1.0,,NO,,,,,1 Present,1 Smoke,2 Detector operated,"1 Detector alerted occupants, occupants responded",,N None Present,1 Wet - pipe sprinkler system,1 System operated and was effective,,1.0,7.0,Inner Sunset,"-122.464236, 37.765066",2023-10-02 09:40:23,2025-06-01 02:18:08
23132241,0,231322410,865 Market Street,2023-10-02,232751002,2023-10-02 09:48:57,2023-10-02 09:53:05,2023-10-02 10:29:54,San Francisco,94103,B01,1,2247,3,10,0,0,0,0,,500.0,500.0,0,0,0,0,1,"745 Alarm system activation, no fire  -  unintentional",N None,86 Investigate,86 Investigate,"00 Action taken, other",1 Detector alerted occupants,581 Department or discount store,00 Other area of fire origin,1 Intentional,UU Undetermined,,UU Undetermined,UU Undetermined,N None,1 Enclosed building,2 In normal use,1.0,,NO,,,,,1 Present,1 Smoke,2 Detector operated,"1 Detector alerted occupants, occupants responded",,N None Present,1 Wet - pipe sprinkler system,1 System operated and was effective,,1.0,6.0,South of Market,"-122.407158, 37.783947",2023-10-02 10:29:54,2025-06-01 02:18:08
23132242,0,231322420,4366 17th Street,2023-10-02,232751009,2023-10-02 09:51:22,2023-10-02 09:53:12,2023-10-02 10:07:53,San Francisco,94114,B05,6,5254,9,33,1,2,1,2,,500.0,500.0,0,0,0,0,1,"743 Smoke detector activation, no fire  -  unintentional",N None,84 Refer to proper authority,86 Investigate,"00 Action taken, other",1 Detector alerted occupants,419 1 or 2 family dwelling,00 Other area of fire origin,1 Intentional,UU Undetermined,,UU Undetermined,UU Undetermined,N None,1 Enclosed building,2 In normal use,1.0,,NO,,,,,1 Present,1 Smoke,2 Detector operated,"1 Detector alerted occupants, occupants responded",,N None Present,1 Wet - pipe sprinkler system,1 System operated and was effective,,1.0,8.0,Castro/Upper Market,"-122.442186, 37.762136",2023-10-02 10:07:53,2025-06-01 02:18:08
23132254,0,231322540,1105 Post Street,2023-10-02,232751099,2023-10-02 10:17:56,2023-10-02 10:33:07,2023-10-02 10:43:37,San Francisco,94109,B04,3,3161,1,5,0,0,0,0,,500.0,500.0,0,0,0,0,1,554 Assist invalid,N None,73 Provide manpower,86 Investigate,"00 Action taken, other",1 Detector alerted occupants,429 Multifamily dwelling,00 Other area of fire origin,1 Intentional,UU Undetermined,,UU Undetermined,UU Undetermined,N None,1 Enclosed building,2 In normal use,1.0,,NO,,,,,1 Present,1 Smoke,2 Detector operated,"1 Detector alerted occupants, occupants responded",,N None Present,1 Wet - pipe sprinkler system,1 System operated and was effective,,1.0,3.0,Tenderloin,"-122.420103, 37.786618",2023-10-02 10:43:37,2025-06-01 02:18:08
23132260,0,231322600,250-260 King Street,2023-10-02,232751149,2023-10-02 10:35:35,2023-10-02 10:36:25,2023-10-02 10:41:44,San Francisco,94107,B03,8,2171,3,10,0,0,0,0,,500.0,500.0,0,0,0,0,1,"711 Municipal alarm system, malicious false alarm",N None,86 Investigate,86 Investigate,"00 Action taken, other",1 Detector alerted occupants,429 Multifamily dwelling,00 Other area of fire origin,1 Intentional,UU Undetermined,,UU Undetermined,UU Undetermined,N None,1 Enclosed building,2 In normal use,1.0,,NO,,,,,1 Present,1 Smoke,2 Detector operated,"1 Detector alerted occupants, occupants responded",,N None Present,1 Wet - pipe sprinkler system,1 System operated and was effective,,1.0,6.0,Mission Bay,"-122.393056, 37.777286",2023-10-02 10:41:44,2025-06-01 02:18:08
23132268,0,231322680,209 Walnut Street,2023-10-02,232751207,2023-10-02 10:51:21,2023-10-02 10:58:59,2023-10-02 11:07:42,San Francisco,94118,B04,10,4416,1,5,0,0,0,0,,500.0,500.0,0,0,0,0,1,554 Assist invalid,N None,71 Assist physically disabled,86 Investigate,"00 Action taken, other",1 Detector alerted occupants,419 1 or 2 family dwelling,00 Other area of fire origin,1 Intentional,UU Undetermined,,UU Undetermined,UU Undetermined,N None,1 Enclosed building,2 In normal use,1.0,,NO,,,,,1 Present,1 Smoke,2 Detector operated,"1 Detector alerted occupants, occupants responded",,N None Present,1 Wet - pipe sprinkler system,1 System operated and was effective,,1.0,2.0,Presidio Heights,"-122.449071, 37.789586",2023-10-02 11:07:42,2025-06-01 02:18:08
23132275,0,231322750,Newcomb Avenue,2023-10-02,232751235,2023-10-02 10:57:54,2023-10-02 11:03:01,2023-10-02 11:08:49,San Francisco,94124,B10,17,6516,1,4,0,0,0,0,,500.0,500.0,0,0,0,0,1,"151 Outside rubbish, trash or waste fire",N None,11 Extinguishment by fire service personnel,86 Investigate,"00 Action taken, other",1 Detector alerted occupants,"962 Residential street, road or residential driveway",00 Other area of fire origin,1 Intentional,UU Undetermined,,UU Undetermined,UU Undetermined,N None,1 Enclosed building,2 In normal use,1.0,,NO,,,,,1 Present,1 Smoke,2 Detector operated,"1 Detector alerted occupants, occupants responded",,N None Present,1 Wet - pipe sprinkler system,1 System operated and was effective,,1.0,10.0,Bayview Hunters Point,"-122.387911, 37.734171",2023-10-02 11:08:49,2025-06-01 02:18:08
23132281,0,231322810,155 Harriet Street,2023-10-02,232751265,2023-10-02 11:09:14,2023-10-02 11:15:58,2023-10-02 11:31:22,San Francisco,94103,B03,1,2253,3,10,0,0,0,0,,500.0,500.0,0,0,0,0,1,"745 Alarm system activation, no fire  -  unintentional",N None,86 Investigate,86 Investigate,"00 Action taken, other",1 Detector alerted occupants,429 Multifamily dwelling,00 Other area of fire origin,1 Intentional,UU Undetermined,,UU Undetermined,UU Undetermined,N None,1 Enclosed building,2 In normal use,1.0,,NO,,,,,1 Present,1 Smoke,2 Detector operated,"1 Detector alerted occupants, occupants responded",,N None Present,1 Wet - pipe sprinkler system,1 System operated and was effective,,1.0,6.0,South of Market,"-122.405139, 37.777529",2023-10-02 11:31:22,2025-06-01 02:18:08
23132284,0,231322840,130 Collingwood Street,2023-10-02,232751291,2023-10-02 11:15:32,2023-10-02 11:17:55,2023-10-02 11:30:45,San Francisco,94114,B05,6,5415,3,10,0,0,0,0,,500.0,500.0,0,0,0,0,1,"118 Trash or rubbish fire, contained",N None,11 Extinguishment by fire service personnel,86 Investigate,"00 Action taken, other",U Unknown,124 Playground,00 Other area of fire origin,1 Intentional,UU Undetermined,,UU Undetermined,UU Undetermined,N None,1 Enclosed building,2 In normal use,1.0,,NO,,,,,1 Present,1 Smoke,2 Detector operated,"1 Detector alerted occupants, occupants responded",,N None Present,1 Wet - pipe sprinkler system,1 System operated and was effective,,1.0,8.0,Castro/Upper Market,"-122.436481, 37.75979",2023-10-02 11:30:45,2025-06-01 02:18:08
23132286,0,231322860,368 11th Street,2023-10-02,232751321,2023-10-02 11:24:22,2023-10-02 11:26:17,2023-10-02 11:36:52,San Francisco,94103,B02,29,5112,3,11,0,0,0,0,,500.0,500.0,0,0,0,0,1,"745 Alarm system activation, no fire  -  unintentional",N None,86 Investigate,86 Investigate,"00 Action taken, other",1 Detector alerted occupants,429 Multifamily dwelling,00 Other area of fire origin,1 Intentional,UU Undetermined,,UU Undetermined,UU Undetermined,N None,1 Enclosed building,2 In normal use,1.0,,NO,,,,,1 Present,1 Smoke,2 Detector operated,"1 Detector alerted occupants, occupants responded",,N None Present,1 Wet - pipe sprinkler system,1 System operated and was effective,,1.0,6.0,Mission,"-122.413041, 37.770979",2023-10-02 11:36:52,2025-06-01 02:18:08
23132289,0,231322890,Egbert Avenue,2023-10-02,232751336,2023-10-02 11:27:48,2023-10-02 11:33:01,2023-10-02 11:33:01,San Francisco,94124,B10,17,6615,1,4,0,0,0,0,,500.0,500.0,0,0,0,0,1,"400 Hazardous condition, other",N None,45 Remove hazard,86 Investigate,"00 Action taken, other",1 Detector alerted occupants,"962 Residential street, road or residential driveway",00 Other area of fire origin,1 Intentional,UU Undetermined,,UU Undetermined,UU Undetermined,N None,1 Enclosed building,2 In normal use,1.0,,NO,,,,,1 Present,1 Smoke,2 Detector operated,"1 Detector alerted occupants, occupants responded",,N None Present,1 Wet - pipe sprinkler system,1 System operated and was effective,,1.0,10.0,Bayview Hunters Point,"-122.392613, 37.722658",2023-10-02 11:33:01,2025-06-01 02:18:08
23132310,0,231323100,3100 Blk Lawton Street,2023-10-02,232751485,2023-10-02 12:02:29,2023-10-02 12:06:23,2023-10-02 12:12:56,San Francisco,94122,B08,18,7572,1,4,0,0,0,0,,500.0,500.0,0,0,0,0,1,"651 Smoke scare, odor of smoke",N None,86 Investigate,86 Investigate,"00 Action taken, other",1 Detector alerted occupants,419 1 or 2 family dwelling,00 Other area of fire origin,1 Intentional,UU Undetermined,,UU Undetermined,UU Undetermined,N None,1 Enclosed building,2 In normal use,1.0,,NO,,,,,1 Present,1 Smoke,2 Detector operated,"1 Detector alerted occupants, occupants responded",,N None Present,1 Wet - pipe sprinkler system,1 System operated and was effective,,1.0,4.0,Sunset/Parkside,"-122.49602, 37.757115",2023-10-02 12:12:56,2025-06-01 02:18:08
23132321,0,231323210,19th Avenue,2023-10-02,232751561,2023-10-02 12:23:41,2023-10-02 12:30:11,2023-10-02 13:36:14,San Francisco,94132,B08,19,8427,1,4,1,2,0,0,,500.0,500.0,0,0,0,0,1,324 Motor vehicle accident with no injuries.,N None,31 Provide first aid & check for injuries,86 Investigate,"00 Action taken, other",1 Detector alerted occupants,"960 Street, other",00 Other area of fire origin,1 Intentional,UU Undetermined,,UU Undetermined,UU Undetermined,N None,1 Enclosed building,2 In normal use,1.0,,NO,,,,,1 Present,1 Smoke,2 Detector operated,"1 Detector alerted occupants, occupants responded",,N None Present,1 Wet - pipe sprinkler system,1 System operated and was effective,,1.0,11.0,Oceanview/Merced/Ingleside,"-122.47257, 37.717173",2023-10-02 13:36:14,2025-06-01 02:18:08
23132325,0,231323250,2555 Market Street,2023-10-02,232751580,2023-10-02 12:26:57,2023-10-02 12:30:41,2023-10-02 12:34:29,San Francisco,94114,B05,6,5415,1,4,0,0,0,0,,500.0,500.0,0,0,0,0,1,622 No incident found on arrival at dispatch address,N None,86 Investigate,86 Investigate,"00 Action taken, other",1 Detector alerted occupants,"960 Street, other",00 Other area of fire origin,1 Intentional,UU Undetermined,,UU Undetermined,UU Undetermined,N None,1 Enclosed building,2 In normal use,1.0,,NO,,,,,1 Present,1 Smoke,2 Detector operated,"1 Detector alerted occupants, occupants responded",,N None Present,1 Wet - pipe sprinkler system,1 System operated and was effective,,1.0,8.0,Castro/Upper Market,"-122.436792, 37.761939",2023-10-02 12:34:29,2025-06-01 02:18:08
23132333,0,231323330,1966 Eddy Street,2023-10-02,232751632,2023-10-02 12:39:56,2023-10-02 12:45:30,2023-10-02 14:29:18,San Francisco,94115,B05,21,4241,1,5,1,2,0,0,,500.0,500.0,0,0,0,0,1,554 Assist invalid,N None,32 Provide basic life support (BLS),86 Investigate,"00 Action taken, other",1 Detector alerted occupants,429 Multifamily dwelling,00 Other area of fire origin,1 Intentional,UU Undetermined,,UU Undetermined,UU Undetermined,N None,1 Enclosed building,2 In normal use,1.0,,NO,,,,,1 Present,1 Smoke,2 Detector operated,"1 Detector alerted occupants, occupants responded",,N None Present,1 Wet - pipe sprinkler system,1 System operated and was effective,,1.0,5.0,Western Addition,"-122.440032, 37.780515",2023-10-02 14:29:18,2025-06-01 02:18:08
23132335,0,231323350,1000 Sutter Street,2023-10-02,232751668,2023-10-02 12:49:08,2023-10-02 12:53:01,2023-10-02 13:04:54,San Francisco,94109,B04,3,1557,3,10,0,0,0,0,,500.0,500.0,0,0,0,0,1,"700 False alarm or false call, other",N None,86 Investigate,86 Investigate,"00 Action taken, other",1 Detector alerted occupants,"000 Property Use, other",00 Other area of fire origin,1 Intentional,UU Undetermined,,UU Undetermined,UU Undetermined,N None,1 Enclosed building,2 In normal use,1.0,,NO,,,,,1 Present,1 Smoke,2 Detector operated,"1 Detector alerted occupants, occupants responded",,N None Present,1 Wet - pipe sprinkler system,1 System operated and was effective,,1.0,3.0,Nob Hill,"-122.417071, 37.788283",2023-10-02 13:04:54,2025-06-01 02:18:08
23132338,0,231323380,250-260 King Street,2023-10-02,232751688,2023-10-02 12:53:25,2023-10-02 12:57:12,2023-10-02 12:59:23,San Francisco,94107,B03,8,2171,3,10,0,0,0,0,,500.0,500.0,0,0,0,0,1,"711 Municipal alarm system, malicious false alarm",N None,86 Investigate,86 Investigate,"00 Action taken, other",1 Detector alerted occupants,429 Multifamily dwelling,00 Other area of fire origin,1 Intentional,UU Undetermined,,UU Undetermined,UU Undetermined,N None,1 Enclosed building,2 In normal use,1.0,,NO,,,,,1 Present,1 Smoke,2 Detector operated,"1 Detector alerted occupants, occupants responded",,N None Present,1 Wet - pipe sprinkler system,1 System operated and was effective,,1.0,6.0,Mission Bay,"-122.393056, 37.777286",2023-10-02 12:59:23,2025-06-01 02:18:08
23132340,0,231323400,2500 Arelious Walker Drive,2023-10-02,232751709,2023-10-02 12:59:07,2023-10-02 13:04:19,2023-10-02 13:15:12,San Francisco,94124,B10,17,6615,3,10,0,0,0,0,,500.0,500.0,0,0,0,0,1,"743 Smoke detector activation, no fire  -  unintentional",N None,63 Restore fire alarm system,86 Investigate,"00 Action taken, other",1 Detector alerted occupants,429 Multifamily dwelling,00 Other area of fire origin,1 Intentional,UU Undetermined,,UU Undetermined,UU Undetermined,N None,1 Enclosed building,2 In normal use,1.0,,NO,,,,,1 Present,1 Smoke,2 Detector operated,"1 Detector alerted occupants, occupants responded",,N None Present,1 Wet - pipe sprinkler system,1 System operated and was effective,,1.0,10.0,Bayview Hunters Point,"-122.384208, 37.71965",2023-10-02 13:15:12,2025-06-01 02:18:08
23132343,0,231323430,50 Frida Kahlo Way,2023-10-02,232751744,2023-10-02 13:07:23,2023-10-02 13:11:11,2023-10-02 13:27:46,San Francisco,94112,B09,15,8225,3,11,0,0,0,0,,500.0,500.0,0,0,0,0,1,"730 System malfunction, other",N None,86 Investigate,86 Investigate,"00 Action taken, other",1 Detector alerted occupants,"241 Adult education center, college classroom",00 Other area of fire origin,1 Intentional,UU Undetermined,,UU Undetermined,UU Undetermined,N None,1 Enclosed building,2 In normal use,1.0,,NO,,,,,1 Present,1 Smoke,2 Detector operated,"1 Detector alerted occupants, occupants responded",,N None Present,1 Wet - pipe sprinkler system,1 System operated and was effective,,1.0,7.0,West of Twin Peaks,"-122.449868, 37.725741",2023-10-02 13:27:46,2025-06-01 02:18:08
23132346,0,231323460,1460 Church Street,2023-10-02,232751784,2023-10-02 13:17:33,2023-10-02 13:19:17,2023-10-02 13:28:45,San Francisco,94131,B06,11,5547,3,10,0,0,0,0,,500.0,500.0,0,0,0,0,1,412 Gas leak (natural gas or LPG),N None,86 Investigate,86 Investigate,"00 Action taken, other",1 Detector alerted occupants,429 Multifamily dwelling,00 Other area of fire origin,1 Intentional,UU Undetermined,,UU Undetermined,UU Undetermined,N None,1 Enclosed building,2 In normal use,1.0,,NO,,,,,1 Present,1 Smoke,2 Detector operated,"1 Detector alerted occupants, occupants responded",,N None Present,1 Wet - pipe sprinkler system,1 System operated and was effective,,1.0,8.0,Noe Valley,"-122.427114, 37.747484",2023-10-02 13:28:45,2025-06-01 02:18:08
23132359,0,231323590,75 Dore Street,2023-10-02,232751899,2023-10-02 13:45:23,2023-10-02 13:50:19,2023-10-02 14:04:56,San Francisco,94103,B02,36,2342,3,11,0,0,0,0,,500.0,500.0,0,0,0,0,1,"745 Alarm system activation, no fire  -  unintentional",N None,86 Investigate,86 Investigate,"00 Action taken, other",1 Detector alerted occupants,429 Multifamily dwelling,00 Other area of fire origin,1 Intentional,UU Undetermined,,UU Undetermined,UU Undetermined,N None,1 Enclosed building,2 In normal use,1.0,,NO,,,,,1 Present,1 Smoke,2 Detector operated,"1 Detector alerted occupants, occupants responded",,N None Present,1 Wet - pipe sprinkler system,1 System operated and was effective,,1.0,6.0,South of Market,"-122.412575, 37.77366",2023-10-02 14:04:56,2025-06-01 02:18:08
23132360,0,231323600,2700 Arelious Walker Drive,2023-10-02,232751904,2023-10-02 13:46:48,2023-10-02 13:50:37,2023-10-02 13:54:24,San Francisco,94124,B10,17,6611,3,10,0,0,0,0,,500.0,500.0,0,0,0,0,1,735 Alarm system sounded due to malfunction,N None,86 Investigate,86 Investigate,"00 Action taken, other",1 Detector alerted occupants,429 Multifamily dwelling,00 Other area of fire origin,1 Intentional,UU Undetermined,,UU Undetermined,UU Undetermined,N None,1 Enclosed building,2 In normal use,1.0,,NO,,,,,1 Present,1 Smoke,2 Detector operated,"1 Detector alerted occupants, occupants responded",,N None Present,1 Wet - pipe sprinkler system,1 System operated and was effective,,1.0,10.0,Bayview Hunters Point,"-122.385279, 37.718393",2023-10-02 13:54:24,2025-06-01 02:18:08
23132373,0,231323730,830 Sutter Street,2023-10-02,232751982,2023-10-02 14:12:17,2023-10-02 14:16:22,2023-10-02 14:18:27,San Francisco,94109,B01,3,1463,3,11,0,0,0,0,,500.0,500.0,0,0,0,0,1,"730 System malfunction, other",N None,86 Investigate,86 Investigate,"00 Action taken, other",1 Detector alerted occupants,"439 Boarding/rooming house, residential hotels",00 Other area of fire origin,1 Intentional,UU Undetermined,,UU Undetermined,UU Undetermined,N None,1 Enclosed building,2 In normal use,1.0,,NO,,,,,1 Present,1 Smoke,2 Detector operated,"1 Detector alerted occupants, occupants responded",,N None Present,1 Wet - pipe sprinkler system,1 System operated and was effective,,1.0,3.0,Nob Hill,"-122.414094, 37.788596",2023-10-02 14:18:27,2025-06-01 02:18:08
23132374,0,231323740,1150 Francisco Street,2023-10-02,232751983,2023-10-02 14:12:20,2023-10-02 14:18:18,2023-10-02 14:29:48,San Francisco,94109,B04,28,3144,3,10,0,0,0,0,,500.0,500.0,0,0,0,0,1,"700 False alarm or false call, other",N None,86 Investigate,86 Investigate,"00 Action taken, other",1 Detector alerted occupants,"000 Property Use, other",00 Other area of fire origin,1 Intentional,UU Undetermined,,UU Undetermined,UU Undetermined,N None,1 Enclosed building,2 In normal use,1.0,,NO,,,,,1 Present,1 Smoke,2 Detector operated,"1 Detector alerted occupants, occupants responded",,N None Present,1 Wet - pipe sprinkler system,1 System operated and was effective,,1.0,2.0,Russian Hill,"-122.424137, 37.803705",2023-10-02 14:29:48,2025-06-01 02:18:08
23132377,0,231323770,Vermont Street,2023-10-02,232752004,2023-10-02 14:19:35,2023-10-02 14:20:45,2023-10-02 14:37:56,San Francisco,94103,B03,29,2326,4,14,2,3,0,0,,500.0,500.0,0,0,0,0,1,322 Motor vehicle accident with injuries,N None,31 Provide first aid & check for injuries,86 Investigate,"00 Action taken, other",1 Detector alerted occupants,"960 Street, other",00 Other area of fire origin,1 Intentional,UU Undetermined,,UU Undetermined,UU Undetermined,N None,1 Enclosed building,2 In normal use,1.0,,NO,,,,,1 Present,1 Smoke,2 Detector operated,"1 Detector alerted occupants, occupants responded",,N None Present,1 Wet - pipe sprinkler system,1 System operated and was effective,,1.0,6.0,Mission,"-122.404878, 37.768532",2023-10-02 14:37:56,2025-06-01 02:18:08
23132378,0,231323780,1979 Funston Avenue,2023-10-02,232752013,2023-10-02 14:23:24,2023-10-02 14:27:27,2023-10-02 14:36:23,San Francisco,94116,B08,40,7354,3,10,0,0,0,0,,500.0,500.0,0,0,0,0,1,"500 Service Call, other",N None,"00 Action taken, other",86 Investigate,"00 Action taken, other",1 Detector alerted occupants,"000 Property Use, other",00 Other area of fire origin,1 Intentional,UU Undetermined,,UU Undetermined,UU Undetermined,N None,1 Enclosed building,2 In normal use,1.0,,NO,,,,,1 Present,1 Smoke,2 Detector operated,"1 Detector alerted occupants, occupants responded",,N None Present,1 Wet - pipe sprinkler system,1 System operated and was effective,,1.0,7.0,Inner Sunset,"-122.469416, 37.751147",2023-10-02 14:36:23,2025-06-01 02:18:08
23132398,0,231323980,2240 Bryant Street,2023-10-02,232752187,2023-10-02 15:12:50,2023-10-02 15:16:32,2023-10-02 15:28:08,San Francisco,94110,B06,7,5474,3,10,0,0,0,0,,500.0,500.0,0,0,0,0,1,733 Smoke detector activation due to malfunction,N None,86 Investigate,86 Investigate,"00 Action taken, other",1 Detector alerted occupants,"400 Residential, other",00 Other area of fire origin,1 Intentional,UU Undetermined,,UU Undetermined,UU Undetermined,N None,1 Enclosed building,2 In normal use,1.0,,NO,,,,,1 Present,1 Smoke,2 Detector operated,"1 Detector alerted occupants, occupants responded",,N None Present,1 Wet - pipe sprinkler system,1 System operated and was effective,,1.0,9.0,Mission,"-122.409725, 37.75829",2023-10-02 15:28:08,2025-06-01 02:18:08
23132400,0,231324000,Oak Street,2023-10-02,232752199,2023-10-02 15:16:07,2023-10-02 15:21:09,2023-10-02 15:24:43,San Francisco,94102,B02,36,3266,1,4,0,0,0,0,,500.0,500.0,0,0,0,0,1,"440 Electrical  wiring/equipment problem, other",N None,86 Investigate,86 Investigate,"00 Action taken, other",1 Detector alerted occupants,"960 Street, other",00 Other area of fire origin,1 Intentional,UU Undetermined,,UU Undetermined,UU Undetermined,N None,1 Enclosed building,2 In normal use,1.0,,NO,,,,,1 Present,1 Smoke,2 Detector operated,"1 Detector alerted occupants, occupants responded",,N None Present,1 Wet - pipe sprinkler system,1 System operated and was effective,,1.0,5.0,Hayes Valley,"-122.422601, 37.77502",2023-10-02 15:24:43,2025-06-01 02:18:08
23132401,0,231324010,736 Dwight Street,2023-10-02,232752204,2023-10-02 15:18:06,2023-10-02 15:19:08,2023-10-02 15:19:08,San Francisco,94134,B09,44,6321,1,5,0,0,0,0,,500.0,500.0,0,0,0,0,1,511 Lock - out,N None,75 Provide equipment,86 Investigate,"00 Action taken, other",1 Detector alerted occupants,419 1 or 2 family dwelling,00 Other area of fire origin,1 Intentional,UU Undetermined,,UU Undetermined,UU Undetermined,N None,1 Enclosed building,2 In normal use,1.0,,NO,,,,,1 Present,1 Smoke,2 Detector operated,"1 Detector alerted occupants, occupants responded",,N None Present,1 Wet - pipe sprinkler system,1 System operated and was effective,,1.0,9.0,Portola,"-122.40943, 37.722196",2023-10-02 15:19:08,2025-06-01 02:18:08
23132402,0,231324020,2112 15th Street,2023-10-02,232752210,2023-10-02 15:20:08,2023-10-02 15:29:24,2023-10-02 15:31:07,San Francisco,94114,B05,6,5232,1,4,0,0,0,0,,500.0,500.0,0,0,0,0,1,552 Police matter,N None,"00 Action taken, other",86 Investigate,"00 Action taken, other",1 Detector alerted occupants,592 Bank,00 Other area of fire origin,1 Intentional,UU Undetermined,,UU Undetermined,UU Undetermined,N None,1 Enclosed building,2 In normal use,1.0,,NO,,,,,1 Present,1 Smoke,2 Detector operated,"1 Detector alerted occupants, occupants responded",,N None Present,1 Wet - pipe sprinkler system,1 System operated and was effective,,1.0,8.0,Castro/Upper Market,"-122.431334, 37.766039",2023-10-02 15:31:07,2025-06-01 02:18:08
23132404,0,231324040,3351 23rd Street,2023-10-02,232752219,2023-10-02 15:21:36,2023-10-02 15:26:31,2023-10-02 15:36:09,San Francisco,94110,B06,11,552,3,10,0,0,0,0,,500.0,500.0,0,0,0,0,1,"743 Smoke detector activation, no fire  -  unintentional",N None,86 Investigate,86 Investigate,"00 Action taken, other",1 Detector alerted occupants,215 High school/junior high school/middle school,00 Other area of fire origin,1 Intentional,UU Undetermined,,UU Undetermined,UU Undetermined,N None,1 Enclosed building,2 In normal use,1.0,,NO,,,,,1 Present,1 Smoke,2 Detector operated,"1 Detector alerted occupants, occupants responded",,N None Present,1 Wet - pipe sprinkler system,1 System operated and was effective,,1.0,9.0,Mission,"-122.420178, 37.753034",2023-10-02 15:36:09,2025-06-01 02:18:08
23132405,0,231324050,1950 Gough Street,2023-10-02,232752229,2023-10-02 15:24:00,2023-10-02 15:28:12,2023-10-02 15:46:55,San Francisco,94109,B04,38,3253,3,10,0,0,0,0,,500.0,500.0,0,0,0,0,1,"700 False alarm or false call, other",N None,86 Investigate,86 Investigate,"00 Action taken, other",1 Detector alerted occupants,"000 Property Use, other",00 Other area of fire origin,1 Intentional,UU Undetermined,,UU Undetermined,UU Undetermined,N None,1 Enclosed building,2 In normal use,1.0,,NO,,,,,1 Present,1 Smoke,2 Detector operated,"1 Detector alerted occupants, occupants responded",,N None Present,1 Wet - pipe sprinkler system,1 System operated and was effective,,1.0,2.0,Pacific Heights,"-122.42581, 37.791334",2023-10-02 15:46:55,2025-06-01 02:18:08
23132420,0,231324200,70 4th Street,2023-10-02,232752371,2023-10-02 16:01:50,2023-10-02 16:08:27,2023-10-02 16:10:30,San Francisco,94103,B03,1,2213,1,4,0,0,0,0,,500.0,500.0,0,0,0,0,1,"400 Hazardous condition, other",N None,86 Investigate,86 Investigate,"00 Action taken, other",1 Detector alerted occupants,549 Specialty shop,00 Other area of fire origin,1 Intentional,UU Undetermined,,UU Undetermined,UU Undetermined,N None,1 Enclosed building,2 In normal use,1.0,,NO,,,,,1 Present,1 Smoke,2 Detector operated,"1 Detector alerted occupants, occupants responded",,N None Present,1 Wet - pipe sprinkler system,1 System operated and was effective,,1.0,6.0,South of Market,"-122.404797, 37.784811",2023-10-02 16:10:30,2025-06-01 02:18:08
23132424,0,231324240,916 Laguna Street,2023-10-02,232752415,2023-10-02 16:13:11,2023-10-02 16:16:25,2023-10-02 16:26:06,San Francisco,94115,B02,5,3411,3,11,0,0,0,0,,500.0,500.0,0,0,0,0,1,522 Water or steam leak,N None,86 Investigate,86 Investigate,"00 Action taken, other",1 Detector alerted occupants,"131 Church, mosque, synagogue, temple, chapel",00 Other area of fire origin,1 Intentional,UU Undetermined,,UU Undetermined,UU Undetermined,N None,1 Enclosed building,2 In normal use,1.0,,NO,,,,,1 Present,1 Smoke,2 Detector operated,"1 Detector alerted occupants, occupants responded",,N None Present,1 Wet - pipe sprinkler system,1 System operated and was effective,,1.0,5.0,Western Addition,"-122.426774, 37.779408",2023-10-02 16:26:06,2025-06-01 02:18:08
23132426,0,231324260,Alabama Street,2023-10-02,232752426,2023-10-02 16:16:52,2023-10-02 16:20:42,2023-10-02 17:07:58,San Francisco,94110,B06,9,5615,4,14,2,3,0,0,,500.0,500.0,0,0,0,0,1,322 Motor vehicle accident with injuries,N None,33 Provide advanced life support (ALS),86 Investigate,"00 Action taken, other",1 Detector alerted occupants,"960 Street, other",00 Other area of fire origin,1 Intentional,UU Undetermined,,UU Undetermined,UU Undetermined,N None,1 Enclosed building,2 In normal use,1.0,,NO,,,,,1 Present,1 Smoke,2 Detector operated,"1 Detector alerted occupants, occupants responded",,N None Present,1 Wet - pipe sprinkler system,1 System operated and was effective,,1.0,9.0,Bernal Heights,"-122.410549, 37.748316",2023-10-02 17:07:58,2025-06-01 02:18:08
23132431,0,231324310,705 Natoma Street,2023-10-02,232752476,2023-10-02 16:29:03,2023-10-02 16:33:37,2023-10-02 16:36:50,San Francisco,94103,B02,1,2318,3,11,0,0,0,0,,500.0,500.0,0,0,0,0,1,"113 Cooking fire, confined to container",N None,86 Investigate,86 Investigate,"00 Action taken, other",1 Detector alerted occupants,"439 Boarding/rooming house, residential hotels",00 Other area of fire origin,1 Intentional,UU Undetermined,,UU Undetermined,UU Undetermined,N None,1 Enclosed building,2 In normal use,1.0,,NO,,,,,1 Present,1 Smoke,2 Detector operated,"1 Detector alerted occupants, occupants responded",,N None Present,1 Wet - pipe sprinkler system,1 System operated and was effective,,1.0,6.0,South of Market,"-122.41222, 37.776516",2023-10-02 16:36:50,2025-06-01 02:18:08
23132434,0,231324340,2323 Noriega Street,2023-10-02,232752517,2023-10-02 16:39:05,2023-10-02 16:43:07,2023-10-02 17:17:40,San Francisco,94122,B08,18,7515,1,5,0,0,0,0,,500.0,500.0,0,0,0,0,1,353 Removal of victim(s) from stalled elevator,N None,"23 Extricate, disentangle",86 Investigate,"00 Action taken, other",1 Detector alerted occupants,"300 Health care, detention, & correction, other",00 Other area of fire origin,1 Intentional,UU Undetermined,,UU Undetermined,UU Undetermined,N None,1 Enclosed building,2 In normal use,1.0,,NO,,,,,1 Present,1 Smoke,2 Detector operated,"1 Detector alerted occupants, occupants responded",,N None Present,1 Wet - pipe sprinkler system,1 System operated and was effective,,1.0,4.0,Sunset/Parkside,"-122.488543, 37.753638",2023-10-02 17:17:40,2025-06-01 02:18:08
23132439,0,231324390,1193 Valencia Street,2023-10-02,232752549,2023-10-02 16:48:45,2023-10-02 16:51:48,2023-10-02 17:00:03,San Francisco,94110,B06,11,5512,3,10,0,0,0,0,,500.0,500.0,0,0,0,0,1,733 Smoke detector activation due to malfunction,N None,86 Investigate,86 Investigate,"00 Action taken, other",1 Detector alerted occupants,"500 Mercantile, business, other",00 Other area of fire origin,1 Intentional,UU Undetermined,,UU Undetermined,UU Undetermined,N None,1 Enclosed building,2 In normal use,1.0,,NO,,,,,1 Present,1 Smoke,2 Detector operated,"1 Detector alerted occupants, occupants responded",,N None Present,1 Wet - pipe sprinkler system,1 System operated and was effective,,1.0,9.0,Mission,"-122.420743, 37.753866",2023-10-02 17:00:03,2025-06-01 02:18:08
23132441,0,231324410,140 Jones Street,2023-10-02,232752554,2023-10-02 16:50:38,2023-10-02 16:54:24,2023-10-02 17:08:25,San Francisco,94102,B03,3,1456,3,10,0,0,0,0,,500.0,100.0,0,0,0,0,1,"113 Cooking fire, confined to container",N None,86 Investigate,63 Restore fire alarm system,"00 Action taken, other",1 Detector alerted occupants,429 Multifamily dwelling,00 Other area of fire origin,1 Intentional,UU Undetermined,,UU Undetermined,UU Undetermined,N None,1 Enclosed building,2 In normal use,1.0,,NO,,,,,1 Present,1 Smoke,2 Detector operated,"1 Detector alerted occupants, occupants responded",,N None Present,1 Wet - pipe sprinkler system,1 System operated and was effective,,1.0,5.0,Tenderloin,"-122.412074, 37.782645",2023-10-02 17:08:25,2025-06-01 02:18:08
23132443,0,231324430,100 Fillmore Street,2023-10-02,232752562,2023-10-02 16:52:46,2023-10-02 16:59:33,2023-10-02 17:04:19,San Francisco,94114,B02,6,3525,1,5,0,0,0,0,,500.0,500.0,0,0,0,0,1,"510 Person in distress, other",N None,71 Assist physically disabled,86 Investigate,"00 Action taken, other",1 Detector alerted occupants,429 Multifamily dwelling,00 Other area of fire origin,1 Intentional,UU Undetermined,,UU Undetermined,UU Undetermined,N None,1 Enclosed building,2 In normal use,1.0,,NO,,,,,1 Present,1 Smoke,2 Detector operated,"1 Detector alerted occupants, occupants responded",,N None Present,1 Wet - pipe sprinkler system,1 System operated and was effective,,1.0,5.0,Hayes Valley,"-122.430046, 37.770532",2023-10-02 17:04:19,2025-06-01 02:18:08
23132448,0,231324480,124 Mason Street,2023-10-02,232752631,2023-10-02 17:12:38,2023-10-02 17:14:04,2023-10-02 17:33:22,San Francisco,94103,B03,1,1364,4,12,0,0,0,0,,500.0,500.0,0,0,0,0,1,"711 Municipal alarm system, malicious false alarm",N None,86 Investigate,63 Restore fire alarm system,"00 Action taken, other",1 Detector alerted occupants,429 Multifamily dwelling,00 Other area of fire origin,1 Intentional,UU Undetermined,,UU Undetermined,UU Undetermined,N None,1 Enclosed building,2 In normal use,1.0,,NO,,,,,1 Present,1 Smoke,2 Detector operated,"1 Detector alerted occupants, occupants responded",,N None Present,1 Wet - pipe sprinkler system,1 System operated and was effective,,1.0,3.0,Tenderloin,"-122.40928, 37.784622",2023-10-02 17:33:22,2025-06-01 02:18:08
23132457,0,231324570,50 Seville Street,2023-10-02,232752713,2023-10-02 17:36:29,2023-10-02 17:41:01,2023-10-02 17:43:56,San Francisco,94112,B09,43,6225,1,4,0,0,0,0,,500.0,500.0,0,0,0,0,1,"500 Service Call, other",N None,"60 Systems and services, other",86 Investigate,"00 Action taken, other",1 Detector alerted occupants,"960 Street, other",00 Other area of fire origin,1 Intentional,UU Undetermined,,UU Undetermined,UU Undetermined,N None,1 Enclosed building,2 In normal use,1.0,,NO,,,,,1 Present,1 Smoke,2 Detector operated,"1 Detector alerted occupants, occupants responded",,N None Present,1 Wet - pipe sprinkler system,1 System operated and was effective,,1.0,11.0,Excelsior,"-122.434834, 37.71196",2023-10-02 17:43:56,2025-06-01 02:18:08
23132465,0,231324650,101 Montgomery Street,2023-10-02,232752768,2023-10-02 17:53:47,2023-10-02 17:58:06,2023-10-02 18:19:11,San Francisco,94104,B01,13,1235,3,10,0,0,0,0,,500.0,500.0,0,0,0,0,1,735 Alarm system sounded due to malfunction,N None,86 Investigate,86 Investigate,"00 Action taken, other",1 Detector alerted occupants,599 Business office,00 Other area of fire origin,1 Intentional,UU Undetermined,,UU Undetermined,UU Undetermined,N None,1 Enclosed building,2 In normal use,1.0,,NO,,,,,1 Present,1 Smoke,2 Detector operated,"1 Detector alerted occupants, occupants responded",,N None Present,1 Wet - pipe sprinkler system,1 System operated and was effective,,1.0,3.0,Financial District/South Beach,"-122.402293, 37.790096",2023-10-02 18:19:11,2025-06-01 02:18:08
23132471,0,231324710,3902 26th Street,2023-10-02,232752824,2023-10-02 18:12:50,2023-10-02 18:14:28,2023-10-02 18:19:28,San Francisco,94131,B06,11,5547,1,4,0,0,0,0,,500.0,500.0,0,0,0,0,1,"600 Good intent call, other",N None,86 Investigate,86 Investigate,"00 Action taken, other",1 Detector alerted occupants,NNN None,00 Other area of fire origin,1 Intentional,UU Undetermined,,UU Undetermined,UU Undetermined,N None,1 Enclosed building,2 In normal use,1.0,,NO,,,,,1 Present,1 Smoke,2 Detector operated,"1 Detector alerted occupants, occupants responded",,N None Present,1 Wet - pipe sprinkler system,1 System operated and was effective,,1.0,8.0,Noe Valley,"-122.427259, 37.748557",2023-10-02 18:19:28,2025-06-01 02:18:08
23132474,0,231324740,Sunset Bl,2023-10-02,232752845,2023-10-02 18:19:28,2023-10-02 18:25:26,2023-10-02 18:43:32,San Francisco,94116,B08,18,7553,1,4,0,0,0,0,,500.0,500.0,0,0,0,0,1,143 Grass fire,N None,"10 Fire control or extinguishment, other",86 Investigate,"00 Action taken, other",1 Detector alerted occupants,"900 Outside or special property, other",UU Undetermined,U Cause undetermined after investigation,UU Undetermined,,UU Undetermined,UU Undetermined,N None,1 Enclosed building,2 In normal use,1.0,,NO,,,,,1 Present,1 Smoke,2 Detector operated,"1 Detector alerted occupants, occupants responded",,N None Present,1 Wet - pipe sprinkler system,1 System operated and was effective,,1.0,4.0,Sunset/Parkside,"-122.493937, 37.735059",2023-10-02 18:43:32,2025-06-01 02:18:08
23132483,0,231324830,Sloat Bl,2023-10-02,232752914,2023-10-02 18:35:06,2023-10-02 18:41:55,2023-10-02 18:44:58,San Francisco,94116,B08,19,7641,1,4,0,0,0,0,,500.0,500.0,0,0,0,0,1,622 No incident found on arrival at dispatch address,N None,86 Investigate,86 Investigate,"00 Action taken, other",1 Detector alerted occupants,"900 Outside or special property, other",00 Other area of fire origin,1 Intentional,UU Undetermined,,UU Undetermined,UU Undetermined,N None,1 Enclosed building,2 In normal use,1.0,,NO,,,,,1 Present,1 Smoke,2 Detector operated,"1 Detector alerted occupants, occupants responded",,N None Present,1 Wet - pipe sprinkler system,1 System operated and was effective,,1.0,7.0,Lakeshore,"-122.501097, 37.735204",2023-10-02 18:44:58,2025-06-01 02:18:08
23132489,0,231324890,Van Ness Avenue,2023-10-02,232752955,2023-10-02 18:46:48,2023-10-02 18:50:42,2023-10-02 18:53:48,San Francisco,94102,B02,3,3163,1,4,0,0,0,0,,500.0,500.0,0,0,0,0,1,"151 Outside rubbish, trash or waste fire",N None,11 Extinguishment by fire service personnel,86 Investigate,"00 Action taken, other",1 Detector alerted occupants,"960 Street, other",00 Other area of fire origin,1 Intentional,UU Undetermined,,UU Undetermined,UU Undetermined,N None,1 Enclosed building,2 In normal use,1.0,,NO,,,,,1 Present,1 Smoke,2 Detector operated,"1 Detector alerted occupants, occupants responded",,N None Present,1 Wet - pipe sprinkler system,1 System operated and was effective,,1.0,5.0,Tenderloin,"-122.420907, 37.78336",2023-10-02 18:53:48,2025-06-01 02:18:08
23132491,0,231324910,2412 Fillmore Street,2023-10-02,232752973,2023-10-02 18:53:36,2023-10-02 19:00:34,2023-10-02 20:01:02,San Francisco,94115,B04,38,3545,1,5,1,2,0,0,,500.0,500.0,0,0,0,0,1,"550 Public service assistance, other",N None,32 Provide basic life support (BLS),86 Investigate,"00 Action taken, other",1 Detector alerted occupants,"500 Mercantile, business, other",00 Other area of fire origin,1 Intentional,UU Undetermined,,UU Undetermined,UU Undetermined,N None,1 Enclosed building,2 In normal use,1.0,,NO,,,,,1 Present,1 Smoke,2 Detector operated,"1 Detector alerted occupants, occupants responded",,N None Present,1 Wet - pipe sprinkler system,1 System operated and was effective,,1.0,2.0,Pacific Heights,"-122.43433, 37.791762",2023-10-02 20:01:02,2025-06-01 02:18:08
23132492,0,231324920,2680 Lombard Street,2023-10-02,232752981,2023-10-02 18:54:49,2023-10-02 18:59:25,2023-10-02 19:01:22,San Francisco,94123,B04,16,4223,1,4,0,0,0,0,,500.0,500.0,0,0,0,0,1,"653 Smoke from barbecue, tar kettle",N None,86 Investigate,86 Investigate,"00 Action taken, other",1 Detector alerted occupants,419 1 or 2 family dwelling,00 Other area of fire origin,1 Intentional,UU Undetermined,,UU Undetermined,UU Undetermined,N None,1 Enclosed building,2 In normal use,1.0,,NO,,,,,1 Present,1 Smoke,2 Detector operated,"1 Detector alerted occupants, occupants responded",,N None Present,1 Wet - pipe sprinkler system,1 System operated and was effective,,1.0,2.0,Marina,"-122.445507, 37.798754",2023-10-02 19:01:22,2025-06-01 02:18:08
23132495,0,231324950,646 Washington Street,2023-10-02,232752998,2023-10-02 19:01:42,2023-10-02 19:04:52,2023-10-02 19:08:27,San Francisco,94108,B01,13,1245,1,5,0,0,0,0,,500.0,500.0,0,0,0,0,1,353 Removal of victim(s) from stalled elevator,N None,86 Investigate,86 Investigate,"00 Action taken, other",1 Detector alerted occupants,NNN None,00 Other area of fire origin,1 Intentional,UU Undetermined,,UU Undetermined,UU Undetermined,N None,1 Enclosed building,2 In normal use,1.0,,NO,,,,,1 Present,1 Smoke,2 Detector operated,"1 Detector alerted occupants, occupants responded",,N None Present,1 Wet - pipe sprinkler system,1 System operated and was effective,,1.0,3.0,Chinatown,"-122.404109, 37.795502",2023-10-02 19:08:27,2025-06-01 02:18:08
23132496,0,231324960,2727 Gough Street,2023-10-02,232753012,2023-10-02 19:07:03,2023-10-02 19:09:25,2023-10-02 19:12:45,San Francisco,94123,B04,16,3245,3,10,0,0,0,0,,500.0,500.0,0,0,0,0,1,735 Alarm system sounded due to malfunction,N None,86 Investigate,86 Investigate,"00 Action taken, other",1 Detector alerted occupants,419 1 or 2 family dwelling,00 Other area of fire origin,1 Intentional,UU Undetermined,,UU Undetermined,UU Undetermined,N None,1 Enclosed building,2 In normal use,1.0,,NO,,,,,1 Present,1 Smoke,2 Detector operated,"1 Detector alerted occupants, occupants responded",,N None Present,1 Wet - pipe sprinkler system,1 System operated and was effective,,1.0,2.0,Marina,"-122.427413, 37.798402",2023-10-02 19:12:45,2025-06-01 02:18:08
23132500,0,231325000,Market Street,2023-10-02,232753063,2023-10-02 19:19:01,2023-10-02 19:23:01,2023-10-02 19:26:39,San Francisco,94104,B01,13,1236,1,4,0,0,0,0,,500.0,500.0,0,0,0,0,1,"150 Outside rubbish fire, other",N None,11 Extinguishment by fire service personnel,86 Investigate,"00 Action taken, other",1 Detector alerted occupants,"000 Property Use, other",00 Other area of fire origin,1 Intentional,UU Undetermined,,UU Undetermined,UU Undetermined,N None,1 Enclosed building,2 In normal use,1.0,,NO,,,,,1 Present,1 Smoke,2 Detector operated,"1 Detector alerted occupants, occupants responded",,N None Present,1 Wet - pipe sprinkler system,1 System operated and was effective,,1.0,6.0,Financial District/South Beach,"-122.402877, 37.788081",2023-10-02 19:26:39,2025-06-01 02:18:08
23132503,0,231325030,220 Geary Street,2023-10-02,232753082,2023-10-02 19:22:55,2023-10-02 19:29:20,2023-10-02 19:34:04,San Francisco,94102,B01,2,1323,1,4,0,0,0,0,,500.0,500.0,0,0,0,0,1,"712 Direct tie to FD, malicious false alarm",N None,63 Restore fire alarm system,86 Investigate,"00 Action taken, other",1 Detector alerted occupants,174 Rapid transit station,00 Other area of fire origin,1 Intentional,UU Undetermined,,UU Undetermined,UU Undetermined,N None,1 Enclosed building,2 In normal use,1.0,,NO,,,,,1 Present,1 Smoke,2 Detector operated,"1 Detector alerted occupants, occupants responded",,N None Present,1 Wet - pipe sprinkler system,1 System operated and was effective,,1.0,3.0,Financial District/South Beach,"-122.406827, 37.787622",2023-10-02 19:34:04,2025-06-01 02:18:08
23132505,0,231325050,793 37th Avenue,2023-10-02,232753088,2023-10-02 19:23:59,2023-10-02 19:28:10,2023-10-02 20:31:19,San Francisco,94121,B07,34,7254,2,8,1,2,0,0,,500.0,500.0,0,0,0,0,1,323 Motor vehicle/pedestrian accident (MV Ped),N None,86 Investigate,86 Investigate,"00 Action taken, other",1 Detector alerted occupants,"400 Residential, other",00 Other area of fire origin,1 Intentional,UU Undetermined,,UU Undetermined,UU Undetermined,N None,1 Enclosed building,2 In normal use,1.0,,NO,,,,,1 Present,1 Smoke,2 Detector operated,"1 Detector alerted occupants, occupants responded",,N None Present,1 Wet - pipe sprinkler system,1 System operated and was effective,,1.0,1.0,Outer Richmond,"-122.497281, 37.774017",2023-10-02 20:31:19,2025-06-01 02:18:08
23132507,0,231325070,Sloat Bl,2023-10-02,232753090,2023-10-02 19:24:02,2023-10-02 19:35:09,2023-10-02 19:39:49,San Francisco,94132,B08,23,7733,1,4,0,0,0,0,,500.0,500.0,0,0,0,0,1,154 Dumpster or other outside trash receptacle fire,N None,86 Investigate,86 Investigate,"00 Action taken, other",1 Detector alerted occupants,937 Beach,00 Other area of fire origin,1 Intentional,UU Undetermined,,UU Undetermined,UU Undetermined,N None,1 Enclosed building,2 In normal use,1.0,,NO,,,,,1 Present,1 Smoke,2 Detector operated,"1 Detector alerted occupants, occupants responded",,N None Present,1 Wet - pipe sprinkler system,1 System operated and was effective,,1.0,7.0,Sunset/Parkside,"-122.506123, 37.735476",2023-10-02 19:39:49,2025-06-01 02:18:08
23132510,0,231325100,1103 Bowdoin Street,2023-10-02,232753115,2023-10-02 19:31:54,2023-10-02 19:40:13,2023-10-02 19:50:49,San Francisco,94134,B09,44,6321,3,10,1,2,0,0,,500.0,500.0,0,0,0,0,1,"746 Carbon monoxide detector activation, no CO",N None,86 Investigate,86 Investigate,"00 Action taken, other",1 Detector alerted occupants,"400 Residential, other",00 Other area of fire origin,1 Intentional,UU Undetermined,,UU Undetermined,UU Undetermined,N None,1 Enclosed building,2 In normal use,1.0,,NO,,,,,1 Present,1 Smoke,2 Detector operated,"1 Detector alerted occupants, occupants responded",,N None Present,1 Wet - pipe sprinkler system,1 System operated and was effective,,1.0,9.0,Portola,"-122.408903, 37.722165",2023-10-02 19:50:49,2025-06-01 02:18:08
23132511,0,231325110,2 Casa Way,2023-10-02,232753121,2023-10-02 19:33:30,2023-10-02 19:40:43,2023-10-02 19:48:05,San Francisco,94123,B04,16,3563,3,10,0,0,0,0,,500.0,500.0,0,0,0,0,1,"710 Malicious, mischievous false call, other",N None,86 Investigate,86 Investigate,"00 Action taken, other",1 Detector alerted occupants,429 Multifamily dwelling,00 Other area of fire origin,1 Intentional,UU Undetermined,,UU Undetermined,UU Undetermined,N None,1 Enclosed building,2 In normal use,1.0,,NO,,,,,1 Present,1 Smoke,2 Detector operated,"1 Detector alerted occupants, occupants responded",,N None Present,1 Wet - pipe sprinkler system,1 System operated and was effective,,1.0,2.0,Marina,"-122.438212, 37.805252",2023-10-02 19:48:05,2025-06-01 02:18:08
23132512,0,231325120,1707 Market Street,2023-10-02,232753124,2023-10-02 19:34:11,2023-10-02 19:40:28,2023-10-02 19:47:15,San Francisco,94103,B02,36,5115,3,11,4,7,0,0,,500.0,500.0,0,0,0,0,1,"311 Medical assist, assist EMS crew",N None,86 Investigate,86 Investigate,"00 Action taken, other",1 Detector alerted occupants,963 Street or road in commercial area,00 Other area of fire origin,1 Intentional,UU Undetermined,,UU Undetermined,UU Undetermined,N None,1 Enclosed building,2 In normal use,1.0,,NO,,,,,1 Present,1 Smoke,2 Detector operated,"1 Detector alerted occupants, occupants responded",,N None Present,1 Wet - pipe sprinkler system,1 System operated and was effective,,1.0,6.0,Mission,"-122.422147, 37.771986",2023-10-02 19:47:15,2025-06-01 02:18:08
23132515,0,231325150,887 Potrero Avenue,2023-10-02,232753143,2023-10-02 19:41:08,2023-10-02 19:45:47,2023-10-02 20:00:29,San Francisco,94110,B10,7,2553,3,10,0,0,0,0,,500.0,500.0,0,0,0,0,1,"743 Smoke detector activation, no fire  -  unintentional",N None,86 Investigate,86 Investigate,"00 Action taken, other",1 Detector alerted occupants,322 Alcohol or substance abuse recovery center,00 Other area of fire origin,1 Intentional,UU Undetermined,,UU Undetermined,UU Undetermined,N None,1 Enclosed building,2 In normal use,1.0,,NO,,,,,1 Present,1 Smoke,2 Detector operated,"1 Detector alerted occupants, occupants responded",,N None Present,1 Wet - pipe sprinkler system,1 System operated and was effective,,1.0,10.0,Mission,"-122.406678, 37.757726",2023-10-02 20:00:29,2025-06-01 02:18:08
23132522,0,231325220,Alemany Bl,2023-10-02,232753186,2023-10-02 19:52:45,2023-10-02 19:57:25,2023-10-02 20:05:48,San Francisco,94112,B09,33,8353,1,4,0,0,0,0,,500.0,500.0,0,0,0,0,1,"151 Outside rubbish, trash or waste fire",N None,11 Extinguishment by fire service personnel,86 Investigate,"00 Action taken, other",1 Detector alerted occupants,"400 Residential, other",UU Undetermined,U Cause undetermined after investigation,UU Undetermined,,UU Undetermined,UU Undetermined,N None,1 Enclosed building,2 In normal use,1.0,,NO,,,,,1 Present,1 Smoke,2 Detector operated,"1 Detector alerted occupants, occupants responded",,N None Present,1 Wet - pipe sprinkler system,1 System operated and was effective,,1.0,11.0,Outer Mission,"-122.451954, 37.712056",2023-10-02 20:05:48,2025-06-01 02:18:08
23132545,0,231325450,Bluxome Street,2023-10-02,232753304,2023-10-02 20:40:12,2023-10-02 20:44:34,2023-10-02 20:45:54,San Francisco,94107,B03,8,2241,1,4,0,0,0,0,,500.0,500.0,0,0,0,0,1,"150 Outside rubbish fire, other",N None,"10 Fire control or extinguishment, other",86 Investigate,"00 Action taken, other",1 Detector alerted occupants,NNN None,00 Other area of fire origin,1 Intentional,UU Undetermined,,UU Undetermined,UU Undetermined,N None,1 Enclosed building,2 In normal use,1.0,,NO,,,,,1 Present,1 Smoke,2 Detector operated,"1 Detector alerted occupants, occupants responded",,N None Present,1 Wet - pipe sprinkler system,1 System operated and was effective,,1.0,6.0,South of Market,"-122.400214, 37.774194",2023-10-02 20:45:54,2025-06-01 02:18:08
23132549,0,231325490,3543 24th Street,2023-10-02,232753328,2023-10-02 20:49:49,2023-10-02 20:54:54,2023-10-02 20:58:51,San Francisco,94110,B06,11,5524,1,4,0,0,0,0,,500.0,500.0,0,0,0,0,1,421 Chemical hazard (no spill or leak),N None,86 Investigate,86 Investigate,"00 Action taken, other",1 Detector alerted occupants,419 1 or 2 family dwelling,00 Other area of fire origin,1 Intentional,UU Undetermined,,UU Undetermined,UU Undetermined,N None,1 Enclosed building,2 In normal use,1.0,,NO,,,,,1 Present,1 Smoke,2 Detector operated,"1 Detector alerted occupants, occupants responded",,N None Present,1 Wet - pipe sprinkler system,1 System operated and was effective,,1.0,8.0,Mission,"-122.422154, 37.751946",2023-10-02 20:58:51,2025-06-01 02:18:08
23132566,0,231325660,5th Street,2023-10-02,232753427,2023-10-02 21:30:56,2023-10-02 21:37:51,2023-10-02 22:34:00,San Francisco,94103,B01,1,2247,4,14,3,5,0,0,,500.0,500.0,0,0,0,0,1,323 Motor vehicle/pedestrian accident (MV Ped),N None,"23 Extricate, disentangle",31 Provide first aid & check for injuries,"00 Action taken, other",1 Detector alerted occupants,"960 Street, other",00 Other area of fire origin,1 Intentional,UU Undetermined,,UU Undetermined,UU Undetermined,N None,1 Enclosed building,2 In normal use,1.0,,NO,,,,,1 Present,1 Smoke,2 Detector operated,"1 Detector alerted occupants, occupants responded",,N None Present,1 Wet - pipe sprinkler system,1 System operated and was effective,,1.0,6.0,Tenderloin,"-122.408068, 37.783991",2023-10-02 22:34:00,2025-06-01 02:18:08
23132567,0,231325670,745 Franklin Street,2023-10-02,232753428,2023-10-02 21:31:01,2023-10-02 21:35:06,2023-10-02 22:11:40,San Francisco,94102,B02,5,3216,3,11,0,0,0,0,,500.0,500.0,0,0,0,0,1,735 Alarm system sounded due to malfunction,N None,86 Investigate,86 Investigate,"00 Action taken, other",1 Detector alerted occupants,"150 Public or government, other",00 Other area of fire origin,1 Intentional,UU Undetermined,,UU Undetermined,UU Undetermined,N None,1 Enclosed building,2 In normal use,1.0,,NO,,,,,1 Present,1 Smoke,2 Detector operated,"1 Detector alerted occupants, occupants responded",,N None Present,1 Wet - pipe sprinkler system,1 System operated and was effective,,1.0,2.0,Western Addition,"-122.422257, 37.781194",2023-10-02 22:11:40,2025-06-01 02:18:08
23132568,0,231325680,1329 Guerrero Street,2023-10-02,232753437,2023-10-02 21:37:00,2023-10-02 21:39:12,2023-10-02 22:21:35,San Francisco,94110,B06,11,5612,3,10,0,0,0,0,,500.0,500.0,0,0,0,0,1,412 Gas leak (natural gas or LPG),N None,86 Investigate,86 Investigate,"00 Action taken, other",1 Detector alerted occupants,419 1 or 2 family dwelling,00 Other area of fire origin,1 Intentional,UU Undetermined,,UU Undetermined,UU Undetermined,N None,1 Enclosed building,2 In normal use,1.0,,NO,,,,,1 Present,1 Smoke,2 Detector operated,"1 Detector alerted occupants, occupants responded",,N None Present,1 Wet - pipe sprinkler system,1 System operated and was effective,,1.0,8.0,Mission,"-122.422594, 37.749892",2023-10-02 22:21:35,2025-06-01 02:18:08
23132584,0,231325840,350 101 Sb Z 10th Z Svn,2023-10-02,232753528,2023-10-02 22:21:22,2023-10-02 22:30:55,2023-10-02 23:08:41,San Francisco,94103,B02,36,5116,1,4,1,2,0,0,,500.0,500.0,0,0,0,0,1,322 Motor vehicle accident with injuries,N None,"30 Emergency medical services, other",86 Investigate,"00 Action taken, other",1 Detector alerted occupants,961 Highway or divided highway,00 Other area of fire origin,1 Intentional,UU Undetermined,,UU Undetermined,UU Undetermined,N None,1 Enclosed building,2 In normal use,1.0,,NO,,,,,1 Present,1 Smoke,2 Detector operated,"1 Detector alerted occupants, occupants responded",,N None Present,1 Wet - pipe sprinkler system,1 System operated and was effective,,1.0,10.0,Potrero Hill,"-122.403299, 37.756381",2023-10-02 23:08:41,2025-06-01 02:18:08
23132586,0,231325860,44 Mcallister Street,2023-10-02,232753545,2023-10-02 22:26:27,2023-10-02 22:34:04,2023-10-02 22:51:07,San Francisco,94102,B03,1,1365,1,4,0,0,0,0,,500.0,500.0,0,0,0,0,1,324 Motor vehicle accident with no injuries.,N None,86 Investigate,86 Investigate,"00 Action taken, other",1 Detector alerted occupants,429 Multifamily dwelling,00 Other area of fire origin,1 Intentional,UU Undetermined,,UU Undetermined,UU Undetermined,N None,1 Enclosed building,2 In normal use,1.0,,NO,,,,,1 Present,1 Smoke,2 Detector operated,"1 Detector alerted occupants, occupants responded",,N None Present,1 Wet - pipe sprinkler system,1 System operated and was effective,,1.0,5.0,Tenderloin,"-122.412981, 37.781086",2023-10-03 00:00:00,2025-06-01 02:18:08
23132596,0,231325960,Golden Gate Avenue,2023-10-02,232753620,2023-10-02 23:08:41,2023-10-02 23:14:15,2023-10-02 23:17:20,San Francisco,94102,B02,5,3164,1,4,0,0,0,0,,500.0,500.0,0,0,0,0,1,"151 Outside rubbish, trash or waste fire",N None,"10 Fire control or extinguishment, other",86 Investigate,"00 Action taken, other",1 Detector alerted occupants,963 Street or road in commercial area,00 Other area of fire origin,1 Intentional,UU Undetermined,,UU Undetermined,UU Undetermined,N None,1 Enclosed building,2 In normal use,1.0,,NO,,,,,1 Present,1 Smoke,2 Detector operated,"1 Detector alerted occupants, occupants responded",,N None Present,1 Wet - pipe sprinkler system,1 System operated and was effective,,1.0,5.0,Western Addition,"-122.420441, 37.78103",2023-10-02 23:17:20,2025-06-01 02:18:08
23132598,0,231325980,460 Ellis Street,2023-10-02,232753631,2023-10-02 23:13:32,2023-10-02 23:17:12,2023-10-02 23:27:16,San Francisco,94102,B03,3,1461,3,11,0,0,0,0,,500.0,500.0,0,0,0,0,1,735 Alarm system sounded due to malfunction,N None,86 Investigate,86 Investigate,"00 Action taken, other",1 Detector alerted occupants,"439 Boarding/rooming house, residential hotels",00 Other area of fire origin,1 Intentional,UU Undetermined,,UU Undetermined,UU Undetermined,N None,1 Enclosed building,2 In normal use,1.0,,NO,,,,,1 Present,1 Smoke,2 Detector operated,"1 Detector alerted occupants, occupants responded",,N None Present,1 Wet - pipe sprinkler system,1 System operated and was effective,,1.0,5.0,Tenderloin,"-122.413788, 37.784809",2023-10-02 23:27:16,2025-06-01 02:18:08
23132600,0,231326000,4150 Geary Bl,2023-10-02,232753646,2023-10-02 23:25:26,2023-10-02 23:31:22,2023-10-02 23:37:18,San Francisco,94118,B07,31,7124,3,10,0,0,0,0,,500.0,500.0,0,0,0,0,1,"745 Alarm system activation, no fire  -  unintentional",N None,86 Investigate,86 Investigate,"00 Action taken, other",1 Detector alerted occupants,161 Restaurant or cafeteria,00 Other area of fire origin,1 Intentional,UU Undetermined,,UU Undetermined,UU Undetermined,N None,1 Enclosed building,2 In normal use,1.0,,NO,,,,,1 Present,1 Smoke,2 Detector operated,"1 Detector alerted occupants, occupants responded",,N None Present,1 Wet - pipe sprinkler system,1 System operated and was effective,,1.0,1.0,Inner Richmond,"-122.463762, 37.781113",2023-10-02 23:37:18,2025-06-01 02:18:08
23132602,0,231326020,3909 17th Street,2023-10-02,232753651,2023-10-02 23:26:55,2023-10-02 23:31:21,2023-10-02 23:36:39,San Francisco,94114,B05,6,5252,1,4,0,0,0,0,,500.0,500.0,0,0,0,0,1,622 No incident found on arrival at dispatch address,N None,86 Investigate,86 Investigate,"00 Action taken, other",1 Detector alerted occupants,429 Multifamily dwelling,00 Other area of fire origin,1 Intentional,UU Undetermined,,UU Undetermined,UU Undetermined,N None,1 Enclosed building,2 In normal use,1.0,,NO,,,,,1 Present,1 Smoke,2 Detector operated,"1 Detector alerted occupants, occupants responded",,N None Present,1 Wet - pipe sprinkler system,1 System operated and was effective,,1.0,8.0,Castro/Upper Market,"-122.433187, 37.762535",2023-10-02 23:36:39,2025-06-01 02:18:08
23132607,0,231326070,2623 18th Avenue,2023-10-02,232753671,2023-10-02 23:39:30,2023-10-02 23:43:37,2023-10-02 23:49:28,San Francisco,94116,B08,40,7411,1,4,0,0,0,0,,500.0,500.0,0,0,0,0,1,"500 Service Call, other",N None,"00 Action taken, other",86 Investigate,"00 Action taken, other",1 Detector alerted occupants,"000 Property Use, other",00 Other area of fire origin,1 Intentional,UU Undetermined,,UU Undetermined,UU Undetermined,N None,1 Enclosed building,2 In normal use,1.0,,NO,,,,,1 Present,1 Smoke,2 Detector operated,"1 Detector alerted occupants, occupants responded",,N None Present,1 Wet - pipe sprinkler system,1 System operated and was effective,,1.0,7.0,West of Twin Peaks,"-122.474418, 37.738903",2023-10-02 23:49:28,2025-06-01 02:18:08
23132609,0,231326090,556 Larkin Street,2023-10-02,232753701,2023-10-02 23:53:57,2023-10-02 23:59:43,2023-10-03 00:07:45,San Francisco,94109,B02,3,1643,1,5,0,0,0,0,,500.0,500.0,0,0,0,0,1,554 Assist invalid,N None,73 Provide manpower,86 Investigate,"00 Action taken, other",1 Detector alerted occupants,429 Multifamily dwelling,00 Other area of fire origin,1 Intentional,UU Undetermined,,UU Undetermined,UU Undetermined,N None,1 Enclosed building,2 In normal use,1.0,,NO,,,,,1 Present,1 Smoke,2 Detector operated,"1 Detector alerted occupants, occupants responded",,N None Present,1 Wet - pipe sprinkler system,1 System operated and was effective,,1.0,5.0,Tenderloin,"-122.417362, 37.782913",2023-10-03 00:07:45,2025-06-01 02:18:08
23132616,0,231326160,57 Taylor Street,2023-10-03,232760014,2023-10-03 00:13:00,2023-10-03 00:19:33,2023-10-03 00:30:14,San Francisco,94102,B03,1,1454,3,11,0,0,0,0,,500.0,500.0,0,0,0,0,1,"700 False alarm or false call, other",N None,86 Investigate,86 Investigate,"00 Action taken, other",1 Detector alerted occupants,"439 Boarding/rooming house, residential hotels",00 Other area of fire origin,1 Intentional,UU Undetermined,,UU Undetermined,UU Undetermined,N None,1 Enclosed building,2 In normal use,1.0,,NO,,,,,1 Present,1 Smoke,2 Detector operated,"1 Detector alerted occupants, occupants responded",,N None Present,1 Wet - pipe sprinkler system,1 System operated and was effective,,1.0,5.0,Tenderloin,"-122.410738, 37.782631",2023-10-03 00:30:14,2025-06-01 02:18:08
23132628,0,231326280,2810 Gough Street,2023-10-03,232760061,2023-10-03 00:44:48,2023-10-03 00:47:24,2023-10-03 00:56:25,San Francisco,94123,B04,16,3245,3,10,0,0,0,0,,500.0,500.0,0,0,0,0,1,"700 False alarm or false call, other",N None,86 Investigate,86 Investigate,"00 Action taken, other",1 Detector alerted occupants,"400 Residential, other",00 Other area of fire origin,1 Intentional,UU Undetermined,,UU Undetermined,UU Undetermined,N None,1 Enclosed building,2 In normal use,1.0,,NO,,,,,1 Present,1 Smoke,2 Detector operated,"1 Detector alerted occupants, occupants responded",,N None Present,1 Wet - pipe sprinkler system,1 System operated and was effective,,1.0,2.0,Marina,"-122.427406, 37.799226",2023-10-03 00:56:25,2025-06-01 02:18:08
23132632,0,231326320,99 Carmelita Street,2023-10-03,232760094,2023-10-03 01:22:15,2023-10-03 01:27:15,2023-10-03 02:28:07,San Francisco,94117,B05,6,3635,1,4,0,0,1,1,,125.0,500.0,0,0,0,0,1,"151 Outside rubbish, trash or waste fire",N None,11 Extinguishment by fire service personnel,86 Investigate,"00 Action taken, other",1 Detector alerted occupants,"962 Residential street, road or residential driveway","92 Highway, parking lot, street: on or near",1 Intentional,"10 Misuse of material or product, other",,"60 Heat from other open flame or smoking materials, other","92 Magazine, newspaper, writing paper",N None,1 Enclosed building,2 In normal use,1.0,,NO,,,,,1 Present,1 Smoke,2 Detector operated,"1 Detector alerted occupants, occupants responded",,N None Present,1 Wet - pipe sprinkler system,1 System operated and was effective,,1.0,8.0,Haight Ashbury,"-122.434338, 37.769871",2023-10-03 10:04:56,2025-06-01 02:18:08
23132637,0,231326370,3rd Street,2023-10-03,232760110,2023-10-03 01:38:35,2023-10-03 01:59:08,2023-10-03 02:04:56,San Francisco,94124,B10,44,6544,1,4,0,0,0,0,,500.0,500.0,0,0,0,0,1,531 Smoke or odor removal,N None,86 Investigate,86 Investigate,"00 Action taken, other",1 Detector alerted occupants,963 Street or road in commercial area,00 Other area of fire origin,1 Intentional,UU Undetermined,,UU Undetermined,UU Undetermined,N None,1 Enclosed building,2 In normal use,1.0,,NO,,,,,1 Present,1 Smoke,2 Detector operated,"1 Detector alerted occupants, occupants responded",,N None Present,1 Wet - pipe sprinkler system,1 System operated and was effective,,1.0,10.0,Bayview Hunters Point,"-122.395265, 37.723222",2023-10-03 02:04:56,2025-06-01 02:18:08
23132638,0,231326380,948 Mission Street,2023-10-03,232760134,2023-10-03 02:05:05,2023-10-03 02:15:06,2023-10-03 03:49:38,San Francisco,94103,B03,1,2251,1,5,1,2,0,0,,500.0,500.0,0,0,0,0,1,554 Assist invalid,N None,71 Assist physically disabled,86 Investigate,"00 Action taken, other",1 Detector alerted occupants,"400 Residential, other",00 Other area of fire origin,1 Intentional,UU Undetermined,,UU Undetermined,UU Undetermined,N None,1 Enclosed building,2 In normal use,1.0,,NO,,,,,1 Present,1 Smoke,2 Detector operated,"1 Detector alerted occupants, occupants responded",,N None Present,1 Wet - pipe sprinkler system,1 System operated and was effective,,1.0,6.0,South of Market,"-122.407703, 37.781863",2023-10-03 03:49:38,2025-06-01 02:18:08
23132640,0,231326400,1326 3rd Avenue,2023-10-03,232760147,2023-10-03 02:19:11,2023-10-03 02:23:04,2023-10-03 03:13:13,San Francisco,94122,B05,12,7324,3,10,0,0,0,0,,500.0,500.0,0,0,0,0,1,735 Alarm system sounded due to malfunction,N None,86 Investigate,86 Investigate,"00 Action taken, other",1 Detector alerted occupants,429 Multifamily dwelling,00 Other area of fire origin,1 Intentional,UU Undetermined,,UU Undetermined,UU Undetermined,N None,1 Enclosed building,2 In normal use,1.0,,NO,,,,,1 Present,1 Smoke,2 Detector operated,"1 Detector alerted occupants, occupants responded",,N None Present,1 Wet - pipe sprinkler system,1 System operated and was effective,,1.0,7.0,Inner Sunset,"-122.459774, 37.763919",2023-10-03 03:13:13,2025-06-01 02:18:08
23132643,0,231326430,1536 18th Street,2023-10-03,232760163,2023-10-03 02:33:15,2023-10-03 02:37:56,2023-10-03 02:51:54,San Francisco,94107,B03,37,2462,3,10,0,0,0,0,,500.0,500.0,0,0,0,0,1,"746 Carbon monoxide detector activation, no CO",N None,86 Investigate,86 Investigate,"00 Action taken, other",1 Detector alerted occupants,419 1 or 2 family dwelling,00 Other area of fire origin,1 Intentional,UU Undetermined,,UU Undetermined,UU Undetermined,N None,1 Enclosed building,2 In normal use,1.0,,NO,,,,,1 Present,1 Smoke,2 Detector operated,"1 Detector alerted occupants, occupants responded",,N None Present,1 Wet - pipe sprinkler system,1 System operated and was effective,,1.0,10.0,Potrero Hill,"-122.397882, 37.762567",2023-10-03 02:51:54,2025-06-01 02:18:08
23132645,0,231326450,Alemany Bl,2023-10-03,232760172,2023-10-03 02:41:42,2023-10-03 02:50:34,2023-10-03 02:53:03,San Francisco,94112,B09,33,8357,1,4,0,0,0,0,,500.0,500.0,0,0,0,0,1,"700 False alarm or false call, other",N None,86 Investigate,86 Investigate,"00 Action taken, other",1 Detector alerted occupants,"400 Residential, other",00 Other area of fire origin,1 Intentional,UU Undetermined,,UU Undetermined,UU Undetermined,N None,1 Enclosed building,2 In normal use,1.0,,NO,,,,,1 Present,1 Smoke,2 Detector operated,"1 Detector alerted occupants, occupants responded",,N None Present,1 Wet - pipe sprinkler system,1 System operated and was effective,,1.0,11.0,Outer Mission,"-122.457066, 37.710111",2023-10-03 02:53:03,2025-06-01 02:18:08
23132646,0,231326460,1155 Indiana Street,2023-10-03,232760174,2023-10-03 02:43:19,2023-10-03 02:51:30,2023-10-03 03:59:49,San Francisco,94107,B10,25,2535,2,9,0,0,1,1,,113184.0,500.0,0,0,0,0,1,132 Road freight or transport vehicle fire,N None,11 Extinguishment by fire service personnel,86 Investigate,"00 Action taken, other",1 Detector alerted occupants,961 Highway or divided highway,81 Operator/passenger area of transportation equipment,1 Intentional,"10 Misuse of material or product, other",,56 Incendiary device,"00 Item first ignited, other",N None,1 Enclosed building,2 In normal use,1.0,,NO,,,,,1 Present,1 Smoke,2 Detector operated,"1 Detector alerted occupants, occupants responded",,N None Present,1 Wet - pipe sprinkler system,1 System operated and was effective,,1.0,10.0,Potrero Hill,"-122.390886, 37.755686",2023-10-03 19:11:01,2025-06-01 02:18:08
23132646,1,231326461,1155 Indiana St,2023-10-03,232760174,2023-10-03 02:46:53,2023-10-03 02:51:30,2023-10-03 03:49:20,San Francisco,94107,B10,25,2535,4,12,0,0,0,0,,500.0,500.0,0,0,0,0,1,132 Road freight or transport vehicle fire,N None,11 Extinguishment by fire service personnel,86 Investigate,"00 Action taken, other",1 Detector alerted occupants,"880 Vehicle storage, other",00 Other area of fire origin,"0 Cause, other (Only used for additional exposures)",71 Exposure fire,,"60 Heat from other open flame or smoking materials, other",UU Undetermined,N None,1 Enclosed building,2 In normal use,1.0,,NO,,,,,1 Present,1 Smoke,2 Detector operated,"1 Detector alerted occupants, occupants responded",,N None Present,1 Wet - pipe sprinkler system,1 System operated and was effective,,1.0,10.0,Potrero Hill,"-122.390886, 37.755686",2023-10-03 19:11:01,2025-06-01 02:18:08
23132647,0,231326470,130 Thornton Avenue,2023-10-03,232760177,2023-10-03 02:47:21,2023-10-03 02:53:25,2023-10-03 02:59:27,San Francisco,94124,B10,17,6513,3,10,0,0,0,0,,500.0,500.0,0,0,0,0,1,733 Smoke detector activation due to malfunction,N None,86 Investigate,86 Investigate,"00 Action taken, other",1 Detector alerted occupants,"400 Residential, other",00 Other area of fire origin,1 Intentional,UU Undetermined,,UU Undetermined,UU Undetermined,N None,1 Enclosed building,2 In normal use,1.0,,NO,,,,,1 Present,1 Smoke,2 Detector operated,"1 Detector alerted occupants, occupants responded",,N None Present,1 Wet - pipe sprinkler system,1 System operated and was effective,,1.0,10.0,Bayview Hunters Point,"-122.393333, 37.73088",2023-10-03 02:59:27,2025-06-01 02:18:08
23132656,0,231326560,608 Hemlock Street,2023-10-03,232760224,2023-10-03 03:41:44,2023-10-03 03:48:12,2023-10-03 04:09:42,San Francisco,94115,B04,38,3364,3,10,0,0,0,0,,500.0,500.0,0,0,0,0,1,"700 False alarm or false call, other",N None,86 Investigate,86 Investigate,"00 Action taken, other",1 Detector alerted occupants,"400 Residential, other",00 Other area of fire origin,1 Intentional,UU Undetermined,,UU Undetermined,UU Undetermined,N None,1 Enclosed building,2 In normal use,1.0,,NO,,,,,1 Present,1 Smoke,2 Detector operated,"1 Detector alerted occupants, occupants responded",,N None Present,1 Wet - pipe sprinkler system,1 System operated and was effective,,1.0,5.0,Japantown,"-122.428376, 37.786298",2023-10-03 04:09:42,2025-06-01 02:18:08
23132660,0,231326600,1000 Amador Street,2023-10-03,232760234,2023-10-03 03:53:16,2023-10-03 04:03:28,2023-10-03 04:20:33,San Francisco,94124,B10,25,6463,2,8,0,0,0,0,,500.0,500.0,0,0,0,0,1,"150 Outside rubbish fire, other",N None,86 Investigate,86 Investigate,"00 Action taken, other",1 Detector alerted occupants,931 Open land or field,00 Other area of fire origin,1 Intentional,UU Undetermined,,UU Undetermined,UU Undetermined,N None,1 Enclosed building,2 In normal use,1.0,,NO,,,,,1 Present,1 Smoke,2 Detector operated,"1 Detector alerted occupants, occupants responded",,N None Present,1 Wet - pipe sprinkler system,1 System operated and was effective,,1.0,10.0,Bayview Hunters Point,"-122.378575, 37.743382",2023-10-03 04:20:33,2025-06-01 02:18:08
23132662,0,231326620,462 Duboce Avenue,2023-10-03,232760236,2023-10-03 03:57:20,2023-10-03 04:04:33,2023-10-03 04:11:18,San Francisco,94114,B02,6,3525,3,11,0,0,0,0,,500.0,500.0,0,0,0,0,1,735 Alarm system sounded due to malfunction,N None,86 Investigate,86 Investigate,"00 Action taken, other",1 Detector alerted occupants,429 Multifamily dwelling,00 Other area of fire origin,1 Intentional,UU Undetermined,,UU Undetermined,UU Undetermined,N None,1 Enclosed building,2 In normal use,1.0,,NO,,,,,1 Present,1 Smoke,2 Detector operated,"1 Detector alerted occupants, occupants responded",,N None Present,1 Wet - pipe sprinkler system,1 System operated and was effective,,1.0,8.0,Hayes Valley,"-122.430161, 37.769466",2023-10-03 04:11:18,2025-06-01 02:18:08
23132674,0,231326740,5th Street,2023-10-03,232760291,2023-10-03 04:42:47,2023-10-03 04:49:48,2023-10-03 04:55:14,San Francisco,94107,B03,1,2243,1,4,0,0,0,0,,500.0,500.0,0,0,0,0,1,324 Motor vehicle accident with no injuries.,N None,86 Investigate,86 Investigate,"00 Action taken, other",1 Detector alerted occupants,429 Multifamily dwelling,00 Other area of fire origin,1 Intentional,UU Undetermined,,UU Undetermined,UU Undetermined,N None,1 Enclosed building,2 In normal use,1.0,,NO,,,,,1 Present,1 Smoke,2 Detector operated,"1 Detector alerted occupants, occupants responded",,N None Present,1 Wet - pipe sprinkler system,1 System operated and was effective,,1.0,6.0,South of Market,"-122.401847, 37.779032",2023-10-03 04:55:14,2025-06-01 02:18:08
23132675,0,231326750,220 Ofarrell Street,2023-10-03,232760295,2023-10-03 04:46:13,2023-10-03 04:56:30,2023-10-03 05:13:26,San Francisco,94102,B03,3,1363,1,5,0,0,0,0,,500.0,500.0,0,0,0,0,1,551 Assist police or other governmental agency,N None,65 Secure property,86 Investigate,"00 Action taken, other",1 Detector alerted occupants,"500 Mercantile, business, other",00 Other area of fire origin,1 Intentional,UU Undetermined,,UU Undetermined,UU Undetermined,N None,1 Enclosed building,2 In normal use,1.0,,NO,,,,,1 Present,1 Smoke,2 Detector operated,"1 Detector alerted occupants, occupants responded",,N None Present,1 Wet - pipe sprinkler system,1 System operated and was effective,,1.0,3.0,Tenderloin,"-122.408445, 37.786428",2023-10-03 05:13:26,2025-06-01 02:18:08
23132681,0,231326810,1920 41st Avenue,2023-10-03,232760325,2023-10-03 05:20:13,2023-10-03 05:25:15,2023-10-03 05:30:18,San Francisco,94116,B08,18,7634,3,10,0,0,0,0,,500.0,500.0,0,0,0,0,1,"745 Alarm system activation, no fire  -  unintentional",N None,86 Investigate,86 Investigate,"00 Action taken, other",1 Detector alerted occupants,"213 Elementary school, including kindergarten",00 Other area of fire origin,1 Intentional,UU Undetermined,,UU Undetermined,UU Undetermined,N None,1 Enclosed building,2 In normal use,1.0,,NO,,,,,1 Present,1 Smoke,2 Detector operated,"1 Detector alerted occupants, occupants responded",,N None Present,1 Wet - pipe sprinkler system,1 System operated and was effective,,1.0,4.0,Sunset/Parkside,"-122.499801, 37.750733",2023-10-03 05:30:18,2025-06-01 02:18:08
23132688,0,231326880,Rankin Street,2023-10-03,232760356,2023-10-03 05:44:07,2023-10-03 05:50:01,2023-10-03 05:53:27,San Francisco,94124,B10,25,6435,1,4,0,0,0,0,,500.0,500.0,0,0,0,0,1,"151 Outside rubbish, trash or waste fire",N None,86 Investigate,86 Investigate,"00 Action taken, other",1 Detector alerted occupants,936 Vacant lot,00 Other area of fire origin,1 Intentional,UU Undetermined,,UU Undetermined,UU Undetermined,N None,1 Enclosed building,2 In normal use,1.0,,NO,,,,,1 Present,1 Smoke,2 Detector operated,"1 Detector alerted occupants, occupants responded",,N None Present,1 Wet - pipe sprinkler system,1 System operated and was effective,,1.0,10.0,Bayview Hunters Point,"-122.392185, 37.745101",2023-10-03 05:53:27,2025-06-01 02:18:08
23132690,0,231326900,1st Street,2023-10-03,232760370,2023-10-03 05:55:43,2023-10-03 06:03:41,2023-10-03 06:09:33,San Francisco,94105,B03,35,2143,1,4,0,0,0,0,,500.0,500.0,0,0,0,0,1,"151 Outside rubbish, trash or waste fire",N None,11 Extinguishment by fire service personnel,86 Investigate,"00 Action taken, other",1 Detector alerted occupants,"960 Street, other",00 Other area of fire origin,1 Intentional,UU Undetermined,,UU Undetermined,UU Undetermined,N None,1 Enclosed building,2 In normal use,1.0,,NO,,,,,1 Present,1 Smoke,2 Detector operated,"1 Detector alerted occupants, occupants responded",,N None Present,1 Wet - pipe sprinkler system,1 System operated and was effective,,1.0,6.0,Financial District/South Beach,"-122.399152, 37.791016",2023-10-03 06:09:33,2025-06-01 02:18:08
23132691,0,231326910,41 Vista Verde Court,2023-10-03,232760377,2023-10-03 06:01:51,2023-10-03 06:08:56,2023-10-03 06:32:29,San Francisco,94127,B09,15,8228,1,5,0,0,0,0,,500.0,500.0,0,0,0,0,1,"520 Water problem, other",N None,64 Shut down system,86 Investigate,"00 Action taken, other",1 Detector alerted occupants,419 1 or 2 family dwelling,00 Other area of fire origin,1 Intentional,UU Undetermined,,UU Undetermined,UU Undetermined,N None,1 Enclosed building,2 In normal use,1.0,,NO,,,,,1 Present,1 Smoke,2 Detector operated,"1 Detector alerted occupants, occupants responded",,N None Present,1 Wet - pipe sprinkler system,1 System operated and was effective,,1.0,7.0,West of Twin Peaks,"-122.444701, 37.734931",2023-10-03 06:32:29,2025-06-01 02:18:08
23132700,0,231327000,32nd Avenue,2023-10-03,232760451,2023-10-03 07:01:33,2023-10-03 07:06:21,2023-10-03 07:06:35,San Francisco,94121,B07,14,7242,1,4,0,0,0,0,,500.0,500.0,0,0,0,0,1,"150 Outside rubbish fire, other",N None,86 Investigate,86 Investigate,"00 Action taken, other",1 Detector alerted occupants,"960 Street, other",00 Other area of fire origin,1 Intentional,UU Undetermined,,UU Undetermined,UU Undetermined,N None,1 Enclosed building,2 In normal use,1.0,,NO,,,,,1 Present,1 Smoke,2 Detector operated,"1 Detector alerted occupants, occupants responded",,N None Present,1 Wet - pipe sprinkler system,1 System operated and was effective,,1.0,1.0,Golden Gate Park,"-122.491688, 37.772226",2023-10-03 07:06:35,2025-06-01 02:18:08
23132705,0,231327050,Battery Street,2023-10-03,232760466,2023-10-03 07:10:02,2023-10-03 07:14:21,2023-10-03 07:28:18,San Francisco,94111,B01,13,1156,1,4,1,2,0,0,,500.0,500.0,0,0,0,0,1,323 Motor vehicle/pedestrian accident (MV Ped),N None,"30 Emergency medical services, other",86 Investigate,"00 Action taken, other",1 Detector alerted occupants,"000 Property Use, other",00 Other area of fire origin,1 Intentional,UU Undetermined,,UU Undetermined,UU Undetermined,N None,1 Enclosed building,2 In normal use,1.0,,NO,,,,,1 Present,1 Smoke,2 Detector operated,"1 Detector alerted occupants, occupants responded",,N None Present,1 Wet - pipe sprinkler system,1 System operated and was effective,,1.0,3.0,Chinatown,"-122.400866, 37.797653",2023-10-03 07:28:18,2025-06-01 02:18:08
23132708,0,231327080,1530 Buchanan Street,2023-10-03,232760486,2023-10-03 07:30:24,2023-10-03 07:34:15,2023-10-03 07:42:48,San Francisco,94115,B04,5,3432,3,10,0,0,0,0,,500.0,500.0,0,0,0,0,1,"700 False alarm or false call, other",N None,86 Investigate,86 Investigate,"00 Action taken, other",1 Detector alerted occupants,429 Multifamily dwelling,00 Other area of fire origin,1 Intentional,UU Undetermined,,UU Undetermined,UU Undetermined,N None,1 Enclosed building,2 In normal use,1.0,,NO,,,,,1 Present,1 Smoke,2 Detector operated,"1 Detector alerted occupants, occupants responded",,N None Present,1 Wet - pipe sprinkler system,1 System operated and was effective,,1.0,5.0,Western Addition,"-122.42915, 37.784184",2023-10-03 07:42:48,2025-06-01 02:18:08
23132711,0,231327110,380 Fulton Street,2023-10-03,232760543,2023-10-03 07:51:55,2023-10-03 07:55:43,2023-10-03 08:02:50,San Francisco,94102,B02,36,3264,3,11,0,0,0,0,,500.0,500.0,0,0,0,0,1,"700 False alarm or false call, other",N None,86 Investigate,86 Investigate,"00 Action taken, other",1 Detector alerted occupants,429 Multifamily dwelling,00 Other area of fire origin,1 Intentional,UU Undetermined,,UU Undetermined,UU Undetermined,N None,1 Enclosed building,2 In normal use,1.0,,NO,,,,,1 Present,1 Smoke,2 Detector operated,"1 Detector alerted occupants, occupants responded",,N None Present,1 Wet - pipe sprinkler system,1 System operated and was effective,,1.0,5.0,Hayes Valley,"-122.423013, 37.77886",2023-10-03 08:02:50,2025-06-01 02:18:08
23132715,0,231327150,80 Mclaren Avenue,2023-10-03,232760549,2023-10-03 07:54:20,2023-10-03 07:58:10,2023-10-03 08:20:29,San Francisco,94121,B07,14,7231,3,10,0,0,0,0,,500.0,500.0,0,0,0,0,1,"700 False alarm or false call, other",N None,86 Investigate,86 Investigate,"00 Action taken, other",1 Detector alerted occupants,429 Multifamily dwelling,00 Other area of fire origin,1 Intentional,UU Undetermined,,UU Undetermined,UU Undetermined,N None,1 Enclosed building,2 In normal use,1.0,,NO,,,,,1 Present,1 Smoke,2 Detector operated,"1 Detector alerted occupants, occupants responded",,N None Present,1 Wet - pipe sprinkler system,1 System operated and was effective,,1.0,1.0,Seacliff,"-122.489766, 37.786365",2023-10-03 08:20:29,2025-06-01 02:18:08
23132716,0,231327160,Howard Street,2023-10-03,232760559,2023-10-03 07:59:06,2023-10-03 08:06:09,2023-10-03 08:08:16,San Francisco,94103,B03,1,2314,1,5,0,0,0,0,,500.0,500.0,0,0,0,0,1,554 Assist invalid,N None,71 Assist physically disabled,86 Investigate,"00 Action taken, other",1 Detector alerted occupants,"960 Street, other",00 Other area of fire origin,1 Intentional,UU Undetermined,,UU Undetermined,UU Undetermined,N None,1 Enclosed building,2 In normal use,1.0,,NO,,,,,1 Present,1 Smoke,2 Detector operated,"1 Detector alerted occupants, occupants responded",,N None Present,1 Wet - pipe sprinkler system,1 System operated and was effective,,1.0,6.0,South of Market,"-122.411609, 37.776221",2023-10-03 08:08:16,2025-06-01 02:18:08
23132721,0,231327210,1819 Keith Street,2023-10-03,232760582,2023-10-03 08:07:01,2023-10-03 08:11:43,2023-10-03 08:15:01,San Francisco,94124,B10,17,6547,1,4,0,0,0,0,,500.0,500.0,0,0,0,0,1,322 Motor vehicle accident with injuries,N None,33 Provide advanced life support (ALS),86 Investigate,"00 Action taken, other",1 Detector alerted occupants,UUU Undetermined,00 Other area of fire origin,1 Intentional,UU Undetermined,,UU Undetermined,UU Undetermined,N None,1 Enclosed building,2 In normal use,1.0,,NO,,,,,1 Present,1 Smoke,2 Detector operated,"1 Detector alerted occupants, occupants responded",,N None Present,1 Wet - pipe sprinkler system,1 System operated and was effective,,1.0,10.0,Bayview Hunters Point,"-122.388921, 37.729791",2023-10-03 08:15:01,2025-06-01 02:18:08
23132722,0,231327220,7th Avenue,2023-10-03,232760597,2023-10-03 08:10:33,2023-10-03 08:15:34,2023-10-03 08:21:01,San Francisco,94122,B08,22,7332,1,4,0,0,0,0,,500.0,500.0,0,0,0,0,1,444 Power line down,N None,45 Remove hazard,86 Investigate,"00 Action taken, other",1 Detector alerted occupants,419 1 or 2 family dwelling,00 Other area of fire origin,1 Intentional,UU Undetermined,,UU Undetermined,UU Undetermined,N None,1 Enclosed building,2 In normal use,1.0,,NO,,,,,1 Present,1 Smoke,2 Detector operated,"1 Detector alerted occupants, occupants responded",,N None Present,1 Wet - pipe sprinkler system,1 System operated and was effective,,1.0,7.0,Golden Gate Park,"-122.4643, 37.766015",2023-10-03 08:21:01,2025-06-01 02:18:08
23132736,0,231327360,1 280sb San Jose Msn Of,2023-10-03,232760717,2023-10-03 08:49:09,2023-10-03 08:56:15,2023-10-03 09:09:45,San Francisco,94112,B09,15,8313,1,4,0,0,0,0,,500.0,500.0,0,0,0,0,1,"700 False alarm or false call, other",N None,86 Investigate,86 Investigate,"00 Action taken, other",1 Detector alerted occupants,NNN None,00 Other area of fire origin,1 Intentional,UU Undetermined,,UU Undetermined,UU Undetermined,N None,1 Enclosed building,2 In normal use,1.0,,NO,,,,,1 Present,1 Smoke,2 Detector operated,"1 Detector alerted occupants, occupants responded",,N None Present,1 Wet - pipe sprinkler system,1 System operated and was effective,,1.0,11.0,Outer Mission,"-122.451217, 37.714196",2023-10-03 09:09:45,2025-06-01 02:18:08
23132737,0,231327370,362 Bayshore Bl,2023-10-03,232760726,2023-10-03 08:53:24,2023-10-03 08:56:28,2023-10-03 09:48:55,San Francisco,94124,B10,42,6374,1,4,0,0,0,0,,500.0,500.0,0,0,0,0,1,"151 Outside rubbish, trash or waste fire",N None,11 Extinguishment by fire service personnel,86 Investigate,"00 Action taken, other",1 Detector alerted occupants,931 Open land or field,00 Other area of fire origin,1 Intentional,UU Undetermined,,UU Undetermined,UU Undetermined,N None,1 Enclosed building,2 In normal use,1.0,,NO,,,,,1 Present,1 Smoke,2 Detector operated,"1 Detector alerted occupants, occupants responded",,N None Present,1 Wet - pipe sprinkler system,1 System operated and was effective,,1.0,10.0,Bayview Hunters Point,"-122.40609, 37.742046",2023-10-03 09:48:55,2025-06-01 02:18:08
23132751,0,231327510,41 Federal Street,2023-10-03,232760808,2023-10-03 09:17:25,2023-10-03 09:23:39,2023-10-03 09:25:55,San Francisco,94107,B03,35,2134,3,11,0,0,0,0,,500.0,500.0,0,0,0,0,1,"740 Unintentional transmission of alarm, other",N None,63 Restore fire alarm system,86 Investigate,"00 Action taken, other",1 Detector alerted occupants,"500 Mercantile, business, other",00 Other area of fire origin,1 Intentional,UU Undetermined,,UU Undetermined,UU Undetermined,N None,1 Enclosed building,2 In normal use,1.0,,NO,,,,,1 Present,1 Smoke,2 Detector operated,"1 Detector alerted occupants, occupants responded",,N None Present,1 Wet - pipe sprinkler system,1 System operated and was effective,,1.0,6.0,Financial District/South Beach,"-122.391603, 37.783726",2023-10-03 09:25:55,2025-06-01 02:18:08
23132752,0,231327520,520 Jones Street,2023-10-03,232760809,2023-10-03 09:17:36,2023-10-03 09:22:50,2023-10-03 09:30:09,San Francisco,94102,B01,3,1462,1,5,0,0,0,0,,500.0,500.0,0,0,0,0,1,554 Assist invalid,N None,86 Investigate,86 Investigate,"00 Action taken, other",1 Detector alerted occupants,"439 Boarding/rooming house, residential hotels",00 Other area of fire origin,1 Intentional,UU Undetermined,,UU Undetermined,UU Undetermined,N None,1 Enclosed building,2 In normal use,1.0,,NO,,,,,1 Present,1 Smoke,2 Detector operated,"1 Detector alerted occupants, occupants responded",,N None Present,1 Wet - pipe sprinkler system,1 System operated and was effective,,1.0,5.0,Tenderloin,"-122.412836, 37.786069",2023-10-03 09:30:09,2025-06-01 02:18:08
23132755,0,231327550,2095 California Street,2023-10-03,232760838,2023-10-03 09:29:14,2023-10-03 09:32:08,2023-10-03 09:43:24,San Francisco,94115,B04,38,3362,3,11,0,0,0,0,,500.0,500.0,0,0,0,0,1,"113 Cooking fire, confined to container",N None,86 Investigate,86 Investigate,"00 Action taken, other",1 Detector alerted occupants,429 Multifamily dwelling,00 Other area of fire origin,1 Intentional,UU Undetermined,,UU Undetermined,UU Undetermined,N None,1 Enclosed building,2 In normal use,1.0,,NO,,,,,1 Present,1 Smoke,2 Detector operated,"1 Detector alerted occupants, occupants responded",,N None Present,1 Wet - pipe sprinkler system,1 System operated and was effective,,1.0,5.0,Pacific Heights,"-122.42875, 37.789484",2023-10-03 09:43:24,2025-06-01 02:18:08
23132766,0,231327660,321 Turk Street,2023-10-03,232760907,2023-10-03 09:45:29,2023-10-03 09:53:50,2023-10-03 09:58:47,San Francisco,94102,B02,3,1554,1,5,0,0,0,0,,500.0,500.0,0,0,0,0,1,554 Assist invalid,N None,73 Provide manpower,86 Investigate,"00 Action taken, other",1 Detector alerted occupants,429 Multifamily dwelling,00 Other area of fire origin,1 Intentional,UU Undetermined,,UU Undetermined,UU Undetermined,N None,1 Enclosed building,2 In normal use,1.0,,NO,,,,,1 Present,1 Smoke,2 Detector operated,"1 Detector alerted occupants, occupants responded",,N None Present,1 Wet - pipe sprinkler system,1 System operated and was effective,,1.0,5.0,Tenderloin,"-122.414427, 37.782676",2023-10-03 09:58:47,2025-06-01 02:18:08
23132771,0,231327710,751 18th Avenue,2023-10-03,232760948,2023-10-03 09:57:30,2023-10-03 09:59:29,2023-10-03 10:08:00,San Francisco,94121,B07,14,7166,2,9,0,0,0,0,,500.0,500.0,0,0,0,0,1,4440 PG&E Power line down,N None,86 Investigate,86 Investigate,"00 Action taken, other",1 Detector alerted occupants,"960 Street, other",00 Other area of fire origin,1 Intentional,UU Undetermined,,UU Undetermined,UU Undetermined,N None,1 Enclosed building,2 In normal use,1.0,,NO,,,,,1 Present,1 Smoke,2 Detector operated,"1 Detector alerted occupants, occupants responded",,N None Present,1 Wet - pipe sprinkler system,1 System operated and was effective,,1.0,1.0,Outer Richmond,"-122.476848, 37.773823",2023-10-03 10:08:00,2025-06-01 02:18:08
23132780,0,231327800,5235 Diamond Heights Bl,2023-10-03,232761024,2023-10-03 10:17:53,2023-10-03 10:23:11,2023-10-03 10:36:33,San Francisco,94131,B06,26,8163,3,10,0,0,0,0,,500.0,500.0,0,0,0,0,1,"743 Smoke detector activation, no fire  -  unintentional",N None,86 Investigate,86 Investigate,"00 Action taken, other",1 Detector alerted occupants,429 Multifamily dwelling,00 Other area of fire origin,1 Intentional,UU Undetermined,,UU Undetermined,UU Undetermined,N None,1 Enclosed building,2 In normal use,1.0,,NO,,,,,1 Present,1 Smoke,2 Detector operated,"1 Detector alerted occupants, occupants responded",,N None Present,1 Wet - pipe sprinkler system,1 System operated and was effective,,1.0,8.0,Glen Park,"-122.439328, 37.744678",2023-10-03 10:36:33,2025-06-01 02:18:08
23132785,0,231327850,Stevenson Street,2023-10-03,232761067,2023-10-03 10:29:15,2023-10-03 10:34:09,2023-10-03 11:07:48,San Francisco,94103,B01,1,2247,1,4,1,2,0,0,,500.0,500.0,0,0,0,0,1,"320 Emergency medical service incident, other",N None,"30 Emergency medical services, other",86 Investigate,"00 Action taken, other",1 Detector alerted occupants,963 Street or road in commercial area,00 Other area of fire origin,1 Intentional,UU Undetermined,,UU Undetermined,UU Undetermined,N None,1 Enclosed building,2 In normal use,1.0,,NO,,,,,1 Present,1 Smoke,2 Detector operated,"1 Detector alerted occupants, occupants responded",,N None Present,1 Wet - pipe sprinkler system,1 System operated and was effective,,1.0,6.0,South of Market,"-122.409697, 37.781754",2023-10-03 11:07:48,2025-06-01 02:18:08
23132786,0,231327860,3220 Geary Bl,2023-10-03,232761069,2023-10-03 10:29:51,2023-10-03 10:33:36,2023-10-03 10:51:01,San Francisco,94118,B07,10,4453,3,10,0,0,0,0,,500.0,500.0,0,0,0,0,1,"740 Unintentional transmission of alarm, other",N None,86 Investigate,86 Investigate,"00 Action taken, other",1 Detector alerted occupants,419 1 or 2 family dwelling,00 Other area of fire origin,1 Intentional,UU Undetermined,,UU Undetermined,UU Undetermined,N None,1 Enclosed building,2 In normal use,1.0,,NO,,,,,1 Present,1 Smoke,2 Detector operated,"1 Detector alerted occupants, occupants responded",,N None Present,1 Wet - pipe sprinkler system,1 System operated and was effective,,1.0,2.0,Lone Mountain/USF,"-122.453441, 37.781753",2023-10-03 10:51:01,2025-06-01 02:18:08
23132798,0,231327980,1767 10th Avenue,2023-10-03,232761160,2023-10-03 10:57:33,2023-10-03 11:08:52,2023-10-03 11:35:03,San Francisco,94122,B08,22,7343,1,5,0,0,0,0,,500.0,500.0,0,0,0,0,1,551 Assist police or other governmental agency,N None,52 Forcible entry,86 Investigate,"00 Action taken, other",1 Detector alerted occupants,419 1 or 2 family dwelling,00 Other area of fire origin,1 Intentional,UU Undetermined,,UU Undetermined,UU Undetermined,N None,1 Enclosed building,2 In normal use,1.0,,NO,,,,,1 Present,1 Smoke,2 Detector operated,"1 Detector alerted occupants, occupants responded",,N None Present,1 Wet - pipe sprinkler system,1 System operated and was effective,,1.0,7.0,Inner Sunset,"-122.46686, 37.755298",2023-10-03 11:35:03,2025-06-01 02:18:08
23132802,0,231328020,700 Laguna Street,2023-10-03,232761182,2023-10-03 11:03:36,2023-10-03 11:07:40,2023-10-03 11:14:22,San Francisco,94102,B02,5,3412,2,5,0,0,0,0,,500.0,500.0,0,0,0,0,1,531 Smoke or odor removal,N None,86 Investigate,86 Investigate,"00 Action taken, other",1 Detector alerted occupants,429 Multifamily dwelling,00 Other area of fire origin,1 Intentional,UU Undetermined,,UU Undetermined,UU Undetermined,N None,1 Enclosed building,2 In normal use,1.0,,NO,,,,,1 Present,1 Smoke,2 Detector operated,"1 Detector alerted occupants, occupants responded",,N None Present,1 Wet - pipe sprinkler system,1 System operated and was effective,,1.0,5.0,Hayes Valley,"-122.426384, 37.777467",2023-10-03 11:14:22,2025-06-01 02:18:08
23132804,0,231328040,650 Eddy Street,2023-10-03,232761199,2023-10-03 11:09:49,2023-10-03 11:12:02,2023-10-03 11:19:45,San Francisco,94109,B02,3,1643,3,11,0,0,0,0,,500.0,500.0,0,0,0,0,1,"743 Smoke detector activation, no fire  -  unintentional",N None,86 Investigate,86 Investigate,"00 Action taken, other",1 Detector alerted occupants,429 Multifamily dwelling,00 Other area of fire origin,1 Intentional,UU Undetermined,,UU Undetermined,UU Undetermined,N None,1 Enclosed building,2 In normal use,1.0,,NO,,,,,1 Present,1 Smoke,2 Detector operated,"1 Detector alerted occupants, occupants responded",,N None Present,1 Wet - pipe sprinkler system,1 System operated and was effective,,1.0,5.0,Tenderloin,"-122.418386, 37.783271",2023-10-03 11:19:45,2025-06-01 02:18:08
23132805,0,231328050,"680 Point Lobos Av, Prairie",2023-10-03,232761203,2023-10-03 11:10:41,2023-10-03 11:19:26,2023-10-03 11:26:57,Presidio,94121,B07,34,7313,3,10,0,0,0,0,,500.0,500.0,0,0,0,0,1,143 Grass fire,N None,86 Investigate,86 Investigate,"00 Action taken, other",1 Detector alerted occupants,937 Beach,00 Other area of fire origin,1 Intentional,UU Undetermined,,UU Undetermined,UU Undetermined,N None,1 Enclosed building,2 In normal use,1.0,,NO,,,,,1 Present,1 Smoke,2 Detector operated,"1 Detector alerted occupants, occupants responded",,N None Present,1 Wet - pipe sprinkler system,1 System operated and was effective,,1.0,1.0,Outer Richmond,"-122.51134, 37.779747",2023-10-03 11:26:57,2025-06-01 02:18:08
23132810,0,231328100,988 Howard Street,2023-10-03,232761268,2023-10-03 11:27:00,2023-10-03 11:35:42,2023-10-03 11:41:25,San Francisco,94103,B03,1,2252,1,5,0,0,0,0,,500.0,500.0,0,0,0,0,1,554 Assist invalid,N None,71 Assist physically disabled,86 Investigate,"00 Action taken, other",1 Detector alerted occupants,"439 Boarding/rooming house, residential hotels",00 Other area of fire origin,1 Intentional,UU Undetermined,,UU Undetermined,UU Undetermined,N None,1 Enclosed building,2 In normal use,1.0,,NO,,,,,1 Present,1 Smoke,2 Detector operated,"1 Detector alerted occupants, occupants responded",,N None Present,1 Wet - pipe sprinkler system,1 System operated and was effective,,1.0,6.0,South of Market,"-122.407139, 37.780076",2023-10-03 11:41:25,2025-06-01 02:18:08
23132823,0,231328230,49 Seville Street,2023-10-03,232761374,2023-10-03 12:02:19,2023-10-03 12:07:13,2023-10-03 12:20:09,San Francisco,94112,B09,43,6225,1,4,0,0,0,0,,500.0,500.0,0,0,0,0,1,"500 Service Call, other",N None,73 Provide manpower,86 Investigate,"00 Action taken, other",1 Detector alerted occupants,"960 Street, other",00 Other area of fire origin,1 Intentional,UU Undetermined,,UU Undetermined,UU Undetermined,N None,1 Enclosed building,2 In normal use,1.0,,NO,,,,,1 Present,1 Smoke,2 Detector operated,"1 Detector alerted occupants, occupants responded",,N None Present,1 Wet - pipe sprinkler system,1 System operated and was effective,,1.0,11.0,Excelsior,"-122.434697, 37.711875",2023-10-03 12:20:09,2025-06-01 02:18:08
23132824,0,231328240,629 Arguello Bl,2023-10-03,232761383,2023-10-03 12:04:23,2023-10-03 12:05:53,2023-10-03 12:20:49,San Francisco,94118,B07,31,7112,4,14,0,0,0,0,,500.0,500.0,0,0,0,0,1,"700 False alarm or false call, other",N None,86 Investigate,86 Investigate,"00 Action taken, other",1 Detector alerted occupants,429 Multifamily dwelling,00 Other area of fire origin,1 Intentional,UU Undetermined,,UU Undetermined,UU Undetermined,N None,1 Enclosed building,2 In normal use,1.0,,NO,,,,,1 Present,1 Smoke,2 Detector operated,"1 Detector alerted occupants, occupants responded",,N None Present,1 Wet - pipe sprinkler system,1 System operated and was effective,,1.0,1.0,Inner Richmond,"-122.458781, 37.77877",2023-10-03 12:20:49,2025-06-01 02:18:08
23132832,0,231328320,1489 Webster Street,2023-10-03,232761425,2023-10-03 12:15:54,2023-10-03 12:18:55,2023-10-03 12:48:59,San Francisco,94115,B04,5,3514,1,5,0,0,0,0,,500.0,500.0,0,0,0,0,1,353 Removal of victim(s) from stalled elevator,N None,73 Provide manpower,86 Investigate,"00 Action taken, other",1 Detector alerted occupants,429 Multifamily dwelling,00 Other area of fire origin,1 Intentional,UU Undetermined,,UU Undetermined,UU Undetermined,N None,1 Enclosed building,2 In normal use,1.0,,NO,,,,,1 Present,1 Smoke,2 Detector operated,"1 Detector alerted occupants, occupants responded",,N None Present,1 Wet - pipe sprinkler system,1 System operated and was effective,,1.0,5.0,Western Addition,"-122.43126, 37.784395",2023-10-03 12:48:59,2025-06-01 02:18:08
23132837,0,231328370,350 Turk Street,2023-10-03,232761438,2023-10-03 12:18:17,2023-10-03 12:21:04,2023-10-03 12:28:31,San Francisco,94102,B02,3,1554,4,15,0,0,0,0,,500.0,500.0,0,0,0,0,1,"113 Cooking fire, confined to container",N None,86 Investigate,86 Investigate,"00 Action taken, other",1 Detector alerted occupants,"439 Boarding/rooming house, residential hotels",00 Other area of fire origin,1 Intentional,UU Undetermined,,UU Undetermined,UU Undetermined,N None,1 Enclosed building,2 In normal use,1.0,,NO,,,,,1 Present,1 Smoke,2 Detector operated,"1 Detector alerted occupants, occupants responded",,N None Present,1 Wet - pipe sprinkler system,1 System operated and was effective,,1.0,5.0,Tenderloin,"-122.414904, 37.782755",2023-10-03 12:28:31,2025-06-01 02:18:08
23132839,0,231328390,100 Paul Avenue,2023-10-03,232761445,2023-10-03 12:19:56,2023-10-03 12:25:19,2023-10-03 12:28:55,San Francisco,94124,B10,44,6323,1,4,0,0,0,0,,500.0,500.0,0,0,0,0,1,"150 Outside rubbish fire, other",N None,11 Extinguishment by fire service personnel,86 Investigate,"00 Action taken, other",1 Detector alerted occupants,951 Railroad right - of - way,00 Other area of fire origin,1 Intentional,UU Undetermined,,UU Undetermined,UU Undetermined,N None,1 Enclosed building,2 In normal use,1.0,,NO,,,,,1 Present,1 Smoke,2 Detector operated,"1 Detector alerted occupants, occupants responded",,N None Present,1 Wet - pipe sprinkler system,1 System operated and was effective,,1.0,10.0,Bayview Hunters Point,"-122.396685, 37.722712",2023-10-03 12:28:55,2025-06-01 02:18:08
23132844,0,231328440,556 Larkin Street,2023-10-03,232761464,2023-10-03 12:25:46,2023-10-03 12:27:25,2023-10-03 12:31:07,San Francisco,94109,B02,3,1643,1,5,0,0,0,0,,500.0,500.0,0,0,0,0,1,554 Assist invalid,N None,71 Assist physically disabled,86 Investigate,"00 Action taken, other",1 Detector alerted occupants,429 Multifamily dwelling,00 Other area of fire origin,1 Intentional,UU Undetermined,,UU Undetermined,UU Undetermined,N None,1 Enclosed building,2 In normal use,1.0,,NO,,,,,1 Present,1 Smoke,2 Detector operated,"1 Detector alerted occupants, occupants responded",,N None Present,1 Wet - pipe sprinkler system,1 System operated and was effective,,1.0,5.0,Tenderloin,"-122.417362, 37.782913",2023-10-03 12:31:07,2025-06-01 02:18:08
23132849,0,231328490,3830 Irving Street,2023-10-03,232761528,2023-10-03 12:46:23,2023-10-03 12:55:27,2023-10-03 13:00:32,San Francisco,94122,B08,23,7626,1,5,0,0,0,0,,500.0,500.0,0,0,0,0,1,"510 Person in distress, other",N None,73 Provide manpower,86 Investigate,"00 Action taken, other",1 Detector alerted occupants,429 Multifamily dwelling,00 Other area of fire origin,1 Intentional,UU Undetermined,,UU Undetermined,UU Undetermined,N None,1 Enclosed building,2 In normal use,1.0,,NO,,,,,1 Present,1 Smoke,2 Detector operated,"1 Detector alerted occupants, occupants responded",,N None Present,1 Wet - pipe sprinkler system,1 System operated and was effective,,1.0,4.0,Sunset/Parkside,"-122.498921, 37.762668",2023-10-03 13:00:32,2025-06-01 02:18:08
23132852,0,231328520,Brannan Street,2023-10-03,232761543,2023-10-03 12:50:32,2023-10-03 12:54:29,2023-10-03 12:58:30,San Francisco,94103,B03,8,2256,1,4,0,0,0,0,,500.0,500.0,0,0,0,0,1,"151 Outside rubbish, trash or waste fire",N None,11 Extinguishment by fire service personnel,86 Investigate,"00 Action taken, other",1 Detector alerted occupants,"960 Street, other",00 Other area of fire origin,1 Intentional,UU Undetermined,,UU Undetermined,UU Undetermined,N None,1 Enclosed building,2 In normal use,1.0,,NO,,,,,1 Present,1 Smoke,2 Detector operated,"1 Detector alerted occupants, occupants responded",,N None Present,1 Wet - pipe sprinkler system,1 System operated and was effective,,1.0,6.0,South of Market,"-122.400984, 37.774807",2023-10-03 12:58:30,2025-06-01 02:18:08
23132855,0,231328550,2323 Cesar Chavez Street,2023-10-03,232761597,2023-10-03 13:06:45,2023-10-03 13:09:19,2023-10-03 13:20:55,San Francisco,94124,B10,9,2631,3,10,0,0,0,0,,500.0,500.0,0,0,0,0,1,"745 Alarm system activation, no fire  -  unintentional",N None,86 Investigate,86 Investigate,"00 Action taken, other",1 Detector alerted occupants,"640 Utility or Distribution system, other",00 Other area of fire origin,1 Intentional,UU Undetermined,,UU Undetermined,UU Undetermined,N None,1 Enclosed building,2 In normal use,1.0,,NO,,,,,1 Present,1 Smoke,2 Detector operated,"1 Detector alerted occupants, occupants responded",,N None Present,1 Wet - pipe sprinkler system,1 System operated and was effective,,1.0,10.0,Bayview Hunters Point,"-122.400164, 37.749062",2023-10-03 13:20:55,2025-06-01 02:18:08
23132874,0,231328740,1076 Howard Street,2023-10-03,232761698,2023-10-03 13:32:20,2023-10-03 13:34:31,2023-10-03 13:40:30,San Francisco,94103,B03,1,2314,4,14,0,0,0,0,,500.0,500.0,0,0,0,0,1,"743 Smoke detector activation, no fire  -  unintentional",N None,86 Investigate,86 Investigate,"00 Action taken, other",1 Detector alerted occupants,"439 Boarding/rooming house, residential hotels",00 Other area of fire origin,1 Intentional,UU Undetermined,,UU Undetermined,UU Undetermined,N None,1 Enclosed building,2 In normal use,1.0,,NO,,,,,1 Present,1 Smoke,2 Detector operated,"1 Detector alerted occupants, occupants responded",,N None Present,1 Wet - pipe sprinkler system,1 System operated and was effective,,1.0,6.0,South of Market,"-122.408989, 37.778494",2023-10-03 13:40:30,2025-06-01 02:18:08
23132888,0,231328880,375 Laguna Honda Bl,2023-10-03,232761799,2023-10-03 13:56:52,2023-10-03 14:13:33,2023-10-03 14:20:18,San Francisco,94116,B08,20,8641,1,5,0,0,0,0,,500.0,500.0,0,0,0,0,1,553 Public service,N None,86 Investigate,86 Investigate,"00 Action taken, other",1 Detector alerted occupants,931 Open land or field,00 Other area of fire origin,1 Intentional,UU Undetermined,,UU Undetermined,UU Undetermined,N None,1 Enclosed building,2 In normal use,1.0,,NO,,,,,1 Present,1 Smoke,2 Detector operated,"1 Detector alerted occupants, occupants responded",,N None Present,1 Wet - pipe sprinkler system,1 System operated and was effective,,1.0,7.0,Twin Peaks,"-122.458719, 37.748887",2023-10-03 14:20:18,2025-06-01 02:18:08
23132893,0,231328930,3365 Sacramento Street,2023-10-03,232761879,2023-10-03 14:17:43,2023-10-03 14:22:53,2023-10-03 14:31:06,San Francisco,94118,B04,10,4412,1,5,0,0,0,0,,500.0,500.0,0,0,0,0,1,554 Assist invalid,N None,71 Assist physically disabled,86 Investigate,"00 Action taken, other",1 Detector alerted occupants,429 Multifamily dwelling,00 Other area of fire origin,1 Intentional,UU Undetermined,,UU Undetermined,UU Undetermined,N None,1 Enclosed building,2 In normal use,1.0,,NO,,,,,1 Present,1 Smoke,2 Detector operated,"1 Detector alerted occupants, occupants responded",,N None Present,1 Wet - pipe sprinkler system,1 System operated and was effective,,1.0,2.0,Presidio Heights,"-122.448034, 37.787984",2023-10-03 14:31:06,2025-06-01 02:18:08
23132897,0,231328970,1181 Girard Street,2023-10-03,232761905,2023-10-03 14:26:19,2023-10-03 14:30:06,2023-10-03 14:36:03,San Francisco,94134,B10,44,6317,2,5,0,0,0,0,,500.0,500.0,0,0,0,0,1,"520 Water problem, other",N None,64 Shut down system,86 Investigate,"00 Action taken, other",1 Detector alerted occupants,419 1 or 2 family dwelling,00 Other area of fire origin,1 Intentional,UU Undetermined,,UU Undetermined,UU Undetermined,N None,1 Enclosed building,2 In normal use,1.0,,NO,,,,,1 Present,1 Smoke,2 Detector operated,"1 Detector alerted occupants, occupants responded",,N None Present,1 Wet - pipe sprinkler system,1 System operated and was effective,,1.0,10.0,Visitacion Valley,"-122.400649, 37.718061",2023-10-03 14:36:03,2025-06-01 02:18:08
23132902,0,231329020,12th Street,2023-10-03,232761934,2023-10-03 14:36:59,2023-10-03 14:41:46,2023-10-03 15:17:49,San Francisco,94103,B02,36,5121,1,4,1,2,0,0,,500.0,500.0,0,0,0,0,1,323 Motor vehicle/pedestrian accident (MV Ped),N None,31 Provide first aid & check for injuries,86 Investigate,"00 Action taken, other",1 Detector alerted occupants,"960 Street, other",00 Other area of fire origin,1 Intentional,UU Undetermined,,UU Undetermined,UU Undetermined,N None,1 Enclosed building,2 In normal use,1.0,,NO,,,,,1 Present,1 Smoke,2 Detector operated,"1 Detector alerted occupants, occupants responded",,N None Present,1 Wet - pipe sprinkler system,1 System operated and was effective,,1.0,6.0,Mission,"-122.414999, 37.770894",2023-10-03 15:17:49,2025-06-01 02:18:08
23132908,0,231329080,Kearny Street,2023-10-03,232761975,2023-10-03 14:49:43,2023-10-03 14:53:50,2023-10-03 15:43:20,San Francisco,94133,B01,28,1255,1,5,2,4,0,0,,500.0,500.0,0,0,0,0,1,322 Motor vehicle accident with injuries,N None,"30 Emergency medical services, other",86 Investigate,"00 Action taken, other",1 Detector alerted occupants,963 Street or road in commercial area,00 Other area of fire origin,1 Intentional,UU Undetermined,,UU Undetermined,UU Undetermined,N None,1 Enclosed building,2 In normal use,1.0,,NO,,,,,1 Present,1 Smoke,2 Detector operated,"1 Detector alerted occupants, occupants responded",,N None Present,1 Wet - pipe sprinkler system,1 System operated and was effective,,1.0,3.0,North Beach,"-122.40715, 37.806427",2023-10-03 15:43:20,2025-06-01 02:18:08
23132915,0,231329150,10th Avenue,2023-10-03,232762023,2023-10-03 15:03:52,2023-10-03 15:07:50,2023-10-03 15:16:00,San Francisco,94122,B08,22,7345,1,4,0,0,0,0,,500.0,500.0,0,0,0,0,1,444 Power line down,N None,45 Remove hazard,86 Investigate,"00 Action taken, other",1 Detector alerted occupants,419 1 or 2 family dwelling,00 Other area of fire origin,1 Intentional,UU Undetermined,,UU Undetermined,UU Undetermined,N None,1 Enclosed building,2 In normal use,1.0,,NO,,,,,1 Present,1 Smoke,2 Detector operated,"1 Detector alerted occupants, occupants responded",,N None Present,1 Wet - pipe sprinkler system,1 System operated and was effective,,1.0,7.0,Inner Sunset,"-122.467252, 37.762126",2023-10-03 15:16:00,2025-06-01 02:18:08
23132936,0,231329360,847 Clay Street,2023-10-03,232762189,2023-10-03 15:51:48,2023-10-03 15:56:10,2023-10-03 16:06:15,San Francisco,94108,B01,13,1313,4,16,0,0,0,0,,500.0,500.0,0,0,0,0,1,"700 False alarm or false call, other",N None,63 Restore fire alarm system,86 Investigate,"00 Action taken, other",1 Detector alerted occupants,429 Multifamily dwelling,00 Other area of fire origin,1 Intentional,UU Undetermined,,UU Undetermined,UU Undetermined,N None,1 Enclosed building,2 In normal use,1.0,,NO,,,,,1 Present,1 Smoke,2 Detector operated,"1 Detector alerted occupants, occupants responded",,N None Present,1 Wet - pipe sprinkler system,1 System operated and was effective,,1.0,3.0,Chinatown,"-122.407028, 37.794102",2023-10-03 16:06:15,2025-06-01 02:18:08
23132937,0,231329370,1498 Market Street,2023-10-03,232762199,2023-10-03 15:55:00,2023-10-03 15:55:57,2023-10-03 16:07:27,San Francisco,94102,B02,36,3219,3,11,0,0,0,0,,500.0,500.0,0,0,0,0,1,"745 Alarm system activation, no fire  -  unintentional",N None,86 Investigate,86 Investigate,"00 Action taken, other",1 Detector alerted occupants,173 Bus station,00 Other area of fire origin,1 Intentional,UU Undetermined,,UU Undetermined,UU Undetermined,N None,1 Enclosed building,2 In normal use,1.0,,NO,,,,,1 Present,1 Smoke,2 Detector operated,"1 Detector alerted occupants, occupants responded",,N None Present,1 Wet - pipe sprinkler system,1 System operated and was effective,,1.0,6.0,Tenderloin,"-122.41929, 37.775198",2023-10-03 16:07:27,2025-06-01 02:18:08
23132940,0,231329400,39 Tehama Street,2023-10-03,232762230,2023-10-03 16:05:39,2023-10-03 16:12:33,2023-10-03 16:19:47,San Francisco,94105,B03,35,2141,3,10,0,0,0,0,,500.0,500.0,0,0,0,0,1,"743 Smoke detector activation, no fire  -  unintentional",N None,86 Investigate,86 Investigate,"00 Action taken, other",1 Detector alerted occupants,429 Multifamily dwelling,00 Other area of fire origin,1 Intentional,UU Undetermined,,UU Undetermined,UU Undetermined,N None,1 Enclosed building,2 In normal use,1.0,,NO,,,,,1 Present,1 Smoke,2 Detector operated,"1 Detector alerted occupants, occupants responded",,N None Present,1 Wet - pipe sprinkler system,1 System operated and was effective,,1.0,6.0,Financial District/South Beach,"-122.396251, 37.787391",2023-10-03 16:19:47,2025-06-01 02:18:08
23132949,0,231329490,940 Duncan Street,2023-10-03,232762292,2023-10-03 16:22:40,2023-10-03 16:26:34,2023-10-03 16:36:03,San Francisco,94131,B06,26,8163,3,10,0,0,0,0,,500.0,500.0,0,0,0,0,1,733 Smoke detector activation due to malfunction,N None,86 Investigate,86 Investigate,"00 Action taken, other",1 Detector alerted occupants,429 Multifamily dwelling,00 Other area of fire origin,1 Intentional,UU Undetermined,,UU Undetermined,UU Undetermined,N None,1 Enclosed building,2 In normal use,1.0,,NO,,,,,1 Present,1 Smoke,2 Detector operated,"1 Detector alerted occupants, occupants responded",,N None Present,1 Wet - pipe sprinkler system,1 System operated and was effective,,1.0,8.0,Noe Valley,"-122.441365, 37.745294",2023-10-03 16:36:03,2025-06-01 02:18:08
23132950,0,231329500,745 Franklin Street,2023-10-03,232762309,2023-10-03 16:26:50,2023-10-03 16:30:37,2023-10-03 16:41:21,San Francisco,94102,B02,5,3216,3,11,0,0,0,0,,500.0,500.0,0,0,0,0,1,735 Alarm system sounded due to malfunction,N None,86 Investigate,86 Investigate,"00 Action taken, other",1 Detector alerted occupants,"150 Public or government, other",00 Other area of fire origin,1 Intentional,UU Undetermined,,UU Undetermined,UU Undetermined,N None,1 Enclosed building,2 In normal use,1.0,,NO,,,,,1 Present,1 Smoke,2 Detector operated,"1 Detector alerted occupants, occupants responded",,N None Present,1 Wet - pipe sprinkler system,1 System operated and was effective,,1.0,2.0,Western Addition,"-122.422257, 37.781194",2023-10-03 16:41:21,2025-06-01 02:18:08
23132955,0,231329550,2900 22nd Street,2023-10-03,232762339,2023-10-03 16:33:24,2023-10-03 16:35:15,2023-10-03 16:47:44,San Francisco,94110,B06,7,5473,5,15,0,0,0,0,,500.0,500.0,0,0,0,0,1,"743 Smoke detector activation, no fire  -  unintentional",N None,86 Investigate,86 Investigate,"00 Action taken, other",1 Detector alerted occupants,429 Multifamily dwelling,00 Other area of fire origin,1 Intentional,UU Undetermined,,UU Undetermined,UU Undetermined,N None,1 Enclosed building,2 In normal use,1.0,,NO,,,,,1 Present,1 Smoke,2 Detector operated,"1 Detector alerted occupants, occupants responded",,N None Present,1 Wet - pipe sprinkler system,1 System operated and was effective,,1.0,9.0,Mission,"-122.412292, 37.755895",2023-10-03 16:47:44,2025-06-01 02:18:08
23132966,0,231329660,23 Presidio Tr,2023-10-03,232762447,2023-10-03 17:10:32,2023-10-03 17:16:22,2023-10-03 17:33:02,San Francisco,94118,B07,10,4444,3,10,0,0,0,0,,500.0,500.0,0,0,0,0,1,"700 False alarm or false call, other",N None,86 Investigate,86 Investigate,"00 Action taken, other",1 Detector alerted occupants,429 Multifamily dwelling,00 Other area of fire origin,1 Intentional,UU Undetermined,,UU Undetermined,UU Undetermined,N None,1 Enclosed building,2 In normal use,1.0,,NO,,,,,1 Present,1 Smoke,2 Detector operated,"1 Detector alerted occupants, occupants responded",,N None Present,1 Wet - pipe sprinkler system,1 System operated and was effective,,1.0,1.0,Inner Richmond,"-122.46115, 37.788662",2023-10-03 17:33:02,2025-06-01 02:18:08
23132969,0,231329690,489 Harrison Street,2023-10-03,232762463,2023-10-03 17:14:26,2023-10-03 17:19:44,2023-10-03 17:28:24,San Francisco,94105,B03,35,2136,3,10,0,0,0,0,,500.0,500.0,0,0,0,0,1,"745 Alarm system activation, no fire  -  unintentional",N None,63 Restore fire alarm system,86 Investigate,"00 Action taken, other",1 Detector alerted occupants,429 Multifamily dwelling,00 Other area of fire origin,1 Intentional,UU Undetermined,,UU Undetermined,UU Undetermined,N None,1 Enclosed building,2 In normal use,1.0,,NO,,,,,1 Present,1 Smoke,2 Detector operated,"1 Detector alerted occupants, occupants responded",,N None Present,1 Wet - pipe sprinkler system,1 System operated and was effective,,1.0,6.0,Financial District/South Beach,"-122.39274, 37.786129",2023-10-03 17:28:24,2025-06-01 02:18:08
23132971,0,231329710,215 14th Street,2023-10-03,232762479,2023-10-03 17:21:47,2023-10-03 17:24:14,2023-10-03 17:39:32,San Francisco,94103,B02,6,5215,4,16,0,0,0,0,,500.0,500.0,0,0,0,0,1,"113 Cooking fire, confined to container",N None,86 Investigate,86 Investigate,"00 Action taken, other",1 Detector alerted occupants,429 Multifamily dwelling,00 Other area of fire origin,1 Intentional,UU Undetermined,,UU Undetermined,UU Undetermined,N None,1 Enclosed building,2 In normal use,1.0,,NO,,,,,1 Present,1 Smoke,2 Detector operated,"1 Detector alerted occupants, occupants responded",,N None Present,1 Wet - pipe sprinkler system,1 System operated and was effective,,1.0,9.0,Mission,"-122.418154, 37.768315",2023-10-03 17:39:32,2025-06-01 02:18:08
23132978,0,231329780,20th Street,2023-10-03,232762502,2023-10-03 17:26:52,2023-10-03 17:30:11,2023-10-03 17:41:53,San Francisco,94107,B10,37,2522,1,4,0,0,0,0,,500.0,500.0,0,0,0,0,1,"600 Good intent call, other",N None,86 Investigate,86 Investigate,"00 Action taken, other",1 Detector alerted occupants,"900 Outside or special property, other",00 Other area of fire origin,1 Intentional,UU Undetermined,,UU Undetermined,UU Undetermined,N None,1 Enclosed building,2 In normal use,1.0,,NO,,,,,1 Present,1 Smoke,2 Detector operated,"1 Detector alerted occupants, occupants responded",,N None Present,1 Wet - pipe sprinkler system,1 System operated and was effective,,1.0,10.0,Potrero Hill,"-122.404973, 37.759504",2023-10-03 17:41:53,2025-06-01 02:18:08
23132979,0,231329790,1950 Mission Street,2023-10-03,232762513,2023-10-03 17:30:14,2023-10-03 17:34:58,2023-10-03 17:43:57,San Francisco,94103,B02,7,5236,3,10,0,0,0,0,,500.0,500.0,0,0,0,0,1,"113 Cooking fire, confined to container",N None,86 Investigate,86 Investigate,"00 Action taken, other",1 Detector alerted occupants,429 Multifamily dwelling,00 Other area of fire origin,1 Intentional,UU Undetermined,,UU Undetermined,UU Undetermined,N None,1 Enclosed building,2 In normal use,1.0,,NO,,,,,1 Present,1 Smoke,2 Detector operated,"1 Detector alerted occupants, occupants responded",,N None Present,1 Wet - pipe sprinkler system,1 System operated and was effective,,1.0,9.0,Mission,"-122.419828, 37.7658",2023-10-03 17:43:57,2025-06-01 02:18:08
23132980,0,231329800,837 Arguello Bl,2023-10-03,232762522,2023-10-03 17:32:26,2023-10-03 17:37:42,2023-10-03 17:56:58,San Francisco,94118,B07,31,7111,3,10,0,0,0,0,,500.0,500.0,0,0,0,0,1,"700 False alarm or false call, other",N None,86 Investigate,86 Investigate,"00 Action taken, other",1 Detector alerted occupants,429 Multifamily dwelling,00 Other area of fire origin,1 Intentional,UU Undetermined,,UU Undetermined,UU Undetermined,N None,1 Enclosed building,2 In normal use,1.0,,NO,,,,,1 Present,1 Smoke,2 Detector operated,"1 Detector alerted occupants, occupants responded",,N None Present,1 Wet - pipe sprinkler system,1 System operated and was effective,,1.0,1.0,Inner Richmond,"-122.45851, 37.775056",2023-10-03 17:56:58,2025-06-01 02:18:08
23132981,0,231329810,Ocean Avenue,2023-10-03,232762525,2023-10-03 17:33:16,2023-10-03 17:34:49,2023-10-03 18:55:19,San Francisco,94127,B09,15,8455,1,4,1,2,0,0,,500.0,500.0,0,0,0,0,1,322 Motor vehicle accident with injuries,N None,"30 Emergency medical services, other",86 Investigate,"00 Action taken, other",1 Detector alerted occupants,NNN None,00 Other area of fire origin,1 Intentional,UU Undetermined,,UU Undetermined,UU Undetermined,N None,1 Enclosed building,2 In normal use,1.0,,NO,,,,,1 Present,1 Smoke,2 Detector operated,"1 Detector alerted occupants, occupants responded",,N None Present,1 Wet - pipe sprinkler system,1 System operated and was effective,,1.0,7.0,West of Twin Peaks,"-122.464574, 37.72613",2023-10-03 18:55:19,2025-06-01 02:18:08
23132984,0,231329840,Lincoln Way,2023-10-03,232762535,2023-10-03 17:35:58,2023-10-03 17:41:17,2023-10-03 17:47:43,San Francisco,94122,B08,22,7452,1,4,0,0,0,0,,500.0,500.0,0,0,0,0,1,"300 Rescue, EMS incident, other",N None,86 Investigate,86 Investigate,"00 Action taken, other",1 Detector alerted occupants,963 Street or road in commercial area,00 Other area of fire origin,1 Intentional,UU Undetermined,,UU Undetermined,UU Undetermined,N None,1 Enclosed building,2 In normal use,1.0,,NO,,,,,1 Present,1 Smoke,2 Detector operated,"1 Detector alerted occupants, occupants responded",,N None Present,1 Wet - pipe sprinkler system,1 System operated and was effective,,1.0,4.0,Sunset/Parkside,"-122.483686, 37.765158",2023-10-03 17:47:43,2025-06-01 02:18:08
23132992,0,231329920,1 280sb Geneva On,2023-10-03,232762586,2023-10-03 17:52:11,2023-10-03 17:55:39,2023-10-03 20:36:02,San Francisco,94112,B09,15,8313,3,13,1,2,0,0,,500.0,500.0,0,0,0,0,1,322 Motor vehicle accident with injuries,N None,"30 Emergency medical services, other",86 Investigate,"00 Action taken, other",1 Detector alerted occupants,NNN None,00 Other area of fire origin,1 Intentional,UU Undetermined,,UU Undetermined,UU Undetermined,N None,1 Enclosed building,2 In normal use,1.0,,NO,,,,,1 Present,1 Smoke,2 Detector operated,"1 Detector alerted occupants, occupants responded",,N None Present,1 Wet - pipe sprinkler system,1 System operated and was effective,,1.0,11.0,Oceanview/Merced/Ingleside,"-122.448332, 37.721321",2023-10-03 20:36:02,2025-06-01 02:18:08
23132997,0,231329970,Holloway Avenue,2023-10-03,232762656,2023-10-03 18:11:31,2023-10-03 18:16:19,2023-10-03 19:20:08,San Francisco,94132,B08,19,8751,1,4,1,2,0,0,,500.0,500.0,0,0,0,0,1,"300 Rescue, EMS incident, other",N None,"30 Emergency medical services, other",86 Investigate,"00 Action taken, other",1 Detector alerted occupants,"960 Street, other",00 Other area of fire origin,1 Intentional,UU Undetermined,,UU Undetermined,UU Undetermined,N None,1 Enclosed building,2 In normal use,1.0,,NO,,,,,1 Present,1 Smoke,2 Detector operated,"1 Detector alerted occupants, occupants responded",,N None Present,1 Wet - pipe sprinkler system,1 System operated and was effective,,1.0,7.0,Lakeshore,"-122.475222, 37.721057",2023-10-03 19:20:08,2025-06-01 02:18:08
23133000,0,231330000,124 Jordan Avenue,2023-10-03,232762674,2023-10-03 18:17:39,2023-10-03 18:21:07,2023-10-03 18:27:56,San Francisco,94118,B07,10,4452,3,10,0,0,0,0,,500.0,500.0,0,0,0,0,1,"700 False alarm or false call, other",N None,86 Investigate,86 Investigate,"00 Action taken, other",1 Detector alerted occupants,429 Multifamily dwelling,00 Other area of fire origin,1 Intentional,UU Undetermined,,UU Undetermined,UU Undetermined,N None,1 Enclosed building,2 In normal use,1.0,,NO,,,,,1 Present,1 Smoke,2 Detector operated,"1 Detector alerted occupants, occupants responded",,N None Present,1 Wet - pipe sprinkler system,1 System operated and was effective,,1.0,2.0,Presidio Heights,"-122.456678, 37.78327",2023-10-03 18:27:56,2025-06-01 02:18:08
23133008,0,231330080,160 Eddy Street,2023-10-03,232762716,2023-10-03 18:27:09,2023-10-03 18:29:18,2023-10-03 18:38:32,San Francisco,94102,B03,3,1453,4,15,0,0,0,0,,500.0,500.0,0,0,0,0,1,735 Alarm system sounded due to malfunction,N None,86 Investigate,86 Investigate,"00 Action taken, other",1 Detector alerted occupants,"439 Boarding/rooming house, residential hotels",00 Other area of fire origin,1 Intentional,UU Undetermined,,UU Undetermined,UU Undetermined,N None,1 Enclosed building,2 In normal use,1.0,,NO,,,,,1 Present,1 Smoke,2 Detector operated,"1 Detector alerted occupants, occupants responded",,N None Present,1 Wet - pipe sprinkler system,1 System operated and was effective,,1.0,5.0,Tenderloin,"-122.410263, 37.784502",2023-10-03 18:38:32,2025-06-01 02:18:08
23133015,0,231330150,Fowler Avenue,2023-10-03,232762765,2023-10-03 18:44:20,2023-10-03 18:48:22,2023-10-03 19:36:10,San Francisco,94127,B08,39,8661,1,4,1,2,0,0,,500.0,500.0,0,0,0,0,1,322 Motor vehicle accident with injuries,N None,31 Provide first aid & check for injuries,86 Investigate,"00 Action taken, other",1 Detector alerted occupants,"960 Street, other",00 Other area of fire origin,1 Intentional,UU Undetermined,,UU Undetermined,UU Undetermined,N None,1 Enclosed building,2 In normal use,1.0,,NO,,,,,1 Present,1 Smoke,2 Detector operated,"1 Detector alerted occupants, occupants responded",,N None Present,1 Wet - pipe sprinkler system,1 System operated and was effective,,1.0,7.0,West of Twin Peaks,"-122.453366, 37.744593",2023-10-03 19:36:10,2025-06-01 02:18:08
23133016,0,231330160,555 Ofarrell Street,2023-10-03,232762783,2023-10-03 18:49:43,2023-10-03 18:54:15,2023-10-03 19:00:03,San Francisco,94102,B04,3,1544,3,11,0,0,0,0,,500.0,500.0,0,0,0,0,1,622 No incident found on arrival at dispatch address,N None,86 Investigate,86 Investigate,"00 Action taken, other",1 Detector alerted occupants,429 Multifamily dwelling,00 Other area of fire origin,1 Intentional,UU Undetermined,,UU Undetermined,UU Undetermined,N None,1 Enclosed building,2 In normal use,1.0,,NO,,,,,1 Present,1 Smoke,2 Detector operated,"1 Detector alerted occupants, occupants responded",,N None Present,1 Wet - pipe sprinkler system,1 System operated and was effective,,1.0,5.0,Tenderloin,"-122.413857, 37.785609",2023-10-03 19:00:03,2025-06-01 02:18:08
23133017,0,231330170,747 Ellis Street,2023-10-03,232762784,2023-10-03 18:49:50,2023-10-03 18:55:22,2023-10-03 19:00:52,San Francisco,94109,B02,3,3115,3,10,0,0,0,0,,500.0,500.0,0,0,0,0,1,733 Smoke detector activation due to malfunction,N None,86 Investigate,86 Investigate,"00 Action taken, other",1 Detector alerted occupants,"500 Mercantile, business, other",00 Other area of fire origin,1 Intentional,UU Undetermined,,UU Undetermined,UU Undetermined,N None,1 Enclosed building,2 In normal use,1.0,,NO,,,,,1 Present,1 Smoke,2 Detector operated,"1 Detector alerted occupants, occupants responded",,N None Present,1 Wet - pipe sprinkler system,1 System operated and was effective,,1.0,5.0,Tenderloin,"-122.418479, 37.78407",2023-10-03 19:00:52,2025-06-01 02:18:08
23133026,0,231330260,1 Cabrillo Street,2023-10-03,232762830,2023-10-03 19:06:46,2023-10-03 19:20:50,2023-10-03 19:35:06,San Francisco,94118,B07,31,7121,1,5,0,0,0,0,,500.0,500.0,0,0,0,0,1,"500 Service Call, other",N None,71 Assist physically disabled,86 Investigate,"00 Action taken, other",1 Detector alerted occupants,429 Multifamily dwelling,00 Other area of fire origin,1 Intentional,UU Undetermined,,UU Undetermined,UU Undetermined,N None,1 Enclosed building,2 In normal use,1.0,,NO,,,,,1 Present,1 Smoke,2 Detector operated,"1 Detector alerted occupants, occupants responded",,N None Present,1 Wet - pipe sprinkler system,1 System operated and was effective,,1.0,1.0,Inner Richmond,"-122.458544, 37.775544",2023-10-03 19:35:06,2025-06-01 02:18:08
23133028,0,231330280,1249 19th Avenue,2023-10-03,232762836,2023-10-03 19:09:07,2023-10-03 19:13:37,2023-10-03 19:34:59,San Francisco,94122,B08,22,7424,3,10,0,0,0,0,,500.0,500.0,0,0,0,0,1,"745 Alarm system activation, no fire  -  unintentional",N None,86 Investigate,86 Investigate,"00 Action taken, other",1 Detector alerted occupants,429 Multifamily dwelling,00 Other area of fire origin,1 Intentional,UU Undetermined,,UU Undetermined,UU Undetermined,N None,1 Enclosed building,2 In normal use,1.0,,NO,,,,,1 Present,1 Smoke,2 Detector operated,"1 Detector alerted occupants, occupants responded",,N None Present,1 Wet - pipe sprinkler system,1 System operated and was effective,,1.0,4.0,Sunset/Parkside,"-122.477328, 37.764516",2023-10-03 19:34:59,2025-06-01 02:18:08
23133029,0,231330290,1390 Mission Street,2023-10-03,232762843,2023-10-03 19:11:00,2023-10-03 19:17:27,2023-10-03 19:23:30,San Francisco,94103,B02,36,2341,1,5,0,0,0,0,,500.0,500.0,0,0,0,0,1,554 Assist invalid,N None,71 Assist physically disabled,86 Investigate,"00 Action taken, other",1 Detector alerted occupants,"150 Public or government, other",00 Other area of fire origin,1 Intentional,UU Undetermined,,UU Undetermined,UU Undetermined,N None,1 Enclosed building,2 In normal use,1.0,,NO,,,,,1 Present,1 Smoke,2 Detector operated,"1 Detector alerted occupants, occupants responded",,N None Present,1 Wet - pipe sprinkler system,1 System operated and was effective,,1.0,6.0,South of Market,"-122.41584, 37.775425",2023-10-03 19:23:30,2025-06-01 02:18:08
23133030,0,231330300,Potrero Avenue,2023-10-03,232762850,2023-10-03 19:13:54,2023-10-03 19:17:18,2023-10-03 20:41:21,San Francisco,94103,B02,29,2351,1,4,1,2,0,0,,500.0,500.0,0,0,0,0,1,323 Motor vehicle/pedestrian accident (MV Ped),N None,73 Provide manpower,86 Investigate,"00 Action taken, other",1 Detector alerted occupants,963 Street or road in commercial area,00 Other area of fire origin,1 Intentional,UU Undetermined,,UU Undetermined,UU Undetermined,N None,1 Enclosed building,2 In normal use,1.0,,NO,,,,,1 Present,1 Smoke,2 Detector operated,"1 Detector alerted occupants, occupants responded",,N None Present,1 Wet - pipe sprinkler system,1 System operated and was effective,,1.0,9.0,Mission,"-122.407539, 37.765782",2023-10-03 20:41:21,2025-06-01 02:18:08
23133038,0,231330380,Santos Street,2023-10-03,232762884,2023-10-03 19:24:29,2023-10-03 19:32:44,2023-10-03 19:32:44,San Francisco,94134,B09,43,6244,1,4,0,0,0,0,,500.0,500.0,0,0,0,0,1,"700 False alarm or false call, other",N None,86 Investigate,86 Investigate,"00 Action taken, other",1 Detector alerted occupants,419 1 or 2 family dwelling,00 Other area of fire origin,1 Intentional,UU Undetermined,,UU Undetermined,UU Undetermined,N None,1 Enclosed building,2 In normal use,1.0,,NO,,,,,1 Present,1 Smoke,2 Detector operated,"1 Detector alerted occupants, occupants responded",,N None Present,1 Wet - pipe sprinkler system,1 System operated and was effective,,1.0,10.0,Visitacion Valley,"-122.418771, 37.710733",2023-10-03 19:32:44,2025-06-01 02:18:08
23133041,0,231330410,17th Street,2023-10-03,232762909,2023-10-03 19:33:27,2023-10-03 19:37:52,2023-10-03 19:40:14,San Francisco,94114,B05,6,5252,1,4,0,0,0,0,,500.0,500.0,0,0,0,0,1,"150 Outside rubbish fire, other",N None,11 Extinguishment by fire service personnel,86 Investigate,"00 Action taken, other",1 Detector alerted occupants,NNN None,00 Other area of fire origin,1 Intentional,UU Undetermined,,UU Undetermined,UU Undetermined,N None,1 Enclosed building,2 In normal use,1.0,,NO,,,,,1 Present,1 Smoke,2 Detector operated,"1 Detector alerted occupants, occupants responded",,N None Present,1 Wet - pipe sprinkler system,1 System operated and was effective,,1.0,8.0,Castro/Upper Market,"-122.434063, 37.762548",2023-10-03 19:40:14,2025-06-01 02:18:08
23133043,0,231330430,155 5th Street,2023-10-03,232762916,2023-10-03 19:35:03,2023-10-03 19:38:52,2023-10-03 20:36:42,San Francisco,94103,B03,1,2246,1,4,1,2,0,0,,500.0,500.0,0,0,0,0,1,323 Motor vehicle/pedestrian accident (MV Ped),N None,"30 Emergency medical services, other",86 Investigate,"00 Action taken, other",1 Detector alerted occupants,963 Street or road in commercial area,00 Other area of fire origin,1 Intentional,UU Undetermined,,UU Undetermined,UU Undetermined,N None,1 Enclosed building,2 In normal use,1.0,,NO,,,,,1 Present,1 Smoke,2 Detector operated,"1 Detector alerted occupants, occupants responded",,N None Present,1 Wet - pipe sprinkler system,1 System operated and was effective,,1.0,6.0,South of Market,"-122.405505, 37.782216",2023-10-03 20:36:42,2025-06-01 02:18:08
23133047,0,231330470,1790 Jackson Street,2023-10-03,232762945,2023-10-03 19:51:57,2023-10-03 19:55:27,2023-10-03 20:05:40,San Francisco,94109,B04,38,3231,3,10,0,0,0,0,,500.0,500.0,0,0,0,0,1,"745 Alarm system activation, no fire  -  unintentional",N None,86 Investigate,86 Investigate,"00 Action taken, other",1 Detector alerted occupants,429 Multifamily dwelling,00 Other area of fire origin,1 Intentional,UU Undetermined,,UU Undetermined,UU Undetermined,N None,1 Enclosed building,2 In normal use,1.0,,NO,,,,,1 Present,1 Smoke,2 Detector operated,"1 Detector alerted occupants, occupants responded",,N None Present,1 Wet - pipe sprinkler system,1 System operated and was effective,,1.0,2.0,Pacific Heights,"-122.424506, 37.793819",2023-10-03 20:05:40,2025-06-01 02:18:08
23133048,0,231330480,1301 Van Ness Avenue,2023-10-03,232762946,2023-10-03 19:52:09,2023-10-03 19:56:09,2023-10-03 20:04:08,San Francisco,94109,B04,3,3156,1,4,0,0,0,0,,500.0,500.0,0,0,0,0,1,1600 Tent/Encampment fire,N None,11 Extinguishment by fire service personnel,86 Investigate,"00 Action taken, other",1 Detector alerted occupants,0000 Tent/Encampment,"09 Egress/exit, other",3 Failure of equipment or heat source,"30 Electrical failure, malfunction, other",,13 Electrical arcing,"00 Item first ignited, other",2 Possibly impaired by alcohol or drugs,1 Enclosed building,2 In normal use,1.0,,NO,,,,,1 Present,1 Smoke,2 Detector operated,"1 Detector alerted occupants, occupants responded",,N None Present,1 Wet - pipe sprinkler system,1 System operated and was effective,,1.0,3.0,Western Addition,"-122.421862, 37.787606",2023-10-03 20:04:08,2025-06-01 02:18:08
23133049,0,231330490,Masonic Avenue,2023-10-03,232762958,2023-10-03 19:56:49,2023-10-03 20:02:30,2023-10-03 20:05:03,San Francisco,94118,B05,10,4371,1,4,0,0,0,0,,500.0,500.0,0,0,0,0,1,"150 Outside rubbish fire, other",N None,86 Investigate,86 Investigate,"00 Action taken, other",1 Detector alerted occupants,"960 Street, other",00 Other area of fire origin,1 Intentional,UU Undetermined,,UU Undetermined,UU Undetermined,N None,1 Enclosed building,2 In normal use,1.0,,NO,,,,,1 Present,1 Smoke,2 Detector operated,"1 Detector alerted occupants, occupants responded",,N None Present,1 Wet - pipe sprinkler system,1 System operated and was effective,,1.0,2.0,Lone Mountain/USF,"-122.447303, 37.782391",2023-10-03 20:05:03,2025-06-01 02:18:08
23133056,0,231330560,650 Shotwell Street,2023-10-03,232762991,2023-10-03 20:10:44,2023-10-03 20:13:53,2023-10-03 21:11:48,San Francisco,94110,B06,7,5447,1,4,1,2,0,0,,500.0,500.0,0,0,0,0,1,323 Motor vehicle/pedestrian accident (MV Ped),N None,33 Provide advanced life support (ALS),86 Investigate,"00 Action taken, other",1 Detector alerted occupants,459 Residential board and care,00 Other area of fire origin,1 Intentional,UU Undetermined,,UU Undetermined,UU Undetermined,N None,1 Enclosed building,2 In normal use,1.0,,NO,,,,,1 Present,1 Smoke,2 Detector operated,"1 Detector alerted occupants, occupants responded",,N None Present,1 Wet - pipe sprinkler system,1 System operated and was effective,,1.0,9.0,Mission,"-122.41579, 37.758012",2023-10-03 21:11:48,2025-06-01 02:18:08
23133057,0,231330570,160 Gardenside Drive,2023-10-03,232762999,2023-10-03 20:13:18,2023-10-03 20:19:24,2023-10-03 20:23:45,San Francisco,94131,B06,24,5287,1,4,0,0,0,0,,500.0,500.0,0,0,0,0,1,411 Gasoline or other flammable liquid spill,N None,73 Provide manpower,86 Investigate,"00 Action taken, other",1 Detector alerted occupants,NNN None,00 Other area of fire origin,1 Intentional,UU Undetermined,,UU Undetermined,UU Undetermined,N None,1 Enclosed building,2 In normal use,1.0,,NO,,,,,1 Present,1 Smoke,2 Detector operated,"1 Detector alerted occupants, occupants responded",,N None Present,1 Wet - pipe sprinkler system,1 System operated and was effective,,1.0,8.0,Twin Peaks,"-122.444552, 37.754468",2023-10-03 20:23:45,2025-06-01 02:18:08
23133059,0,231330590,853 Jamestown Avenue,2023-10-03,232763005,2023-10-03 20:15:54,2023-10-03 20:25:40,2023-10-03 20:38:08,San Francisco,94124,B10,17,6642,1,5,0,0,0,0,,500.0,500.0,0,0,0,0,1,"600 Good intent call, other",N None,71 Assist physically disabled,86 Investigate,"00 Action taken, other",1 Detector alerted occupants,429 Multifamily dwelling,00 Other area of fire origin,1 Intentional,UU Undetermined,,UU Undetermined,UU Undetermined,N None,1 Enclosed building,2 In normal use,1.0,,NO,,,,,1 Present,1 Smoke,2 Detector operated,"1 Detector alerted occupants, occupants responded",,N None Present,1 Wet - pipe sprinkler system,1 System operated and was effective,,1.0,10.0,Bayview Hunters Point,"-122.390823, 37.716909",2023-10-03 20:38:08,2025-06-01 02:18:08
23133063,0,231330630,Hayes Street,2023-10-03,232763021,2023-10-03 20:19:50,2023-10-03 20:22:08,2023-10-03 20:28:35,San Francisco,94117,B05,21,4351,1,4,0,0,0,0,,500.0,500.0,0,0,0,0,1,"160 Special outside fire, other",N None,87 Investigate fire out on arrival,86 Investigate,"00 Action taken, other",1 Detector alerted occupants,"962 Residential street, road or residential driveway",00 Other area of fire origin,1 Intentional,19 Playing with heat source,,66 Candle,"00 Item first ignited, other",234 Possibly impaired by alcohol or drugsUnattended or unsupervised personPossibly mentally disabled,1 Enclosed building,2 In normal use,1.0,,NO,,,,,1 Present,1 Smoke,2 Detector operated,"1 Detector alerted occupants, occupants responded",,N None Present,1 Wet - pipe sprinkler system,1 System operated and was effective,,1.0,5.0,Lone Mountain/USF,"-122.442756, 37.774357",2023-10-03 20:28:35,2025-06-01 02:18:08
23133067,0,231330670,1268 Buchanan Street,2023-10-03,232763054,2023-10-03 20:31:56,2023-10-03 20:34:39,2023-10-03 20:38:30,San Francisco,94115,B02,5,3426,3,10,0,0,0,0,,500.0,500.0,0,0,0,0,1,"745 Alarm system activation, no fire  -  unintentional",N None,86 Investigate,86 Investigate,"00 Action taken, other",1 Detector alerted occupants,429 Multifamily dwelling,00 Other area of fire origin,1 Intentional,UU Undetermined,,UU Undetermined,UU Undetermined,N None,1 Enclosed building,2 In normal use,1.0,,NO,,,,,1 Present,1 Smoke,2 Detector operated,"1 Detector alerted occupants, occupants responded",,N None Present,1 Wet - pipe sprinkler system,1 System operated and was effective,,1.0,5.0,Western Addition,"-122.428903, 37.781589",2023-10-03 20:38:30,2025-06-01 02:18:08
23133078,0,231330780,Market Street,2023-10-03,232763146,2023-10-03 21:09:31,2023-10-03 21:12:46,2023-10-03 21:14:19,San Francisco,94103,B02,6,5127,1,4,0,0,0,0,,500.0,500.0,0,0,0,0,1,"151 Outside rubbish, trash or waste fire",N None,11 Extinguishment by fire service personnel,86 Investigate,"00 Action taken, other",1 Detector alerted occupants,NNN None,00 Other area of fire origin,1 Intentional,UU Undetermined,,UU Undetermined,UU Undetermined,N None,1 Enclosed building,2 In normal use,1.0,,NO,,,,,1 Present,1 Smoke,2 Detector operated,"1 Detector alerted occupants, occupants responded",,N None Present,1 Wet - pipe sprinkler system,1 System operated and was effective,,1.0,8.0,Hayes Valley,"-122.426312, 37.769603",2023-10-03 21:14:19,2025-06-01 02:18:08
23133080,0,231330800,22 South Park Street,2023-10-03,232763156,2023-10-03 21:11:50,2023-10-03 21:15:42,2023-10-03 21:21:19,San Francisco,94107,B03,8,2153,3,10,0,0,0,0,,500.0,500.0,0,0,0,0,1,733 Smoke detector activation due to malfunction,N None,86 Investigate,86 Investigate,"00 Action taken, other",1 Detector alerted occupants,"439 Boarding/rooming house, residential hotels",00 Other area of fire origin,1 Intentional,UU Undetermined,,UU Undetermined,UU Undetermined,N None,1 Enclosed building,2 In normal use,1.0,,NO,,,,,1 Present,1 Smoke,2 Detector operated,"1 Detector alerted occupants, occupants responded",,N None Present,1 Wet - pipe sprinkler system,1 System operated and was effective,,1.0,6.0,Financial District/South Beach,"-122.393173, 37.782295",2023-10-03 21:21:19,2025-06-01 02:18:08
23133084,0,231330840,Gough Street,2023-10-03,232763174,2023-10-03 21:16:22,2023-10-03 21:18:42,2023-10-03 21:23:57,San Francisco,94102,B02,36,3266,3,11,2,3,0,0,,500.0,500.0,0,0,0,0,1,622 No incident found on arrival at dispatch address,N None,86 Investigate,86 Investigate,"00 Action taken, other",1 Detector alerted occupants,963 Street or road in commercial area,00 Other area of fire origin,1 Intentional,UU Undetermined,,UU Undetermined,UU Undetermined,N None,1 Enclosed building,2 In normal use,1.0,,NO,,,,,1 Present,1 Smoke,2 Detector operated,"1 Detector alerted occupants, occupants responded",,N None Present,1 Wet - pipe sprinkler system,1 System operated and was effective,,1.0,6.0,Hayes Valley,"-122.422408, 37.774084",2023-10-03 21:23:57,2025-06-01 02:18:08
23133088,0,231330880,Mcallister Street,2023-10-03,232763213,2023-10-03 21:29:07,2023-10-03 21:33:05,2023-10-03 21:59:59,San Francisco,94102,B02,36,3113,2,9,0,0,0,0,,500.0,0.0,0,0,0,0,1,"130 Mobile property (vehicle) fire, other",N None,11 Extinguishment by fire service personnel,86 Investigate,"00 Action taken, other",1 Detector alerted occupants,963 Street or road in commercial area,00 Other area of fire origin,2 Unintentional,"20 Mechanical failure, malfunction, other",,"10 Heat from powered equipment, other","00 Item first ignited, other",N None,1 Enclosed building,2 In normal use,1.0,,NO,,,,,1 Present,1 Smoke,2 Detector operated,"1 Detector alerted occupants, occupants responded",,N None Present,1 Wet - pipe sprinkler system,1 System operated and was effective,,1.0,5.0,Western Addition,"-122.42025, 37.780075",2023-10-03 21:59:59,2025-06-01 02:18:08
23133090,0,231330900,125 Cambon Drive,2023-10-03,232763224,2023-10-03 21:32:53,2023-10-03 21:37:55,2023-10-03 21:46:39,San Francisco,94132,B08,19,8428,3,11,0,0,0,0,,500.0,500.0,0,0,0,0,1,"710 Malicious, mischievous false call, other",N None,86 Investigate,86 Investigate,"00 Action taken, other",1 Detector alerted occupants,429 Multifamily dwelling,00 Other area of fire origin,1 Intentional,UU Undetermined,,UU Undetermined,UU Undetermined,N None,1 Enclosed building,2 In normal use,1.0,,NO,,,,,1 Present,1 Smoke,2 Detector operated,"1 Detector alerted occupants, occupants responded",,N None Present,1 Wet - pipe sprinkler system,1 System operated and was effective,,1.0,7.0,Lakeshore,"-122.47418, 37.716828",2023-10-03 21:46:39,2025-06-01 02:18:08
23133092,0,231330920,2819 Cabrillo Street,2023-10-03,232763238,2023-10-03 21:38:19,2023-10-03 21:41:14,2023-10-03 21:59:28,San Francisco,94121,B07,14,7242,3,10,0,0,0,0,,500.0,500.0,0,0,0,0,1,"700 False alarm or false call, other",N None,86 Investigate,86 Investigate,"00 Action taken, other",1 Detector alerted occupants,429 Multifamily dwelling,00 Other area of fire origin,1 Intentional,UU Undetermined,,UU Undetermined,UU Undetermined,N None,1 Enclosed building,2 In normal use,1.0,,NO,,,,,1 Present,1 Smoke,2 Detector operated,"1 Detector alerted occupants, occupants responded",,N None Present,1 Wet - pipe sprinkler system,1 System operated and was effective,,1.0,1.0,Outer Richmond,"-122.488853, 37.774159",2023-10-03 21:59:28,2025-06-01 02:18:08
23133095,0,231330950,226 Ritch Street,2023-10-03,232763266,2023-10-03 21:49:40,2023-10-03 21:53:33,2023-10-03 22:11:37,San Francisco,94107,B03,8,2174,3,10,0,0,0,0,,500.0,500.0,0,0,0,0,1,735 Alarm system sounded due to malfunction,N None,86 Investigate,86 Investigate,"00 Action taken, other",1 Detector alerted occupants,429 Multifamily dwelling,00 Other area of fire origin,1 Intentional,UU Undetermined,,UU Undetermined,UU Undetermined,N None,1 Enclosed building,2 In normal use,1.0,,NO,,,,,1 Present,1 Smoke,2 Detector operated,"1 Detector alerted occupants, occupants responded",,N None Present,1 Wet - pipe sprinkler system,1 System operated and was effective,,1.0,6.0,South of Market,"-122.396008, 37.780497",2023-10-03 22:11:37,2025-06-01 02:18:08
23133098,0,231330980,1550 Mission Street,2023-10-03,232763286,2023-10-03 21:55:04,2023-10-03 22:01:36,2023-10-03 22:14:44,San Francisco,94103,B02,36,5116,1,5,0,0,0,0,,500.0,500.0,0,0,0,0,1,"500 Service Call, other",N None,"00 Action taken, other",86 Investigate,"00 Action taken, other",1 Detector alerted occupants,"500 Mercantile, business, other",00 Other area of fire origin,1 Intentional,UU Undetermined,,UU Undetermined,UU Undetermined,N None,1 Enclosed building,2 In normal use,1.0,,NO,,,,,1 Present,1 Smoke,2 Detector operated,"1 Detector alerted occupants, occupants responded",,N None Present,1 Wet - pipe sprinkler system,1 System operated and was effective,,1.0,6.0,Mission,"-122.41809, 37.773603",2023-10-03 22:14:44,2025-06-01 02:18:08
23133122,0,231331220,Lilac Street,2023-10-03,232763402,2023-10-03 22:55:07,2023-10-03 23:03:10,2023-10-03 23:07:45,San Francisco,94110,B06,11,5525,1,4,0,0,0,0,,500.0,500.0,0,0,0,0,1,"500 Service Call, other",N None,"70 Assistance, other",86 Investigate,"00 Action taken, other",1 Detector alerted occupants,NNN None,00 Other area of fire origin,1 Intentional,UU Undetermined,,UU Undetermined,UU Undetermined,N None,1 Enclosed building,2 In normal use,1.0,,NO,,,,,1 Present,1 Smoke,2 Detector operated,"1 Detector alerted occupants, occupants responded",,N None Present,1 Wet - pipe sprinkler system,1 System operated and was effective,,1.0,9.0,Mission,"-122.417878, 37.752273",2023-10-03 23:07:45,2025-06-01 02:18:08
23133128,0,231331280,243 Lakeview Avenue,2023-10-03,232763431,2023-10-03 23:12:50,2023-10-03 23:17:25,2023-10-03 23:48:42,San Francisco,94112,B09,15,8323,2,9,0,0,0,0,,10000.0,1000.0,0,0,0,0,1,131 Passenger vehicle fire,N None,11 Extinguishment by fire service personnel,86 Investigate,"00 Action taken, other",1 Detector alerted occupants,NNN None,UU Undetermined,5 Cause under investigation,UU Undetermined,,UU Undetermined,UU Undetermined,3 Unattended or unsupervised person,1 Enclosed building,2 In normal use,1.0,,NO,,,,,1 Present,1 Smoke,2 Detector operated,"1 Detector alerted occupants, occupants responded",,N None Present,1 Wet - pipe sprinkler system,1 System operated and was effective,,1.0,11.0,Oceanview/Merced/Ingleside,"-122.452272, 37.717096",2023-10-03 23:48:42,2025-06-01 02:18:08
23133130,0,231331300,Market Street,2023-10-03,232763436,2023-10-03 23:14:11,2023-10-03 23:17:28,2023-10-03 23:18:50,San Francisco,94103,B02,6,5127,1,4,0,0,0,0,,500.0,500.0,0,0,0,0,1,"651 Smoke scare, odor of smoke",N None,86 Investigate,86 Investigate,"00 Action taken, other",1 Detector alerted occupants,NNN None,00 Other area of fire origin,1 Intentional,UU Undetermined,,UU Undetermined,UU Undetermined,N None,1 Enclosed building,2 In normal use,1.0,,NO,,,,,1 Present,1 Smoke,2 Detector operated,"1 Detector alerted occupants, occupants responded",,N None Present,1 Wet - pipe sprinkler system,1 System operated and was effective,,1.0,8.0,Mission,"-122.426824, 37.769169",2023-10-03 23:18:50,2025-06-01 02:18:08
23133136,0,231331360,Shotwell Street,2023-10-03,232763454,2023-10-03 23:23:35,2023-10-03 23:27:29,2023-10-03 23:27:36,San Francisco,94103,B02,7,5225,1,4,0,0,0,0,,500.0,500.0,0,0,0,0,1,"150 Outside rubbish fire, other",N None,11 Extinguishment by fire service personnel,86 Investigate,"00 Action taken, other",1 Detector alerted occupants,"960 Street, other",00 Other area of fire origin,1 Intentional,UU Undetermined,,UU Undetermined,UU Undetermined,N None,1 Enclosed building,2 In normal use,1.0,,NO,,,,,1 Present,1 Smoke,2 Detector operated,"1 Detector alerted occupants, occupants responded",,N None Present,1 Wet - pipe sprinkler system,1 System operated and was effective,,1.0,9.0,Mission,"-122.41639, 37.765249",2023-10-03 23:27:36,2025-06-01 02:18:08
23133137,0,231331370,19th Avenue,2023-10-03,232763455,2023-10-03 23:23:44,2023-10-03 23:27:30,2023-10-03 23:28:01,San Francisco,94116,B08,40,7417,1,4,0,0,0,0,,500.0,500.0,0,0,0,0,1,"700 False alarm or false call, other",N None,86 Investigate,86 Investigate,"00 Action taken, other",1 Detector alerted occupants,"960 Street, other",00 Other area of fire origin,1 Intentional,UU Undetermined,,UU Undetermined,UU Undetermined,N None,1 Enclosed building,2 In normal use,1.0,,NO,,,,,1 Present,1 Smoke,2 Detector operated,"1 Detector alerted occupants, occupants responded",,N None Present,1 Wet - pipe sprinkler system,1 System operated and was effective,,1.0,7.0,West of Twin Peaks,"-122.476032, 37.748645",2023-10-03 23:28:01,2025-06-01 02:18:08
23133142,0,231331420,41 Waverly Place,2023-10-04,232770002,2023-10-04 00:01:56,2023-10-04 00:06:10,2023-10-04 00:12:05,San Francisco,94108,B01,2,1326,3,11,0,0,0,0,,500.0,500.0,0,0,0,0,1,"700 False alarm or false call, other",N None,63 Restore fire alarm system,86 Investigate,"00 Action taken, other",1 Detector alerted occupants,"449 Hotel/motel, commercial",00 Other area of fire origin,1 Intentional,UU Undetermined,,UU Undetermined,UU Undetermined,N None,1 Enclosed building,2 In normal use,1.0,,NO,,,,,1 Present,1 Smoke,2 Detector operated,"1 Detector alerted occupants, occupants responded",,N None Present,1 Wet - pipe sprinkler system,1 System operated and was effective,,1.0,3.0,Chinatown,"-122.406807, 37.793677",2023-10-04 00:12:05,2025-06-01 02:18:08
23133143,0,231331430,20th Avenue,2023-10-04,232770013,2023-10-04 00:07:09,2023-10-04 00:12:43,2023-10-04 00:17:56,San Francisco,94116,B08,40,7416,1,4,0,0,0,0,,500.0,500.0,0,0,0,0,1,"700 False alarm or false call, other",N None,86 Investigate,86 Investigate,"00 Action taken, other",1 Detector alerted occupants,"960 Street, other",00 Other area of fire origin,1 Intentional,UU Undetermined,,UU Undetermined,UU Undetermined,N None,1 Enclosed building,2 In normal use,1.0,,NO,,,,,1 Present,1 Smoke,2 Detector operated,"1 Detector alerted occupants, occupants responded",,N None Present,1 Wet - pipe sprinkler system,1 System operated and was effective,,1.0,4.0,Sunset/Parkside,"-122.476763, 37.743001",2023-10-04 00:17:56,2025-06-01 02:18:08
23133145,0,231331450,848 Kearny Street,2023-10-04,232770026,2023-10-04 00:16:15,2023-10-04 00:18:57,2023-10-04 00:33:47,San Francisco,94108,B01,13,1245,3,11,0,0,0,0,,500.0,500.0,0,0,0,0,1,"745 Alarm system activation, no fire  -  unintentional",N None,63 Restore fire alarm system,86 Investigate,"00 Action taken, other",1 Detector alerted occupants,"449 Hotel/motel, commercial",00 Other area of fire origin,1 Intentional,UU Undetermined,,UU Undetermined,UU Undetermined,N None,1 Enclosed building,2 In normal use,1.0,,NO,,,,,1 Present,1 Smoke,2 Detector operated,"1 Detector alerted occupants, occupants responded",,N None Present,1 Wet - pipe sprinkler system,1 System operated and was effective,,1.0,3.0,Chinatown,"-122.404966, 37.795772",2023-10-04 00:33:47,2025-06-01 02:18:08
23133160,0,231331600,224 South Van Ness Avenue,2023-10-04,232770115,2023-10-04 01:28:59,2023-10-04 01:33:43,2023-10-04 01:44:05,San Francisco,94130,B02,36,5123,1,4,0,0,0,0,,500.0,500.0,0,0,0,0,1,"151 Outside rubbish, trash or waste fire",N None,11 Extinguishment by fire service personnel,86 Investigate,"00 Action taken, other",1 Detector alerted occupants,"960 Street, other",00 Other area of fire origin,1 Intentional,UU Undetermined,,UU Undetermined,UU Undetermined,N None,1 Enclosed building,2 In normal use,1.0,,NO,,,,,1 Present,1 Smoke,2 Detector operated,"1 Detector alerted occupants, occupants responded",,N None Present,1 Wet - pipe sprinkler system,1 System operated and was effective,,1.0,9.0,Mission,"-122.418007, 37.769407",2023-10-04 01:44:05,2025-06-01 02:18:08
23133163,0,231331630,847 Clay Street,2023-10-04,232770134,2023-10-04 01:44:10,2023-10-04 01:49:51,2023-10-04 02:15:49,San Francisco,94108,B01,13,1313,2,9,0,0,0,0,,500.0,500.0,0,0,0,0,1,522 Water or steam leak,N None,66 Remove water,86 Investigate,"00 Action taken, other",1 Detector alerted occupants,429 Multifamily dwelling,00 Other area of fire origin,1 Intentional,UU Undetermined,,UU Undetermined,UU Undetermined,N None,1 Enclosed building,2 In normal use,1.0,,NO,,,,,1 Present,1 Smoke,2 Detector operated,"1 Detector alerted occupants, occupants responded",,N None Present,1 Wet - pipe sprinkler system,1 System operated and was effective,,1.0,3.0,Chinatown,"-122.407028, 37.794102",2023-10-04 02:15:49,2025-06-01 02:18:08
23133166,0,231331660,Market Street,2023-10-04,232770144,2023-10-04 01:53:30,2023-10-04 01:57:47,2023-10-04 03:17:52,San Francisco,94114,B05,6,5252,1,4,1,2,0,0,,500.0,500.0,0,0,0,0,1,322 Motor vehicle accident with injuries,N None,31 Provide first aid & check for injuries,86 Investigate,"00 Action taken, other",1 Detector alerted occupants,NNN None,00 Other area of fire origin,1 Intentional,UU Undetermined,,UU Undetermined,UU Undetermined,N None,1 Enclosed building,2 In normal use,1.0,,NO,,,,,1 Present,1 Smoke,2 Detector operated,"1 Detector alerted occupants, occupants responded",,N None Present,1 Wet - pipe sprinkler system,1 System operated and was effective,,1.0,8.0,Castro/Upper Market,"-122.433075, 37.764193",2023-10-04 03:17:52,2025-06-01 02:18:08
23133169,0,231331690,Holladay Avenue,2023-10-04,232770172,2023-10-04 02:19:18,2023-10-04 02:26:36,2023-10-04 03:28:29,San Francisco,94110,B06,9,5671,1,4,0,0,0,0,,500.0,500.0,0,0,0,0,1,"140 Natural vegetation fire, other",N None,11 Extinguishment by fire service personnel,86 Investigate,"00 Action taken, other",1 Detector alerted occupants,931 Open land or field,00 Other area of fire origin,1 Intentional,UU Undetermined,,UU Undetermined,UU Undetermined,N None,1 Enclosed building,2 In normal use,1.0,,NO,,,,,1 Present,1 Smoke,2 Detector operated,"1 Detector alerted occupants, occupants responded",,N None Present,1 Wet - pipe sprinkler system,1 System operated and was effective,,1.0,9.0,Bernal Heights,"-122.405104, 37.747368",2023-10-04 03:28:29,2025-06-01 02:18:08
23133174,0,231331740,Grand View Avenue,2023-10-04,232770185,2023-10-04 02:33:35,2023-10-04 02:37:12,2023-10-04 03:09:46,San Francisco,94114,B06,24,5543,3,10,0,0,0,0,,500.0,500.0,0,0,0,0,1,"151 Outside rubbish, trash or waste fire",N None,11 Extinguishment by fire service personnel,86 Investigate,"00 Action taken, other",1 Detector alerted occupants,NNN None,00 Other area of fire origin,1 Intentional,UU Undetermined,,UU Undetermined,UU Undetermined,N None,1 Enclosed building,2 In normal use,1.0,,NO,,,,,1 Present,1 Smoke,2 Detector operated,"1 Detector alerted occupants, occupants responded",,N None Present,1 Wet - pipe sprinkler system,1 System operated and was effective,,1.0,8.0,Noe Valley,"-122.442741, 37.751572",2023-10-04 03:09:46,2025-06-01 02:18:08
23133176,0,231331760,1278 Buchanan Street,2023-10-04,232770201,2023-10-04 02:46:27,2023-10-04 02:50:07,2023-10-04 02:54:00,San Francisco,94115,B02,5,3426,3,10,0,0,0,0,,500.0,500.0,0,0,0,0,1,"740 Unintentional transmission of alarm, other",N None,86 Investigate,86 Investigate,"00 Action taken, other",1 Detector alerted occupants,429 Multifamily dwelling,00 Other area of fire origin,1 Intentional,UU Undetermined,,UU Undetermined,UU Undetermined,N None,1 Enclosed building,2 In normal use,1.0,,NO,,,,,1 Present,1 Smoke,2 Detector operated,"1 Detector alerted occupants, occupants responded",,N None Present,1 Wet - pipe sprinkler system,1 System operated and was effective,,1.0,5.0,Western Addition,"-122.428917, 37.781656",2023-10-04 02:54:00,2025-06-01 02:18:08
23133189,0,231331890,793 South Van Ness Avenue,2023-10-04,232770261,2023-10-04 04:10:00,2023-10-04 04:15:31,2023-10-04 04:26:50,San Francisco,94110,B06,7,5433,3,10,0,0,0,0,,500.0,500.0,0,0,0,0,1,733 Smoke detector activation due to malfunction,N None,86 Investigate,86 Investigate,"00 Action taken, other",1 Detector alerted occupants,429 Multifamily dwelling,00 Other area of fire origin,1 Intentional,UU Undetermined,,UU Undetermined,UU Undetermined,N None,1 Enclosed building,2 In normal use,1.0,,NO,,,,,1 Present,1 Smoke,2 Detector operated,"1 Detector alerted occupants, occupants responded",,N None Present,1 Wet - pipe sprinkler system,1 System operated and was effective,,1.0,9.0,Mission,"-122.416957, 37.760529",2023-10-04 04:26:50,2025-06-01 02:18:08
23133192,0,231331920,1900 19th Avenue,2023-10-04,232770288,2023-10-04 04:33:47,2023-10-04 04:40:41,2023-10-04 04:53:59,San Francisco,94122,B08,40,7421,1,5,0,0,0,0,,500.0,500.0,0,0,0,0,1,"500 Service Call, other",N None,65 Secure property,86 Investigate,"00 Action taken, other",1 Detector alerted occupants,511 Convenience store,00 Other area of fire origin,1 Intentional,UU Undetermined,,UU Undetermined,UU Undetermined,N None,1 Enclosed building,2 In normal use,1.0,,NO,,,,,1 Present,1 Smoke,2 Detector operated,"1 Detector alerted occupants, occupants responded",,N None Present,1 Wet - pipe sprinkler system,1 System operated and was effective,,1.0,7.0,Inner Sunset,"-122.476203, 37.752311",2023-10-04 04:53:59,2025-06-01 02:18:08
23133196,0,231331960,535 34th Avenue,2023-10-04,232770324,2023-10-04 05:03:05,2023-10-04 05:06:30,2023-10-04 05:18:47,San Francisco,94121,B07,34,7245,3,10,0,0,0,0,,500.0,500.0,0,0,0,0,1,"700 False alarm or false call, other",N None,86 Investigate,86 Investigate,"00 Action taken, other",1 Detector alerted occupants,429 Multifamily dwelling,00 Other area of fire origin,1 Intentional,UU Undetermined,,UU Undetermined,UU Undetermined,N None,1 Enclosed building,2 In normal use,1.0,,NO,,,,,1 Present,1 Smoke,2 Detector operated,"1 Detector alerted occupants, occupants responded",,N None Present,1 Wet - pipe sprinkler system,1 System operated and was effective,,1.0,1.0,Outer Richmond,"-122.494415, 37.778956",2023-10-04 05:18:47,2025-06-01 02:18:08
23133197,0,231331970,1417 20th Avenue,2023-10-04,232770338,2023-10-04 05:19:03,2023-10-04 05:21:56,2023-10-04 05:33:03,San Francisco,94122,B08,22,7426,4,11,0,0,0,0,,500.0,500.0,0,0,0,0,1,"700 False alarm or false call, other",N None,86 Investigate,86 Investigate,"00 Action taken, other",1 Detector alerted occupants,429 Multifamily dwelling,00 Other area of fire origin,1 Intentional,UU Undetermined,,UU Undetermined,UU Undetermined,N None,1 Enclosed building,2 In normal use,1.0,,NO,,,,,1 Present,1 Smoke,2 Detector operated,"1 Detector alerted occupants, occupants responded",,N None Present,1 Wet - pipe sprinkler system,1 System operated and was effective,,1.0,4.0,Sunset/Parkside,"-122.478126, 37.761296",2023-10-04 05:33:03,2025-06-01 02:18:08
23133198,0,231331980,1410 Broadway,2023-10-04,232770340,2023-10-04 05:21:41,2023-10-04 05:28:15,2023-10-04 05:31:57,San Francisco,94109,B01,41,1632,1,5,0,0,0,0,,500.0,500.0,0,0,0,0,1,553 Public service,N None,"70 Assistance, other",86 Investigate,"00 Action taken, other",1 Detector alerted occupants,UUU Undetermined,00 Other area of fire origin,1 Intentional,UU Undetermined,,UU Undetermined,UU Undetermined,N None,1 Enclosed building,2 In normal use,1.0,,NO,,,,,1 Present,1 Smoke,2 Detector operated,"1 Detector alerted occupants, occupants responded",,N None Present,1 Wet - pipe sprinkler system,1 System operated and was effective,,1.0,3.0,Russian Hill,"-122.420358, 37.796141",2023-10-04 05:31:57,2025-06-01 02:18:08
23133203,0,231332030,2154 Chestnut Street,2023-10-04,232770352,2023-10-04 05:33:22,2023-10-04 05:40:12,2023-10-04 05:52:18,San Francisco,94123,B04,16,3661,1,5,0,0,0,0,,500.0,500.0,0,0,0,0,1,551 Assist police or other governmental agency,N None,75 Provide equipment,86 Investigate,"00 Action taken, other",1 Detector alerted occupants,"529 Textile, wearing apparel sales",00 Other area of fire origin,1 Intentional,UU Undetermined,,UU Undetermined,UU Undetermined,N None,1 Enclosed building,2 In normal use,1.0,,NO,,,,,1 Present,1 Smoke,2 Detector operated,"1 Detector alerted occupants, occupants responded",,N None Present,1 Wet - pipe sprinkler system,1 System operated and was effective,,1.0,2.0,Marina,"-122.438787, 37.800564",2023-10-04 05:52:18,2025-06-01 02:18:08
23133204,0,231332040,Mission Street,2023-10-04,232770354,2023-10-04 05:34:35,2023-10-04 05:39:04,2023-10-04 06:52:43,San Francisco,94110,B02,7,5423,1,4,1,2,1,4,,500.0,500.0,0,0,0,0,1,322 Motor vehicle accident with injuries,N None,31 Provide first aid & check for injuries,86 Investigate,"00 Action taken, other",1 Detector alerted occupants,"960 Street, other",00 Other area of fire origin,1 Intentional,UU Undetermined,,UU Undetermined,UU Undetermined,N None,1 Enclosed building,2 In normal use,1.0,,NO,,,,,1 Present,1 Smoke,2 Detector operated,"1 Detector alerted occupants, occupants responded",,N None Present,1 Wet - pipe sprinkler system,1 System operated and was effective,,1.0,9.0,Mission,"-122.41936, 37.761836",2023-10-04 06:52:43,2025-06-01 02:18:08
23133206,0,231332060,Ofarrell Street,2023-10-04,232770371,2023-10-04 05:50:47,2023-10-04 05:57:08,2023-10-04 06:47:01,San Francisco,94115,B05,21,4236,1,4,1,2,0,0,,500.0,500.0,0,0,0,0,1,323 Motor vehicle/pedestrian accident (MV Ped),N None,32 Provide basic life support (BLS),86 Investigate,"00 Action taken, other",1 Detector alerted occupants,"960 Street, other",00 Other area of fire origin,1 Intentional,UU Undetermined,,UU Undetermined,UU Undetermined,N None,1 Enclosed building,2 In normal use,1.0,,NO,,,,,1 Present,1 Smoke,2 Detector operated,"1 Detector alerted occupants, occupants responded",,N None Present,1 Wet - pipe sprinkler system,1 System operated and was effective,,1.0,2.0,Lone Mountain/USF,"-122.441674, 37.782232",2023-10-04 06:47:01,2025-06-01 02:18:08
23133208,0,231332080,925 Market Street,2023-10-04,232770381,2023-10-04 06:00:04,2023-10-04 06:06:09,2023-10-04 06:19:11,San Francisco,94103,B01,1,2247,1,4,0,0,0,0,,500.0,500.0,0,0,0,0,1,"745 Alarm system activation, no fire  -  unintentional",N None,86 Investigate,86 Investigate,"00 Action taken, other",1 Detector alerted occupants,161 Restaurant or cafeteria,00 Other area of fire origin,1 Intentional,UU Undetermined,,UU Undetermined,UU Undetermined,N None,1 Enclosed building,2 In normal use,1.0,,NO,,,,,1 Present,1 Smoke,2 Detector operated,"1 Detector alerted occupants, occupants responded",,N None Present,1 Wet - pipe sprinkler system,1 System operated and was effective,,1.0,6.0,South of Market,"-122.408449, 37.783591",2023-10-04 06:19:11,2025-06-01 02:18:08
23133209,0,231332090,120 Willow Street,2023-10-04,232770383,2023-10-04 06:01:03,2023-10-04 06:07:39,2023-10-04 06:27:32,San Francisco,94109,B02,3,3115,1,4,0,0,0,0,,500.0,500.0,0,0,0,0,1,"150 Outside rubbish fire, other",N None,"10 Fire control or extinguishment, other",86 Investigate,"00 Action taken, other",1 Detector alerted occupants,"960 Street, other",00 Other area of fire origin,1 Intentional,UU Undetermined,,UU Undetermined,UU Undetermined,N None,1 Enclosed building,2 In normal use,1.0,,NO,,,,,1 Present,1 Smoke,2 Detector operated,"1 Detector alerted occupants, occupants responded",,N None Present,1 Wet - pipe sprinkler system,1 System operated and was effective,,1.0,5.0,Tenderloin,"-122.419672, 37.783587",2023-10-04 06:27:32,2025-06-01 02:18:08
23133211,0,231332110,1231 Fulton Street,2023-10-04,232770394,2023-10-04 06:07:43,2023-10-04 06:12:29,2023-10-04 06:27:23,San Francisco,94117,B05,21,4135,3,10,0,0,0,0,,500.0,500.0,0,0,0,0,1,"746 Carbon monoxide detector activation, no CO",N None,86 Investigate,86 Investigate,"00 Action taken, other",1 Detector alerted occupants,429 Multifamily dwelling,00 Other area of fire origin,1 Intentional,UU Undetermined,,UU Undetermined,UU Undetermined,N None,1 Enclosed building,2 In normal use,1.0,,NO,,,,,1 Present,1 Smoke,2 Detector operated,"1 Detector alerted occupants, occupants responded",,N None Present,1 Wet - pipe sprinkler system,1 System operated and was effective,,1.0,5.0,Hayes Valley,"-122.437039, 37.776931",2023-10-04 06:27:23,2025-06-01 02:18:08
23133215,0,231332150,Folsom Street,2023-10-04,232770426,2023-10-04 06:27:40,2023-10-04 06:33:31,2023-10-04 06:35:32,San Francisco,94103,B02,7,5216,1,4,0,0,0,0,,500.0,500.0,0,0,0,0,1,"151 Outside rubbish, trash or waste fire",N None,11 Extinguishment by fire service personnel,86 Investigate,"00 Action taken, other",1 Detector alerted occupants,"960 Street, other",00 Other area of fire origin,1 Intentional,UU Undetermined,,UU Undetermined,UU Undetermined,N None,1 Enclosed building,2 In normal use,1.0,,NO,,,,,1 Present,1 Smoke,2 Detector operated,"1 Detector alerted occupants, occupants responded",,N None Present,1 Wet - pipe sprinkler system,1 System operated and was effective,,1.0,9.0,Mission,"-122.415616, 37.768536",2023-10-04 06:35:32,2025-06-01 02:18:08
23133216,0,231332160,1064 Mission Street,2023-10-04,232770437,2023-10-04 06:32:38,2023-10-04 06:40:30,2023-10-04 06:46:26,San Francisco,94103,B03,1,2251,1,5,0,0,0,0,,500.0,500.0,0,0,0,0,1,"740 Unintentional transmission of alarm, other",N None,86 Investigate,86 Investigate,"00 Action taken, other",1 Detector alerted occupants,"439 Boarding/rooming house, residential hotels",00 Other area of fire origin,1 Intentional,UU Undetermined,,UU Undetermined,UU Undetermined,N None,1 Enclosed building,2 In normal use,1.0,,NO,,,,,1 Present,1 Smoke,2 Detector operated,"1 Detector alerted occupants, occupants responded",,N None Present,1 Wet - pipe sprinkler system,1 System operated and was effective,,1.0,6.0,South of Market,"-122.410208, 37.779886",2023-10-04 06:46:26,2025-06-01 02:18:08
23133217,0,231332170,Ofarrell Street,2023-10-04,232770439,2023-10-04 06:33:04,2023-10-04 06:38:27,2023-10-04 06:45:40,San Francisco,94115,B05,21,4236,2,8,0,0,0,0,,500.0,500.0,0,0,0,0,1,"500 Service Call, other",N None,47 Decontaminate occupancy or area,86 Investigate,"00 Action taken, other",1 Detector alerted occupants,"960 Street, other",00 Other area of fire origin,1 Intentional,UU Undetermined,,UU Undetermined,UU Undetermined,N None,1 Enclosed building,2 In normal use,1.0,,NO,,,,,1 Present,1 Smoke,2 Detector operated,"1 Detector alerted occupants, occupants responded",,N None Present,1 Wet - pipe sprinkler system,1 System operated and was effective,,1.0,2.0,Lone Mountain/USF,"-122.441674, 37.782232",2023-10-04 06:45:40,2025-06-01 02:18:08
23133218,0,231332180,Fitch Street,2023-10-04,232770448,2023-10-04 06:38:15,2023-10-04 06:43:33,2023-10-04 06:43:59,San Francisco,94124,B10,17,6647,1,4,0,0,0,0,,500.0,500.0,0,0,0,0,1,"151 Outside rubbish, trash or waste fire",N None,11 Extinguishment by fire service personnel,86 Investigate,"00 Action taken, other",1 Detector alerted occupants,UUU Undetermined,00 Other area of fire origin,1 Intentional,UU Undetermined,,UU Undetermined,UU Undetermined,N None,1 Enclosed building,2 In normal use,1.0,,NO,,,,,1 Present,1 Smoke,2 Detector operated,"1 Detector alerted occupants, occupants responded",,N None Present,1 Wet - pipe sprinkler system,1 System operated and was effective,,1.0,10.0,Bayview Hunters Point,"-122.378396, 37.725935",2023-10-04 06:43:59,2025-06-01 02:18:08
23133220,0,231332200,Executive Park Bl,2023-10-04,232770465,2023-10-04 06:45:56,2023-10-04 06:54:39,2023-10-04 07:06:53,San Francisco,94134,B10,44,6276,1,4,0,0,0,0,,500.0,500.0,0,0,0,0,1,"150 Outside rubbish fire, other",N None,11 Extinguishment by fire service personnel,86 Investigate,"00 Action taken, other",1 Detector alerted occupants,"960 Street, other",00 Other area of fire origin,1 Intentional,UU Undetermined,,UU Undetermined,UU Undetermined,N None,1 Enclosed building,2 In normal use,1.0,,NO,,,,,1 Present,1 Smoke,2 Detector operated,"1 Detector alerted occupants, occupants responded",,N None Present,1 Wet - pipe sprinkler system,1 System operated and was effective,,1.0,10.0,Bayview Hunters Point,"-122.390889, 37.710368",2023-10-04 07:06:53,2025-06-01 02:18:08
23133222,0,231332220,11th Avenue,2023-10-04,232770470,2023-10-04 06:50:58,2023-10-04 06:54:53,2023-10-04 06:57:38,San Francisco,94122,B08,22,7344,2,8,1,2,0,0,,500.0,500.0,0,0,0,0,1,"300 Rescue, EMS incident, other",N None,"70 Assistance, other",86 Investigate,"00 Action taken, other",1 Detector alerted occupants,"962 Residential street, road or residential driveway",00 Other area of fire origin,1 Intentional,UU Undetermined,,UU Undetermined,UU Undetermined,N None,1 Enclosed building,2 In normal use,1.0,,NO,,,,,1 Present,1 Smoke,2 Detector operated,"1 Detector alerted occupants, occupants responded",,N None Present,1 Wet - pipe sprinkler system,1 System operated and was effective,,1.0,7.0,Inner Sunset,"-122.468058, 37.758349",2023-10-04 06:57:38,2025-06-01 02:18:08
23133226,0,231332260,45 Castro Street,2023-10-04,232770501,2023-10-04 07:10:00,2023-10-04 07:13:31,2023-10-04 07:28:54,San Francisco,94114,B05,6,513,8,29,1,2,1,2,,500.0,500.0,0,0,0,0,1,735 Alarm system sounded due to malfunction,N None,86 Investigate,86 Investigate,"00 Action taken, other",1 Detector alerted occupants,"960 Street, other",00 Other area of fire origin,1 Intentional,UU Undetermined,,UU Undetermined,UU Undetermined,N None,1 Enclosed building,2 In normal use,1.0,,NO,,,,,1 Present,1 Smoke,2 Detector operated,"1 Detector alerted occupants, occupants responded",,N None Present,1 Wet - pipe sprinkler system,1 System operated and was effective,,1.0,8.0,Castro/Upper Market,"-122.434595, 37.768239",2023-10-04 07:28:54,2025-06-01 02:18:08
23133231,0,231332310,2551 Sutter Street,2023-10-04,232770546,2023-10-04 07:27:08,2023-10-04 07:29:40,2023-10-04 08:43:00,San Francisco,94115,B05,10,4262,4,11,1,2,0,0,,500.0,500.0,0,0,0,0,1,424 Carbon monoxide incident,N None,"70 Assistance, other",86 Investigate,"00 Action taken, other",1 Detector alerted occupants,429 Multifamily dwelling,00 Other area of fire origin,1 Intentional,UU Undetermined,,UU Undetermined,UU Undetermined,N None,1 Enclosed building,2 In normal use,1.0,,NO,,,,,1 Present,1 Smoke,2 Detector operated,"1 Detector alerted occupants, occupants responded",,N None Present,1 Wet - pipe sprinkler system,1 System operated and was effective,,1.0,5.0,Japantown,"-122.442363, 37.784862",2023-10-04 08:43:00,2025-06-01 02:18:08
23133232,0,231332320,180 Turk Street,2023-10-04,232770557,2023-10-04 07:29:49,2023-10-04 07:37:38,2023-10-04 08:12:51,San Francisco,94102,B03,3,1456,1,5,0,0,0,0,,500.0,500.0,0,0,0,0,1,554 Assist invalid,N None,71 Assist physically disabled,86 Investigate,"00 Action taken, other",1 Detector alerted occupants,"439 Boarding/rooming house, residential hotels",00 Other area of fire origin,1 Intentional,UU Undetermined,,UU Undetermined,UU Undetermined,N None,1 Enclosed building,2 In normal use,1.0,,NO,,,,,1 Present,1 Smoke,2 Detector operated,"1 Detector alerted occupants, occupants responded",,N None Present,1 Wet - pipe sprinkler system,1 System operated and was effective,,1.0,5.0,Tenderloin,"-122.412072, 37.783117",2023-10-04 08:12:51,2025-06-01 02:18:08
23133239,0,231332390,Quesada Avenue,2023-10-04,232770603,2023-10-04 07:48:03,2023-10-04 07:55:42,2023-10-04 07:57:01,San Francisco,94124,B10,17,6535,1,4,0,0,0,0,,500.0,500.0,0,0,0,0,1,"151 Outside rubbish, trash or waste fire",N None,11 Extinguishment by fire service personnel,86 Investigate,"00 Action taken, other",1 Detector alerted occupants,UUU Undetermined,00 Other area of fire origin,1 Intentional,UU Undetermined,,UU Undetermined,UU Undetermined,N None,1 Enclosed building,2 In normal use,1.0,,NO,,,,,1 Present,1 Smoke,2 Detector operated,"1 Detector alerted occupants, occupants responded",,N None Present,1 Wet - pipe sprinkler system,1 System operated and was effective,,1.0,10.0,Bayview Hunters Point,"-122.391245, 37.733225",2023-10-04 07:57:01,2025-06-01 02:18:08
23133243,0,231332430,301 Rolph Street,2023-10-04,232770653,2023-10-04 08:07:58,2023-10-04 08:11:50,2023-10-04 08:21:11,San Francisco,94112,B09,43,6224,1,4,1,1,0,0,,500.0,500.0,0,0,0,0,1,323 Motor vehicle/pedestrian accident (MV Ped),N None,"30 Emergency medical services, other",86 Investigate,"00 Action taken, other",1 Detector alerted occupants,NNN None,00 Other area of fire origin,1 Intentional,UU Undetermined,,UU Undetermined,UU Undetermined,N None,1 Enclosed building,2 In normal use,1.0,,NO,,,,,1 Present,1 Smoke,2 Detector operated,"1 Detector alerted occupants, occupants responded",,N None Present,1 Wet - pipe sprinkler system,1 System operated and was effective,,1.0,11.0,Excelsior,"-122.436523, 37.713576",2023-10-04 08:21:11,2025-06-01 02:18:08
23133244,0,231332440,385 Eddy Street,2023-10-04,232770659,2023-10-04 08:09:24,2023-10-04 08:12:44,2023-10-04 08:22:00,San Francisco,94109,B02,3,1545,4,16,0,0,0,0,,500.0,500.0,0,0,0,0,1,"700 False alarm or false call, other",N None,86 Investigate,86 Investigate,"00 Action taken, other",1 Detector alerted occupants,"000 Property Use, other",00 Other area of fire origin,1 Intentional,UU Undetermined,,UU Undetermined,UU Undetermined,N None,1 Enclosed building,2 In normal use,1.0,,NO,,,,,1 Present,1 Smoke,2 Detector operated,"1 Detector alerted occupants, occupants responded",,N None Present,1 Wet - pipe sprinkler system,1 System operated and was effective,,1.0,5.0,Tenderloin,"-122.413863, 37.78356",2023-10-04 08:22:00,2025-06-01 02:18:08
23133245,0,231332450,1365 10th Avenue,2023-10-04,232770663,2023-10-04 08:11:33,2023-10-04 08:15:01,2023-10-04 08:21:18,San Francisco,94122,B08,22,7345,3,10,0,0,0,0,,500.0,500.0,0,0,0,0,1,"730 System malfunction, other",N None,63 Restore fire alarm system,86 Investigate,"00 Action taken, other",1 Detector alerted occupants,429 Multifamily dwelling,00 Other area of fire origin,1 Intentional,UU Undetermined,,UU Undetermined,UU Undetermined,N None,1 Enclosed building,2 In normal use,1.0,,NO,,,,,1 Present,1 Smoke,2 Detector operated,"1 Detector alerted occupants, occupants responded",,N None Present,1 Wet - pipe sprinkler system,1 System operated and was effective,,1.0,7.0,Inner Sunset,"-122.467386, 37.762789",2023-10-04 08:21:18,2025-06-01 02:18:08
23133268,0,231332680,705 Natoma Street,2023-10-04,232770856,2023-10-04 09:20:03,2023-10-04 09:32:26,2023-10-04 09:39:10,San Francisco,94103,B02,1,2318,1,5,0,0,0,0,,500.0,500.0,0,0,0,0,1,554 Assist invalid,N None,71 Assist physically disabled,86 Investigate,"00 Action taken, other",1 Detector alerted occupants,"439 Boarding/rooming house, residential hotels",00 Other area of fire origin,1 Intentional,UU Undetermined,,UU Undetermined,UU Undetermined,N None,1 Enclosed building,2 In normal use,1.0,,NO,,,,,1 Present,1 Smoke,2 Detector operated,"1 Detector alerted occupants, occupants responded",,N None Present,1 Wet - pipe sprinkler system,1 System operated and was effective,,1.0,6.0,South of Market,"-122.41222, 37.776516",2023-10-04 09:39:10,2025-06-01 02:18:08
23133270,0,231332700,17th Street,2023-10-04,232770861,2023-10-04 09:20:55,2023-10-04 09:24:45,2023-10-04 10:47:14,San Francisco,94114,B02,6,5251,1,4,4,6,0,0,,500.0,500.0,0,0,0,0,1,323 Motor vehicle/pedestrian accident (MV Ped),N None,86 Investigate,31 Provide first aid & check for injuries,"00 Action taken, other",1 Detector alerted occupants,NNN None,00 Other area of fire origin,1 Intentional,UU Undetermined,,UU Undetermined,UU Undetermined,N None,1 Enclosed building,2 In normal use,1.0,,NO,,,,,1 Present,1 Smoke,2 Detector operated,"1 Detector alerted occupants, occupants responded",,N None Present,1 Wet - pipe sprinkler system,1 System operated and was effective,,1.0,8.0,Castro/Upper Market,"-122.428509, 37.76289",2023-10-04 10:47:14,2025-06-01 02:18:08
23133281,0,231332810,847 Clay Street,2023-10-04,232770918,2023-10-04 09:34:09,2023-10-04 09:37:53,2023-10-04 09:49:43,San Francisco,94108,B01,13,1313,3,11,0,0,0,0,,500.0,500.0,0,0,0,0,1,735 Alarm system sounded due to malfunction,N None,86 Investigate,86 Investigate,"00 Action taken, other",1 Detector alerted occupants,"400 Residential, other",00 Other area of fire origin,1 Intentional,UU Undetermined,,UU Undetermined,UU Undetermined,N None,1 Enclosed building,2 In normal use,1.0,,NO,,,,,1 Present,1 Smoke,2 Detector operated,"1 Detector alerted occupants, occupants responded",,N None Present,1 Wet - pipe sprinkler system,1 System operated and was effective,,1.0,3.0,Chinatown,"-122.407028, 37.794102",2023-10-04 09:49:43,2025-06-01 02:18:08
23133282,0,231332820,920 Harrison Street,2023-10-04,232770921,2023-10-04 09:34:45,2023-10-04 09:38:49,2023-10-04 09:42:12,San Francisco,94107,B03,1,2243,3,10,0,0,0,0,,500.0,500.0,0,0,0,0,1,"700 False alarm or false call, other",N None,"60 Systems and services, other",86 Investigate,"00 Action taken, other",1 Detector alerted occupants,429 Multifamily dwelling,00 Other area of fire origin,1 Intentional,UU Undetermined,,UU Undetermined,UU Undetermined,N None,1 Enclosed building,2 In normal use,1.0,,NO,,,,,1 Present,1 Smoke,2 Detector operated,"1 Detector alerted occupants, occupants responded",,N None Present,1 Wet - pipe sprinkler system,1 System operated and was effective,,1.0,6.0,South of Market,"-122.402319, 37.778756",2023-10-04 09:42:12,2025-06-01 02:18:08
23133283,0,231332830,599 Ofarrell Street,2023-10-04,232770924,2023-10-04 09:35:37,2023-10-04 09:35:37,2023-10-04 09:55:13,San Francisco,94102,B04,3,1544,1,4,0,0,0,0,,500.0,500.0,0,0,0,0,1,"651 Smoke scare, odor of smoke",N None,86 Investigate,86 Investigate,"00 Action taken, other",1 Detector alerted occupants,161 Restaurant or cafeteria,00 Other area of fire origin,1 Intentional,UU Undetermined,,UU Undetermined,UU Undetermined,N None,1 Enclosed building,2 In normal use,1.0,,NO,,,,,1 Present,1 Smoke,2 Detector operated,"1 Detector alerted occupants, occupants responded",,N None Present,1 Wet - pipe sprinkler system,1 System operated and was effective,,1.0,5.0,Tenderloin,"-122.41452, 37.785526",2023-10-04 09:55:13,2025-06-01 02:18:08
23133289,0,231332890,55 Mason Street,2023-10-04,232770964,2023-10-04 09:44:01,2023-10-04 09:48:17,2023-10-04 09:57:52,San Francisco,94102,B03,1,1365,3,11,0,0,0,0,,500.0,500.0,0,0,0,0,1,"744 Detector activation, no fire  -  unintentional",N None,63 Restore fire alarm system,86 Investigate,"00 Action taken, other",1 Detector alerted occupants,"400 Residential, other",00 Other area of fire origin,1 Intentional,UU Undetermined,,UU Undetermined,UU Undetermined,N None,1 Enclosed building,2 In normal use,1.0,,NO,,,,,1 Present,1 Smoke,2 Detector operated,"1 Detector alerted occupants, occupants responded",,N None Present,1 Wet - pipe sprinkler system,1 System operated and was effective,,1.0,5.0,Tenderloin,"-122.409608, 37.784029",2023-10-04 09:57:52,2025-06-01 02:18:08
23133292,0,231332920,241 Oneida Avenue,2023-10-04,232770995,2023-10-04 09:51:41,2023-10-04 09:58:04,2023-10-04 10:00:20,San Francisco,94112,B09,15,828,5,16,0,0,0,0,,500.0,500.0,0,0,0,0,1,611 Dispatched & canceled en route,N None,93 Cancelled en route,86 Investigate,"00 Action taken, other",1 Detector alerted occupants,429 Multifamily dwelling,00 Other area of fire origin,1 Intentional,UU Undetermined,,UU Undetermined,UU Undetermined,N None,1 Enclosed building,2 In normal use,1.0,,NO,,,,,1 Present,1 Smoke,2 Detector operated,"1 Detector alerted occupants, occupants responded",,N None Present,1 Wet - pipe sprinkler system,1 System operated and was effective,,1.0,11.0,Outer Mission,"-122.442851, 37.721808",2023-10-04 10:00:20,2025-06-01 02:18:08
23133298,0,231332980,4724 25th Street,2023-10-04,232771055,2023-10-04 10:09:54,2023-10-04 10:14:20,2023-10-04 10:22:59,San Francisco,94114,B06,24,5544,3,10,0,0,0,0,,500.0,500.0,0,0,0,0,1,"746 Carbon monoxide detector activation, no CO",N None,63 Restore fire alarm system,86 Investigate,"00 Action taken, other",1 Detector alerted occupants,419 1 or 2 family dwelling,00 Other area of fire origin,1 Intentional,UU Undetermined,,UU Undetermined,UU Undetermined,N None,1 Enclosed building,2 In normal use,1.0,,NO,,,,,1 Present,1 Smoke,2 Detector operated,"1 Detector alerted occupants, occupants responded",,N None Present,1 Wet - pipe sprinkler system,1 System operated and was effective,,1.0,8.0,Noe Valley,"-122.441849, 37.749278",2023-10-04 10:22:59,2025-06-01 02:18:08
23133299,0,231332990,100 Alma Street,2023-10-04,232771065,2023-10-04 10:13:08,2023-10-04 10:21:07,2023-10-04 10:39:51,San Francisco,94117,B05,12,5162,3,11,0,0,0,0,,500.0,500.0,0,0,0,0,1,"700 False alarm or false call, other",N None,86 Investigate,86 Investigate,"00 Action taken, other",1 Detector alerted occupants,429 Multifamily dwelling,00 Other area of fire origin,1 Intentional,UU Undetermined,,UU Undetermined,UU Undetermined,N None,1 Enclosed building,2 In normal use,1.0,,NO,,,,,1 Present,1 Smoke,2 Detector operated,"1 Detector alerted occupants, occupants responded",,N None Present,1 Wet - pipe sprinkler system,1 System operated and was effective,,1.0,8.0,Haight Ashbury,"-122.449533, 37.763256",2023-10-04 10:39:51,2025-06-01 02:18:08
23133302,0,231333020,Jordan Avenue,2023-10-04,232771084,2023-10-04 10:17:42,2023-10-04 10:25:42,2023-10-04 11:19:33,San Francisco,94118,B07,10,4446,1,4,1,2,0,0,,500.0,500.0,0,0,0,0,1,324 Motor vehicle accident with no injuries.,N None,31 Provide first aid & check for injuries,86 Investigate,"00 Action taken, other",1 Detector alerted occupants,"962 Residential street, road or residential driveway",00 Other area of fire origin,1 Intentional,UU Undetermined,,UU Undetermined,UU Undetermined,N None,1 Enclosed building,2 In normal use,1.0,,NO,,,,,1 Present,1 Smoke,2 Detector operated,"1 Detector alerted occupants, occupants responded",,N None Present,1 Wet - pipe sprinkler system,1 System operated and was effective,,1.0,2.0,Presidio Heights,"-122.456813, 37.783929",2023-10-04 11:19:33,2025-06-01 02:18:08
23133315,0,231333150,29 Ramsell Street,2023-10-04,232771170,2023-10-04 10:40:56,2023-10-04 10:47:59,2023-10-04 10:50:47,San Francisco,94132,B09,33,8412,3,11,0,0,0,0,,500.0,500.0,0,0,0,0,1,"745 Alarm system activation, no fire  -  unintentional",N None,86 Investigate,86 Investigate,"00 Action taken, other",1 Detector alerted occupants,419 1 or 2 family dwelling,00 Other area of fire origin,1 Intentional,UU Undetermined,,UU Undetermined,UU Undetermined,N None,1 Enclosed building,2 In normal use,1.0,,NO,,,,,1 Present,1 Smoke,2 Detector operated,"1 Detector alerted occupants, occupants responded",,N None Present,1 Wet - pipe sprinkler system,1 System operated and was effective,,1.0,7.0,Oceanview/Merced/Ingleside,"-122.466249, 37.711269",2023-10-04 10:50:47,2025-06-01 02:18:08
23133318,0,231333180,55 4th Street,2023-10-04,232771182,2023-10-04 10:46:13,2023-10-04 10:54:46,2023-10-04 10:59:23,San Francisco,94103,B03,1,2212,3,10,0,0,0,0,,500.0,500.0,0,0,0,0,1,"700 False alarm or false call, other",N None,"60 Systems and services, other",86 Investigate,"00 Action taken, other",1 Detector alerted occupants,"500 Mercantile, business, other",00 Other area of fire origin,1 Intentional,UU Undetermined,,UU Undetermined,UU Undetermined,N None,1 Enclosed building,2 In normal use,1.0,,NO,,,,,1 Present,1 Smoke,2 Detector operated,"1 Detector alerted occupants, occupants responded",,N None Present,1 Wet - pipe sprinkler system,1 System operated and was effective,,1.0,6.0,Financial District/South Beach,"-122.404864, 37.785062",2023-10-04 10:59:23,2025-06-01 02:18:08
23133320,0,231333200,1383 Hampshire Street,2023-10-04,232771207,2023-10-04 10:52:43,2023-10-04 10:57:30,2023-10-04 11:01:30,San Francisco,94110,B06,9,5616,1,4,0,0,0,0,,500.0,500.0,0,0,0,0,1,"500 Service Call, other",N None,86 Investigate,86 Investigate,"00 Action taken, other",1 Detector alerted occupants,419 1 or 2 family dwelling,00 Other area of fire origin,1 Intentional,UU Undetermined,,UU Undetermined,UU Undetermined,N None,1 Enclosed building,2 In normal use,1.0,,NO,,,,,1 Present,1 Smoke,2 Detector operated,"1 Detector alerted occupants, occupants responded",,N None Present,1 Wet - pipe sprinkler system,1 System operated and was effective,,1.0,9.0,Mission,"-122.406958, 37.750319",2023-10-04 11:01:30,2025-06-01 02:18:08
23133324,0,231333240,1892 San Jose Avenue,2023-10-04,232771223,2023-10-04 10:56:16,2023-10-04 11:02:06,2023-10-04 11:19:46,San Francisco,94112,B09,15,8276,1,5,0,0,0,0,,500.0,500.0,0,0,0,0,1,"520 Water problem, other",N None,64 Shut down system,86 Investigate,"00 Action taken, other",1 Detector alerted occupants,"400 Residential, other",00 Other area of fire origin,1 Intentional,UU Undetermined,,UU Undetermined,UU Undetermined,N None,1 Enclosed building,2 In normal use,1.0,,NO,,,,,1 Present,1 Smoke,2 Detector operated,"1 Detector alerted occupants, occupants responded",,N None Present,1 Wet - pipe sprinkler system,1 System operated and was effective,,1.0,11.0,Outer Mission,"-122.441405, 37.727137",2023-10-04 11:19:46,2025-06-01 02:18:08
23133330,0,231333300,California Street,2023-10-04,232771272,2023-10-04 11:11:09,2023-10-04 11:13:06,2023-10-04 11:20:21,San Francisco,94118,B07,31,7125,1,5,0,0,0,0,,500.0,500.0,0,0,0,0,1,"500 Service Call, other",N None,"00 Action taken, other",86 Investigate,"00 Action taken, other",1 Detector alerted occupants,"962 Residential street, road or residential driveway",00 Other area of fire origin,1 Intentional,UU Undetermined,,UU Undetermined,UU Undetermined,N None,1 Enclosed building,2 In normal use,1.0,,NO,,,,,1 Present,1 Smoke,2 Detector operated,"1 Detector alerted occupants, occupants responded",,N None Present,1 Wet - pipe sprinkler system,1 System operated and was effective,,1.0,1.0,Inner Richmond,"-122.462441, 37.785264",2023-10-04 11:20:21,2025-06-01 02:18:08
23133338,0,231333380,Union Street,2023-10-04,232771356,2023-10-04 11:29:14,2023-10-04 11:33:40,2023-10-04 12:44:55,San Francisco,94109,B04,41,3131,2,8,1,2,0,0,,500.0,500.0,0,0,0,0,1,322 Motor vehicle accident with injuries,N None,31 Provide first aid & check for injuries,86 Investigate,"00 Action taken, other",1 Detector alerted occupants,"962 Residential street, road or residential driveway",00 Other area of fire origin,1 Intentional,UU Undetermined,,UU Undetermined,UU Undetermined,N None,1 Enclosed building,2 In normal use,1.0,,NO,,,,,1 Present,1 Smoke,2 Detector operated,"1 Detector alerted occupants, occupants responded",,N None Present,1 Wet - pipe sprinkler system,1 System operated and was effective,,1.0,3.0,Russian Hill,"-122.42234, 37.798761",2023-10-04 12:44:55,2025-06-01 02:18:08
23133339,0,231333390,705 Natoma Street,2023-10-04,232771360,2023-10-04 11:30:20,2023-10-04 11:31:50,2023-10-04 11:38:58,San Francisco,94103,B02,1,2318,4,14,0,0,0,0,,500.0,500.0,0,0,0,0,1,735 Alarm system sounded due to malfunction,N None,86 Investigate,86 Investigate,"00 Action taken, other",1 Detector alerted occupants,429 Multifamily dwelling,00 Other area of fire origin,1 Intentional,UU Undetermined,,UU Undetermined,UU Undetermined,N None,1 Enclosed building,2 In normal use,1.0,,NO,,,,,1 Present,1 Smoke,2 Detector operated,"1 Detector alerted occupants, occupants responded",,N None Present,1 Wet - pipe sprinkler system,1 System operated and was effective,,1.0,6.0,South of Market,"-122.41222, 37.776516",2023-10-04 11:38:58,2025-06-01 02:18:08
23133340,0,231333400,1025 Geneva Avenue,2023-10-04,232771363,2023-10-04 11:32:35,2023-10-04 11:36:22,2023-10-04 11:51:08,San Francisco,94112,B09,43,6174,3,11,0,0,0,0,,500.0,500.0,0,0,0,0,1,735 Alarm system sounded due to malfunction,N None,86 Investigate,86 Investigate,"00 Action taken, other",1 Detector alerted occupants,429 Multifamily dwelling,00 Other area of fire origin,1 Intentional,UU Undetermined,,UU Undetermined,UU Undetermined,N None,1 Enclosed building,2 In normal use,1.0,,NO,,,,,1 Present,1 Smoke,2 Detector operated,"1 Detector alerted occupants, occupants responded",,N None Present,1 Wet - pipe sprinkler system,1 System operated and was effective,,1.0,11.0,Excelsior,"-122.438988, 37.715551",2023-10-04 11:51:08,2025-06-01 02:18:08
23133347,0,231333470,149 Fillmore Street,2023-10-04,232771401,2023-10-04 11:41:55,2023-10-04 11:47:57,2023-10-04 11:57:14,San Francisco,94117,B05,6,3526,1,5,0,0,0,0,,500.0,500.0,0,0,0,0,1,554 Assist invalid,N None,71 Assist physically disabled,86 Investigate,"00 Action taken, other",1 Detector alerted occupants,429 Multifamily dwelling,00 Other area of fire origin,1 Intentional,UU Undetermined,,UU Undetermined,UU Undetermined,N None,1 Enclosed building,2 In normal use,1.0,,NO,,,,,1 Present,1 Smoke,2 Detector operated,"1 Detector alerted occupants, occupants responded",,N None Present,1 Wet - pipe sprinkler system,1 System operated and was effective,,1.0,5.0,Hayes Valley,"-122.430288, 37.770865",2023-10-04 11:57:14,2025-06-01 02:18:08
23133354,0,231333540,513 Parnassus Avenue,2023-10-04,232771433,2023-10-04 11:47:33,2023-10-04 11:50:08,2023-10-04 12:08:23,San Francisco,94122,B05,12,7323,3,10,0,0,0,0,,500.0,500.0,0,0,0,0,1,"730 System malfunction, other",N None,63 Restore fire alarm system,86 Investigate,"00 Action taken, other",1 Detector alerted occupants,331 Hospital  -  medical or psychiatric,00 Other area of fire origin,1 Intentional,UU Undetermined,,UU Undetermined,UU Undetermined,N None,1 Enclosed building,2 In normal use,1.0,,NO,,,,,1 Present,1 Smoke,2 Detector operated,"1 Detector alerted occupants, occupants responded",,N None Present,1 Wet - pipe sprinkler system,1 System operated and was effective,,1.0,7.0,Inner Sunset,"-122.458074, 37.763338",2023-10-04 12:08:23,2025-06-01 02:18:08
23133358,0,231333580,462 27th Avenue,2023-10-04,232771458,2023-10-04 11:52:23,2023-10-04 11:58:03,2023-10-04 12:13:00,San Francisco,94121,B07,14,7221,1,4,0,0,0,0,,500.0,500.0,0,0,0,0,1,444 Power line down,N None,73 Provide manpower,86 Investigate,"00 Action taken, other",1 Detector alerted occupants,419 1 or 2 family dwelling,00 Other area of fire origin,1 Intentional,UU Undetermined,,UU Undetermined,UU Undetermined,N None,1 Enclosed building,2 In normal use,1.0,,NO,,,,,1 Present,1 Smoke,2 Detector operated,"1 Detector alerted occupants, occupants responded",,N None Present,1 Wet - pipe sprinkler system,1 System operated and was effective,,1.0,1.0,Outer Richmond,"-122.486846, 37.780723",2023-10-04 12:13:00,2025-06-01 02:18:08
23133359,0,231333590,3601 Lyon Street,2023-10-04,232771459,2023-10-04 11:52:24,2023-10-04 11:56:54,2023-10-04 12:11:06,San Francisco,94123,B04,51,4323,3,10,0,0,0,0,,500.0,500.0,0,0,0,0,1,"745 Alarm system activation, no fire  -  unintentional",N None,86 Investigate,86 Investigate,"00 Action taken, other",1 Detector alerted occupants,"120 Variable - use amusement, recreation places, other",00 Other area of fire origin,1 Intentional,UU Undetermined,,UU Undetermined,UU Undetermined,N None,1 Enclosed building,2 In normal use,1.0,,NO,,,,,1 Present,1 Smoke,2 Detector operated,"1 Detector alerted occupants, occupants responded",,N None Present,1 Wet - pipe sprinkler system,1 System operated and was effective,,1.0,2.0,Marina,"-122.448346, 37.802902",2023-10-04 12:11:06,2025-06-01 02:18:08
23133373,0,231333730,100 Font Bl,2023-10-04,232771524,2023-10-04 12:07:46,2023-10-04 12:14:13,2023-10-04 12:22:38,San Francisco,94132,B08,33,8422,3,11,0,0,0,0,,500.0,500.0,0,0,0,0,1,"711 Municipal alarm system, malicious false alarm",N None,63 Restore fire alarm system,86 Investigate,"00 Action taken, other",1 Detector alerted occupants,429 Multifamily dwelling,00 Other area of fire origin,1 Intentional,UU Undetermined,,UU Undetermined,UU Undetermined,N None,1 Enclosed building,2 In normal use,1.0,,NO,,,,,1 Present,1 Smoke,2 Detector operated,"1 Detector alerted occupants, occupants responded",,N None Present,1 Wet - pipe sprinkler system,1 System operated and was effective,,1.0,7.0,Lakeshore,"-122.473006, 37.715106",2023-10-04 12:22:38,2025-06-01 02:18:08
23133378,0,231333780,1001 Van Ness Avenue,2023-10-04,232771549,2023-10-04 12:12:04,2023-10-04 12:17:27,2023-10-04 12:31:00,San Francisco,94109,B04,3,3162,3,11,0,0,0,0,,500.0,500.0,0,0,0,0,1,"745 Alarm system activation, no fire  -  unintentional",N None,63 Restore fire alarm system,86 Investigate,"00 Action taken, other",1 Detector alerted occupants,429 Multifamily dwelling,00 Other area of fire origin,1 Intentional,UU Undetermined,,UU Undetermined,UU Undetermined,N None,1 Enclosed building,2 In normal use,1.0,,NO,,,,,1 Present,1 Smoke,2 Detector operated,"1 Detector alerted occupants, occupants responded",,N None Present,1 Wet - pipe sprinkler system,1 System operated and was effective,,1.0,2.0,Western Addition,"-122.421294, 37.784811",2023-10-04 12:31:00,2025-06-01 02:18:08
23133384,0,231333840,1000 North Point Street,2023-10-04,232771582,2023-10-04 12:23:38,2023-10-04 12:28:16,2023-10-04 12:36:44,San Francisco,94109,B04,28,3143,1,4,0,0,0,0,,500.0,500.0,0,0,0,0,1,"210 Overpressure rupture from steam, other",N None,86 Investigate,86 Investigate,"00 Action taken, other",1 Detector alerted occupants,"962 Residential street, road or residential driveway",00 Other area of fire origin,1 Intentional,UU Undetermined,,UU Undetermined,UU Undetermined,N None,1 Enclosed building,2 In normal use,1.0,,NO,,,,,1 Present,1 Smoke,2 Detector operated,"1 Detector alerted occupants, occupants responded",,N None Present,1 Wet - pipe sprinkler system,1 System operated and was effective,,1.0,2.0,Russian Hill,"-122.423757, 37.805342",2023-10-04 12:36:44,2025-06-01 02:18:08
23133385,0,231333850,3070 Jackson Street,2023-10-04,232771583,2023-10-04 12:23:44,2023-10-04 12:28:34,2023-10-04 12:39:58,San Francisco,94115,B04,10,4334,3,10,0,0,0,0,,500.0,500.0,0,0,0,0,1,735 Alarm system sounded due to malfunction,N None,86 Investigate,86 Investigate,"00 Action taken, other",1 Detector alerted occupants,429 Multifamily dwelling,00 Other area of fire origin,1 Intentional,UU Undetermined,,UU Undetermined,UU Undetermined,N None,1 Enclosed building,2 In normal use,1.0,,NO,,,,,1 Present,1 Smoke,2 Detector operated,"1 Detector alerted occupants, occupants responded",,N None Present,1 Wet - pipe sprinkler system,1 System operated and was effective,,1.0,2.0,Pacific Heights,"-122.445629, 37.79113",2023-10-04 12:39:58,2025-06-01 02:18:08
23133389,0,231333890,10 Cargo Way,2023-10-04,232771612,2023-10-04 12:32:00,2023-10-04 12:38:22,2023-10-04 12:46:11,San Francisco,94124,B10,25,6552,1,4,1,2,0,0,,500.0,500.0,0,0,0,0,1,"311 Medical assist, assist EMS crew",N None,31 Provide first aid & check for injuries,86 Investigate,"00 Action taken, other",1 Detector alerted occupants,"500 Mercantile, business, other",00 Other area of fire origin,1 Intentional,UU Undetermined,,UU Undetermined,UU Undetermined,N None,1 Enclosed building,2 In normal use,1.0,,NO,,,,,1 Present,1 Smoke,2 Detector operated,"1 Detector alerted occupants, occupants responded",,N None Present,1 Wet - pipe sprinkler system,1 System operated and was effective,,1.0,10.0,Bayview Hunters Point,"-122.376536, 37.740096",2023-10-04 12:46:11,2025-06-01 02:18:08
23133390,0,231333900,1845 Cabrillo Street,2023-10-04,232771615,2023-10-04 12:33:20,2023-10-04 12:37:04,2023-10-04 12:44:28,San Francisco,94121,B07,14,7166,3,10,0,0,0,0,,500.0,500.0,0,0,0,0,1,735 Alarm system sounded due to malfunction,N None,86 Investigate,86 Investigate,"00 Action taken, other",1 Detector alerted occupants,429 Multifamily dwelling,00 Other area of fire origin,1 Intentional,UU Undetermined,,UU Undetermined,UU Undetermined,N None,1 Enclosed building,2 In normal use,1.0,,NO,,,,,1 Present,1 Smoke,2 Detector operated,"1 Detector alerted occupants, occupants responded",,N None Present,1 Wet - pipe sprinkler system,1 System operated and was effective,,1.0,1.0,Outer Richmond,"-122.478384, 37.774638",2023-10-04 12:44:28,2025-06-01 02:18:08
23133393,0,231333930,377 Laidley Street,2023-10-04,232771635,2023-10-04 12:40:19,2023-10-04 12:45:18,2023-10-04 12:48:43,San Francisco,94131,B06,32,8127,1,4,0,0,0,0,,500.0,500.0,0,0,0,0,1,553 Public service,N None,86 Investigate,86 Investigate,"00 Action taken, other",1 Detector alerted occupants,419 1 or 2 family dwelling,00 Other area of fire origin,1 Intentional,UU Undetermined,,UU Undetermined,UU Undetermined,N None,1 Enclosed building,2 In normal use,1.0,,NO,,,,,1 Present,1 Smoke,2 Detector operated,"1 Detector alerted occupants, occupants responded",,N None Present,1 Wet - pipe sprinkler system,1 System operated and was effective,,1.0,8.0,Glen Park,"-122.42915, 37.737073",2023-10-04 12:48:43,2025-06-01 02:18:08
23133394,0,231333940,236 Amber Drive,2023-10-04,232771639,2023-10-04 12:41:32,2023-10-04 12:46:00,2023-10-04 12:55:10,San Francisco,94131,B06,26,8164,2,5,0,0,0,0,,500.0,500.0,0,0,0,0,1,412 Gas leak (natural gas or LPG),N None,86 Investigate,86 Investigate,"00 Action taken, other",1 Detector alerted occupants,419 1 or 2 family dwelling,00 Other area of fire origin,1 Intentional,UU Undetermined,,UU Undetermined,UU Undetermined,N None,1 Enclosed building,2 In normal use,1.0,,NO,,,,,1 Present,1 Smoke,2 Detector operated,"1 Detector alerted occupants, occupants responded",,N None Present,1 Wet - pipe sprinkler system,1 System operated and was effective,,1.0,8.0,Noe Valley,"-122.443854, 37.744032",2023-10-04 12:55:10,2025-06-01 02:18:08
23133395,0,231333950,707 Arguello Bl,2023-10-04,232771641,2023-10-04 12:41:45,2023-10-04 12:47:31,2023-10-04 13:12:20,San Francisco,94118,B07,31,7112,4,11,0,0,0,0,,500.0,500.0,0,0,0,0,1,"113 Cooking fire, confined to container",N None,63 Restore fire alarm system,51 Ventilate,"00 Action taken, other",1 Detector alerted occupants,429 Multifamily dwelling,00 Other area of fire origin,1 Intentional,UU Undetermined,,UU Undetermined,UU Undetermined,N None,1 Enclosed building,2 In normal use,1.0,,NO,,,,,1 Present,1 Smoke,2 Detector operated,"1 Detector alerted occupants, occupants responded",,N None Present,1 Wet - pipe sprinkler system,1 System operated and was effective,,1.0,1.0,Inner Richmond,"-122.458671, 37.777287",2023-10-04 13:12:20,2025-06-01 02:18:08
23133408,0,231334080,1170 Guerrero Street,2023-10-04,232771711,2023-10-04 13:00:50,2023-10-04 13:10:44,2023-10-04 13:16:59,San Francisco,94110,B06,11,5524,1,5,0,0,0,0,,500.0,500.0,0,0,0,0,1,554 Assist invalid,N None,71 Assist physically disabled,86 Investigate,"00 Action taken, other",1 Detector alerted occupants,429 Multifamily dwelling,00 Other area of fire origin,1 Intentional,UU Undetermined,,UU Undetermined,UU Undetermined,N None,1 Enclosed building,2 In normal use,1.0,,NO,,,,,1 Present,1 Smoke,2 Detector operated,"1 Detector alerted occupants, occupants responded",,N None Present,1 Wet - pipe sprinkler system,1 System operated and was effective,,1.0,8.0,Mission,"-122.423008, 37.752424",2023-10-04 13:16:59,2025-06-01 02:18:08
23133410,0,231334100,2246 Lombard Street,2023-10-04,232771716,2023-10-04 13:02:05,2023-10-04 13:07:00,2023-10-04 13:15:35,San Francisco,94123,B04,16,3566,3,10,0,0,0,0,,500.0,500.0,0,0,0,0,1,412 Gas leak (natural gas or LPG),N None,82 Notify other agencies.,86 Investigate,"00 Action taken, other",1 Detector alerted occupants,"121 Ballroom, gymnasium",00 Other area of fire origin,1 Intentional,UU Undetermined,,UU Undetermined,UU Undetermined,N None,1 Enclosed building,2 In normal use,1.0,,NO,,,,,1 Present,1 Smoke,2 Detector operated,"1 Detector alerted occupants, occupants responded",,N None Present,1 Wet - pipe sprinkler system,1 System operated and was effective,,1.0,2.0,Marina,"-122.438487, 37.799602",2023-10-04 13:15:35,2025-06-01 02:18:08
23133414,0,231334140,135 Valencia Street,2023-10-04,232771729,2023-10-04 13:06:03,2023-10-04 13:11:26,2023-10-04 13:19:31,San Francisco,94103,B02,6,5126,3,11,0,0,0,0,,500.0,500.0,0,0,0,0,1,735 Alarm system sounded due to malfunction,N None,63 Restore fire alarm system,86 Investigate,"00 Action taken, other",1 Detector alerted occupants,"962 Residential street, road or residential driveway",00 Other area of fire origin,1 Intentional,UU Undetermined,,UU Undetermined,UU Undetermined,N None,1 Enclosed building,2 In normal use,1.0,,NO,,,,,1 Present,1 Smoke,2 Detector operated,"1 Detector alerted occupants, occupants responded",,N None Present,1 Wet - pipe sprinkler system,1 System operated and was effective,,1.0,6.0,Mission,"-122.422383, 37.77098",2023-10-04 13:19:31,2025-06-01 02:18:08
23133416,0,231334160,1499 Webster Street,2023-10-04,232771746,2023-10-04 13:10:03,2023-10-04 13:19:06,2023-10-04 13:26:19,San Francisco,94115,B04,5,3514,1,4,0,0,0,0,,500.0,500.0,0,0,0,0,1,554 Assist invalid,N None,73 Provide manpower,86 Investigate,"00 Action taken, other",1 Detector alerted occupants,"340 Clinics, doctors offices, hemodialysis cntr, other",00 Other area of fire origin,1 Intentional,UU Undetermined,,UU Undetermined,UU Undetermined,N None,1 Enclosed building,2 In normal use,1.0,,NO,,,,,1 Present,1 Smoke,2 Detector operated,"1 Detector alerted occupants, occupants responded",,N None Present,1 Wet - pipe sprinkler system,1 System operated and was effective,,1.0,5.0,Western Addition,"-122.431279, 37.78449",2023-10-04 13:26:19,2025-06-01 02:18:08
23133417,0,231334170,Broadway,2023-10-04,232771753,2023-10-04 13:11:21,2023-10-04 13:15:39,2023-10-04 14:48:02,San Francisco,94133,B01,13,1231,4,15,2,3,0,0,,500.0,500.0,0,0,0,0,1,322 Motor vehicle accident with injuries,N None,34 Transport person,86 Investigate,"00 Action taken, other",1 Detector alerted occupants,"000 Property Use, other",00 Other area of fire origin,1 Intentional,UU Undetermined,,UU Undetermined,UU Undetermined,N None,1 Enclosed building,2 In normal use,1.0,,NO,,,,,1 Present,1 Smoke,2 Detector operated,"1 Detector alerted occupants, occupants responded",,N None Present,1 Wet - pipe sprinkler system,1 System operated and was effective,,1.0,3.0,North Beach,"-122.403864, 37.798222",2023-10-04 14:48:02,2025-06-01 02:18:08
23133418,0,231334180,795 Geary Street,2023-10-04,232771778,2023-10-04 13:18:05,2023-10-04 13:26:28,2023-10-04 13:30:58,San Francisco,94109,B04,3,1556,1,4,0,0,0,0,,500.0,500.0,0,0,0,0,1,554 Assist invalid,N None,71 Assist physically disabled,86 Investigate,"00 Action taken, other",1 Detector alerted occupants,"439 Boarding/rooming house, residential hotels",00 Other area of fire origin,1 Intentional,UU Undetermined,,UU Undetermined,UU Undetermined,N None,1 Enclosed building,2 In normal use,1.0,,NO,,,,,1 Present,1 Smoke,2 Detector operated,"1 Detector alerted occupants, occupants responded",,N None Present,1 Wet - pipe sprinkler system,1 System operated and was effective,,1.0,5.0,Tenderloin,"-122.416293, 37.786259",2023-10-04 13:30:58,2025-06-01 02:18:08
23133420,0,231334200,3475 Pierce Street,2023-10-04,232771795,2023-10-04 13:21:32,2023-10-04 13:25:08,2023-10-04 13:30:41,San Francisco,94123,B04,16,3662,3,10,0,0,0,0,,500.0,500.0,0,0,0,0,1,"745 Alarm system activation, no fire  -  unintentional",N None,86 Investigate,86 Investigate,"00 Action taken, other",1 Detector alerted occupants,429 Multifamily dwelling,00 Other area of fire origin,1 Intentional,UU Undetermined,,UU Undetermined,UU Undetermined,N None,1 Enclosed building,2 In normal use,1.0,,NO,,,,,1 Present,1 Smoke,2 Detector operated,"1 Detector alerted occupants, occupants responded",,N None Present,1 Wet - pipe sprinkler system,1 System operated and was effective,,1.0,2.0,Marina,"-122.439966, 37.802386",2023-10-04 13:30:41,2025-06-01 02:18:08
23133431,0,231334310,2240 18th Street,2023-10-04,232771848,2023-10-04 13:38:04,2023-10-04 13:48:16,2023-10-04 13:58:55,San Francisco,94107,B02,29,2455,1,5,0,0,0,0,,500.0,500.0,0,0,0,0,1,554 Assist invalid,N None,71 Assist physically disabled,86 Investigate,"00 Action taken, other",1 Detector alerted occupants,429 Multifamily dwelling,00 Other area of fire origin,1 Intentional,UU Undetermined,,UU Undetermined,UU Undetermined,N None,1 Enclosed building,2 In normal use,1.0,,NO,,,,,1 Present,1 Smoke,2 Detector operated,"1 Detector alerted occupants, occupants responded",,N None Present,1 Wet - pipe sprinkler system,1 System operated and was effective,,1.0,10.0,Potrero Hill,"-122.404675, 37.762157",2023-10-04 13:58:55,2025-06-01 02:18:08
23133439,0,231334390,1855 Clay Street,2023-10-04,232771898,2023-10-04 13:52:07,2023-10-04 13:53:45,2023-10-04 14:01:38,San Francisco,94109,B04,41,3154,3,10,0,0,0,0,,500.0,500.0,0,0,0,0,1,735 Alarm system sounded due to malfunction,N None,86 Investigate,86 Investigate,"00 Action taken, other",1 Detector alerted occupants,429 Multifamily dwelling,00 Other area of fire origin,1 Intentional,UU Undetermined,,UU Undetermined,UU Undetermined,N None,1 Enclosed building,2 In normal use,1.0,,NO,,,,,1 Present,1 Smoke,2 Detector operated,"1 Detector alerted occupants, occupants responded",,N None Present,1 Wet - pipe sprinkler system,1 System operated and was effective,,1.0,2.0,Pacific Heights,"-122.42358, 37.791992",2023-10-04 14:01:38,2025-06-01 02:18:08
23133445,0,231334450,Blk Fern Street,2023-10-04,232771933,2023-10-04 14:00:35,2023-10-04 14:04:26,2023-10-04 14:05:17,San Francisco,94109,B04,3,1636,1,4,0,0,0,0,,500.0,500.0,0,0,0,0,1,"653 Smoke from barbecue, tar kettle",N None,86 Investigate,86 Investigate,"00 Action taken, other",1 Detector alerted occupants,"962 Residential street, road or residential driveway",00 Other area of fire origin,1 Intentional,UU Undetermined,,UU Undetermined,UU Undetermined,N None,1 Enclosed building,2 In normal use,1.0,,NO,,,,,1 Present,1 Smoke,2 Detector operated,"1 Detector alerted occupants, occupants responded",,N None Present,1 Wet - pipe sprinkler system,1 System operated and was effective,,1.0,3.0,Nob Hill,"-122.418563, 37.788431",2023-10-04 14:05:17,2025-06-01 02:18:08
23133448,0,231334480,Pierce Street,2023-10-04,232771952,2023-10-04 14:06:19,2023-10-04 14:13:56,2023-10-04 14:37:35,San Francisco,94115,B05,5,3642,2,9,2,2,0,0,,500.0,500.0,0,0,0,0,1,322 Motor vehicle accident with injuries,N None,31 Provide first aid & check for injuries,86 Investigate,"00 Action taken, other",1 Detector alerted occupants,"960 Street, other",00 Other area of fire origin,1 Intentional,UU Undetermined,,UU Undetermined,UU Undetermined,N None,1 Enclosed building,2 In normal use,1.0,,NO,,,,,1 Present,1 Smoke,2 Detector operated,"1 Detector alerted occupants, occupants responded",,N None Present,1 Wet - pipe sprinkler system,1 System operated and was effective,,1.0,5.0,Western Addition,"-122.435243, 37.779143",2023-10-04 14:37:35,2025-06-01 02:18:08
23133449,0,231334490,1855 Clay Street,2023-10-04,232771953,2023-10-04 14:06:24,2023-10-04 14:07:45,2023-10-04 14:20:21,San Francisco,94109,B04,41,3154,3,10,0,0,0,0,,500.0,500.0,0,0,0,0,1,734 Heat detector activation due to malfunction,N None,86 Investigate,86 Investigate,"00 Action taken, other",1 Detector alerted occupants,429 Multifamily dwelling,00 Other area of fire origin,1 Intentional,UU Undetermined,,UU Undetermined,UU Undetermined,N None,1 Enclosed building,2 In normal use,1.0,,NO,,,,,1 Present,1 Smoke,2 Detector operated,"1 Detector alerted occupants, occupants responded",,N None Present,1 Wet - pipe sprinkler system,1 System operated and was effective,,1.0,2.0,Pacific Heights,"-122.42358, 37.791992",2023-10-04 14:20:21,2025-06-01 02:18:08
23133451,0,231334510,2621 Judah Street,2023-10-04,232771969,2023-10-04 14:09:25,2023-10-04 14:16:46,2023-10-04 14:41:54,San Francisco,94122,B08,18,7541,3,10,0,0,0,0,,500.0,500.0,0,0,0,0,1,412 Gas leak (natural gas or LPG),N None,86 Investigate,51 Ventilate,"00 Action taken, other",1 Detector alerted occupants,429 Multifamily dwelling,00 Other area of fire origin,1 Intentional,UU Undetermined,,UU Undetermined,UU Undetermined,N None,1 Enclosed building,2 In normal use,1.0,,NO,,,,,1 Present,1 Smoke,2 Detector operated,"1 Detector alerted occupants, occupants responded",,N None Present,1 Wet - pipe sprinkler system,1 System operated and was effective,,1.0,4.0,Sunset/Parkside,"-122.490116, 37.761051",2023-10-04 14:41:54,2025-06-01 02:18:08
23133454,0,231334540,"1028 Girard Rd, Prairie",2023-10-04,232771977,2023-10-04 14:11:10,2023-10-04 14:16:46,2023-10-04 14:23:36,Presidio,94129,B04,51,4612,3,10,0,0,0,0,,500.0,500.0,0,0,0,0,1,"745 Alarm system activation, no fire  -  unintentional",N None,86 Investigate,86 Investigate,"00 Action taken, other",1 Detector alerted occupants,429 Multifamily dwelling,00 Other area of fire origin,1 Intentional,UU Undetermined,,UU Undetermined,UU Undetermined,N None,1 Enclosed building,2 In normal use,1.0,,NO,,,,,1 Present,1 Smoke,2 Detector operated,"1 Detector alerted occupants, occupants responded",,N None Present,1 Wet - pipe sprinkler system,1 System operated and was effective,,1.0,2.0,Presidio,"-122.4531, 37.801644",2023-10-04 14:23:36,2025-06-01 02:18:08
23133464,0,231334640,471 Noe Street,2023-10-04,232772034,2023-10-04 14:25:57,2023-10-04 14:30:39,2023-10-04 14:41:42,San Francisco,94114,B05,6,5417,1,4,0,0,0,0,,500.0,500.0,0,0,0,0,1,622 No incident found on arrival at dispatch address,N None,"60 Systems and services, other",86 Investigate,"00 Action taken, other",1 Detector alerted occupants,"962 Residential street, road or residential driveway",00 Other area of fire origin,1 Intentional,UU Undetermined,,UU Undetermined,UU Undetermined,N None,1 Enclosed building,2 In normal use,1.0,,NO,,,,,1 Present,1 Smoke,2 Detector operated,"1 Detector alerted occupants, occupants responded",,N None Present,1 Wet - pipe sprinkler system,1 System operated and was effective,,1.0,8.0,Castro/Upper Market,"-122.432752, 37.761481",2023-10-04 14:41:42,2025-06-01 02:18:08
23133468,0,231334680,1170 Guerrero Street,2023-10-04,232772063,2023-10-04 14:32:24,2023-10-04 14:41:33,2023-10-04 14:45:07,San Francisco,94110,B06,11,5524,1,5,0,0,0,0,,500.0,500.0,0,0,0,0,1,554 Assist invalid,N None,71 Assist physically disabled,86 Investigate,"00 Action taken, other",1 Detector alerted occupants,429 Multifamily dwelling,00 Other area of fire origin,1 Intentional,UU Undetermined,,UU Undetermined,UU Undetermined,N None,1 Enclosed building,2 In normal use,1.0,,NO,,,,,1 Present,1 Smoke,2 Detector operated,"1 Detector alerted occupants, occupants responded",,N None Present,1 Wet - pipe sprinkler system,1 System operated and was effective,,1.0,8.0,Mission,"-122.423008, 37.752424",2023-10-04 14:45:07,2025-06-01 02:18:08
23133473,0,231334730,44 Lenox Way,2023-10-04,232772079,2023-10-04 14:40:19,2023-10-04 14:46:05,2023-10-04 14:56:00,San Francisco,94116,B08,39,8617,2,6,0,0,0,0,,500.0,500.0,0,0,0,0,1,412 Gas leak (natural gas or LPG),N None,86 Investigate,86 Investigate,"00 Action taken, other",1 Detector alerted occupants,419 1 or 2 family dwelling,00 Other area of fire origin,1 Intentional,UU Undetermined,,UU Undetermined,UU Undetermined,N None,1 Enclosed building,2 In normal use,1.0,,NO,,,,,1 Present,1 Smoke,2 Detector operated,"1 Detector alerted occupants, occupants responded",,N None Present,1 Wet - pipe sprinkler system,1 System operated and was effective,,1.0,7.0,West of Twin Peaks,"-122.464888, 37.7431",2023-10-04 14:56:00,2025-06-01 02:18:08
23133485,0,231334850,1551 Ocean Avenue,2023-10-04,232772122,2023-10-04 14:50:38,2023-10-04 14:54:37,2023-10-04 15:13:35,San Francisco,94112,B09,15,8474,1,4,0,0,0,0,,500.0,500.0,0,0,0,0,1,551 Assist police or other governmental agency,N None,86 Investigate,86 Investigate,"00 Action taken, other",1 Detector alerted occupants,"500 Mercantile, business, other",00 Other area of fire origin,1 Intentional,UU Undetermined,,UU Undetermined,UU Undetermined,N None,1 Enclosed building,2 In normal use,1.0,,NO,,,,,1 Present,1 Smoke,2 Detector operated,"1 Detector alerted occupants, occupants responded",,N None Present,1 Wet - pipe sprinkler system,1 System operated and was effective,,1.0,11.0,Oceanview/Merced/Ingleside,"-122.458732, 37.72436",2023-10-04 15:13:35,2025-06-01 02:18:08
23133493,0,231334930,2121 Webster Street,2023-10-04,232772147,2023-10-04 14:59:15,2023-10-04 15:03:16,2023-10-04 15:11:05,San Francisco,94115,B04,38,3466,3,11,0,0,0,0,,500.0,500.0,0,0,0,0,1,"740 Unintentional transmission of alarm, other",N None,86 Investigate,86 Investigate,"00 Action taken, other",1 Detector alerted occupants,"400 Residential, other",00 Other area of fire origin,1 Intentional,UU Undetermined,,UU Undetermined,UU Undetermined,N None,1 Enclosed building,2 In normal use,1.0,,NO,,,,,1 Present,1 Smoke,2 Detector operated,"1 Detector alerted occupants, occupants responded",,N None Present,1 Wet - pipe sprinkler system,1 System operated and was effective,,1.0,2.0,Pacific Heights,"-122.432516, 37.790251",2023-10-04 15:11:05,2025-06-01 02:18:08
23133529,0,231335290,345 Spear Street,2023-10-04,232772310,2023-10-04 15:38:51,2023-10-04 15:47:39,2023-10-04 16:11:15,San Francisco,94105,B03,35,2113,1,5,0,0,0,0,,500.0,500.0,0,0,0,0,1,"510 Person in distress, other",N None,73 Provide manpower,86 Investigate,"00 Action taken, other",1 Detector alerted occupants,"500 Mercantile, business, other",00 Other area of fire origin,1 Intentional,UU Undetermined,,UU Undetermined,UU Undetermined,N None,1 Enclosed building,2 In normal use,1.0,,NO,,,,,1 Present,1 Smoke,2 Detector operated,"1 Detector alerted occupants, occupants responded",,N None Present,1 Wet - pipe sprinkler system,1 System operated and was effective,,1.0,6.0,Financial District/South Beach,"-122.390099, 37.789631",2023-10-04 16:11:15,2025-06-01 02:18:08
23133569,0,231335690,3029 Buchanan Street,2023-10-04,232772526,2023-10-04 16:35:17,2023-10-04 16:40:58,2023-10-04 17:04:42,San Francisco,94123,B04,16,3443,1,5,0,0,0,0,,500.0,500.0,0,0,0,0,1,554 Assist invalid,N None,73 Provide manpower,86 Investigate,"00 Action taken, other",1 Detector alerted occupants,419 1 or 2 family dwelling,00 Other area of fire origin,1 Intentional,UU Undetermined,,UU Undetermined,UU Undetermined,N None,1 Enclosed building,2 In normal use,1.0,,NO,,,,,1 Present,1 Smoke,2 Detector operated,"1 Detector alerted occupants, occupants responded",,N None Present,1 Wet - pipe sprinkler system,1 System operated and was effective,,1.0,2.0,Marina,"-122.432353, 37.797791",2023-10-04 17:04:42,2025-06-01 02:18:08
23133571,0,231335710,556 Larkin Street,2023-10-04,232772532,2023-10-04 16:37:15,2023-10-04 16:39:08,2023-10-04 16:48:38,San Francisco,94109,B02,3,1643,2,10,0,0,0,0,,500.0,500.0,0,0,0,0,1,554 Assist invalid,N None,71 Assist physically disabled,86 Investigate,"00 Action taken, other",1 Detector alerted occupants,429 Multifamily dwelling,00 Other area of fire origin,1 Intentional,UU Undetermined,,UU Undetermined,UU Undetermined,N None,1 Enclosed building,2 In normal use,1.0,,NO,,,,,1 Present,1 Smoke,2 Detector operated,"1 Detector alerted occupants, occupants responded",,N None Present,1 Wet - pipe sprinkler system,1 System operated and was effective,,1.0,5.0,Tenderloin,"-122.417362, 37.782913",2023-10-04 16:48:38,2025-06-01 02:18:08
23133578,0,231335780,364 Eddy Street,2023-10-04,232772605,2023-10-04 16:58:12,2023-10-04 17:02:09,2023-10-04 17:09:51,San Francisco,94109,B02,3,1545,4,15,0,0,0,0,,500.0,500.0,0,0,0,0,1,"745 Alarm system activation, no fire  -  unintentional",N None,63 Restore fire alarm system,86 Investigate,"00 Action taken, other",1 Detector alerted occupants,429 Multifamily dwelling,00 Other area of fire origin,1 Intentional,UU Undetermined,,UU Undetermined,UU Undetermined,N None,1 Enclosed building,2 In normal use,1.0,,NO,,,,,1 Present,1 Smoke,2 Detector operated,"1 Detector alerted occupants, occupants responded",,N None Present,1 Wet - pipe sprinkler system,1 System operated and was effective,,1.0,5.0,Tenderloin,"-122.413644, 37.784092",2023-10-04 17:09:51,2025-06-01 02:18:08
23133579,0,231335790,1445 Greenwich Street,2023-10-04,232772612,2023-10-04 17:03:22,2023-10-04 17:07:54,2023-10-04 17:25:09,San Francisco,94109,B01,28,3132,3,11,0,0,0,0,,500.0,500.0,0,0,0,0,1,"740 Unintentional transmission of alarm, other",N None,63 Restore fire alarm system,86 Investigate,"00 Action taken, other",1 Detector alerted occupants,"000 Property Use, other",00 Other area of fire origin,1 Intentional,UU Undetermined,,UU Undetermined,UU Undetermined,N None,1 Enclosed building,2 In normal use,1.0,,NO,,,,,1 Present,1 Smoke,2 Detector operated,"1 Detector alerted occupants, occupants responded",,N None Present,1 Wet - pipe sprinkler system,1 System operated and was effective,,1.0,3.0,Russian Hill,"-122.422817, 37.800541",2023-10-04 17:25:09,2025-06-01 02:18:08
23133580,0,231335800,305 Franklin Street,2023-10-04,232772616,2023-10-04 17:05:30,2023-10-04 17:07:57,2023-10-04 17:17:43,San Francisco,94102,B02,36,3214,4,12,0,0,0,0,,500.0,500.0,0,0,0,0,1,735 Alarm system sounded due to malfunction,N None,63 Restore fire alarm system,86 Investigate,"00 Action taken, other",1 Detector alerted occupants,429 Multifamily dwelling,00 Other area of fire origin,1 Intentional,UU Undetermined,,UU Undetermined,UU Undetermined,N None,1 Enclosed building,2 In normal use,1.0,,NO,,,,,1 Present,1 Smoke,2 Detector operated,"1 Detector alerted occupants, occupants responded",,N None Present,1 Wet - pipe sprinkler system,1 System operated and was effective,,1.0,5.0,Hayes Valley,"-122.421441, 37.777195",2023-10-04 17:17:43,2025-06-01 02:18:08
23133581,0,231335810,2455 14th Avenue,2023-10-04,232772623,2023-10-04 17:07:09,2023-10-04 17:10:56,2023-10-04 17:15:29,San Francisco,94116,B08,40,7355,2,8,1,2,0,0,,500.0,500.0,0,0,0,0,1,"300 Rescue, EMS incident, other",N None,86 Investigate,86 Investigate,"00 Action taken, other",1 Detector alerted occupants,"900 Outside or special property, other",00 Other area of fire origin,1 Intentional,UU Undetermined,,UU Undetermined,UU Undetermined,N None,1 Enclosed building,2 In normal use,1.0,,NO,,,,,1 Present,1 Smoke,2 Detector operated,"1 Detector alerted occupants, occupants responded",,N None Present,1 Wet - pipe sprinkler system,1 System operated and was effective,,1.0,7.0,West of Twin Peaks,"-122.470249, 37.742263",2023-10-04 17:15:29,2025-06-01 02:18:08
23133583,0,231335830,2140 Pacific Avenue,2023-10-04,232772629,2023-10-04 17:08:46,2023-10-04 17:12:27,2023-10-04 17:27:22,San Francisco,94115,B04,38,3441,4,12,0,0,0,0,,500.0,500.0,0,0,0,0,1,735 Alarm system sounded due to malfunction,N None,86 Investigate,86 Investigate,"00 Action taken, other",1 Detector alerted occupants,UUU Undetermined,00 Other area of fire origin,1 Intentional,UU Undetermined,,UU Undetermined,UU Undetermined,N None,1 Enclosed building,2 In normal use,1.0,,NO,,,,,1 Present,1 Smoke,2 Detector operated,"1 Detector alerted occupants, occupants responded",,N None Present,1 Wet - pipe sprinkler system,1 System operated and was effective,,1.0,2.0,Pacific Heights,"-122.430507, 37.793957",2023-10-04 17:27:22,2025-06-01 02:18:08
23133585,0,231335850,51 Octavia Street,2023-10-04,232772661,2023-10-04 17:17:36,2023-10-04 17:19:23,2023-10-04 17:43:07,San Francisco,94102,B02,36,3311,4,15,0,0,0,0,,500.0,500.0,0,0,0,0,1,"746 Carbon monoxide detector activation, no CO",N None,86 Investigate,86 Investigate,"00 Action taken, other",1 Detector alerted occupants,429 Multifamily dwelling,00 Other area of fire origin,1 Intentional,UU Undetermined,,UU Undetermined,UU Undetermined,N None,1 Enclosed building,2 In normal use,1.0,,NO,,,,,1 Present,1 Smoke,2 Detector operated,"1 Detector alerted occupants, occupants responded",,N None Present,1 Wet - pipe sprinkler system,1 System operated and was effective,,1.0,8.0,Hayes Valley,"-122.423754, 37.772386",2023-10-04 17:43:07,2025-06-01 02:18:08
23133589,0,231335890,2857 Bush Street,2023-10-04,232772720,2023-10-04 17:31:05,2023-10-04 17:33:18,2023-10-04 17:42:56,San Francisco,94115,B05,10,4341,3,10,0,0,0,0,,500.0,500.0,0,0,0,0,1,"744 Detector activation, no fire  -  unintentional",N None,63 Restore fire alarm system,86 Investigate,"00 Action taken, other",1 Detector alerted occupants,429 Multifamily dwelling,00 Other area of fire origin,1 Intentional,UU Undetermined,,UU Undetermined,UU Undetermined,N None,1 Enclosed building,2 In normal use,1.0,,NO,,,,,1 Present,1 Smoke,2 Detector operated,"1 Detector alerted occupants, occupants responded",,N None Present,1 Wet - pipe sprinkler system,1 System operated and was effective,,1.0,2.0,Presidio Heights,"-122.444289, 37.785571",2023-10-04 17:42:56,2025-06-01 02:18:08
23133592,0,231335920,3 Bayside Village Place,2023-10-04,232772755,2023-10-04 17:39:06,2023-10-04 17:43:42,2023-10-04 17:50:50,San Francisco,94107,B03,35,2134,3,10,0,0,0,0,,500.0,500.0,0,0,0,0,1,"745 Alarm system activation, no fire  -  unintentional",N None,86 Investigate,86 Investigate,"00 Action taken, other",1 Detector alerted occupants,429 Multifamily dwelling,00 Other area of fire origin,1 Intentional,UU Undetermined,,UU Undetermined,UU Undetermined,N None,1 Enclosed building,2 In normal use,1.0,,NO,,,,,1 Present,1 Smoke,2 Detector operated,"1 Detector alerted occupants, occupants responded",,N None Present,1 Wet - pipe sprinkler system,1 System operated and was effective,,1.0,6.0,Financial District/South Beach,"-122.389741, 37.786171",2023-10-04 17:50:50,2025-06-01 02:18:08
23133593,0,231335930,531 27th Avenue,2023-10-04,232772758,2023-10-04 17:39:55,2023-10-04 17:42:42,2023-10-04 17:46:09,San Francisco,94121,B07,14,7222,1,4,0,0,0,0,,500.0,500.0,0,0,0,0,1,"500 Service Call, other",N None,73 Provide manpower,86 Investigate,"00 Action taken, other",1 Detector alerted occupants,419 1 or 2 family dwelling,00 Other area of fire origin,1 Intentional,UU Undetermined,,UU Undetermined,UU Undetermined,N None,1 Enclosed building,2 In normal use,1.0,,NO,,,,,1 Present,1 Smoke,2 Detector operated,"1 Detector alerted occupants, occupants responded",,N None Present,1 Wet - pipe sprinkler system,1 System operated and was effective,,1.0,1.0,Outer Richmond,"-122.48692, 37.779372",2023-10-04 17:46:09,2025-06-01 02:18:08
23133594,0,231335940,"860 Presidio Pw Nb, Prairie",2023-10-04,232772786,2023-10-04 17:47:47,2023-10-04 17:53:03,2023-10-04 17:57:41,Presidio,94123,B04,51,4325,1,4,1,2,0,0,,500.0,500.0,0,0,0,0,1,322 Motor vehicle accident with injuries,N None,33 Provide advanced life support (ALS),86 Investigate,"00 Action taken, other",1 Detector alerted occupants,961 Highway or divided highway,00 Other area of fire origin,1 Intentional,UU Undetermined,,UU Undetermined,UU Undetermined,N None,1 Enclosed building,2 In normal use,1.0,,NO,,,,,1 Present,1 Smoke,2 Detector operated,"1 Detector alerted occupants, occupants responded",,N None Present,1 Wet - pipe sprinkler system,1 System operated and was effective,,1.0,2.0,Presidio,"-122.457732, 37.802628",2023-10-04 17:57:41,2025-06-01 02:18:08
23133598,0,231335980,843 Stockton Street,2023-10-04,232772807,2023-10-04 17:52:27,2023-10-04 17:56:58,2023-10-04 18:14:11,San Francisco,94108,B01,2,1326,3,11,0,0,0,0,,500.0,500.0,0,0,0,0,1,"740 Unintentional transmission of alarm, other",N None,63 Restore fire alarm system,86 Investigate,"00 Action taken, other",1 Detector alerted occupants,"000 Property Use, other",00 Other area of fire origin,1 Intentional,UU Undetermined,,UU Undetermined,UU Undetermined,N None,1 Enclosed building,2 In normal use,1.0,,NO,,,,,1 Present,1 Smoke,2 Detector operated,"1 Detector alerted occupants, occupants responded",,N None Present,1 Wet - pipe sprinkler system,1 System operated and was effective,,1.0,3.0,Chinatown,"-122.407892, 37.793554",2023-10-04 18:14:11,2025-06-01 02:18:08
23133604,0,231336040,701 Golden Gate Avenue,2023-10-04,232772835,2023-10-04 17:58:26,2023-10-04 18:02:13,2023-10-04 18:21:19,San Francisco,94102,B02,5,326,3,11,0,0,0,0,,500.0,500.0,0,0,0,0,1,"743 Smoke detector activation, no fire  -  unintentional",N None,63 Restore fire alarm system,86 Investigate,"00 Action taken, other",1 Detector alerted occupants,429 Multifamily dwelling,00 Other area of fire origin,1 Intentional,UU Undetermined,,UU Undetermined,UU Undetermined,N None,1 Enclosed building,2 In normal use,1.0,,NO,,,,,1 Present,1 Smoke,2 Detector operated,"1 Detector alerted occupants, occupants responded",,N None Present,1 Wet - pipe sprinkler system,1 System operated and was effective,,1.0,5.0,Western Addition,"-122.422161, 37.780743",2023-10-04 18:21:19,2025-06-01 02:18:08
23133607,0,231336070,1767 22nd Avenue,2023-10-04,232772843,2023-10-04 18:00:28,2023-10-04 18:05:36,2023-10-04 18:16:13,San Francisco,94122,B08,18,7446,1,5,0,0,0,0,,500.0,500.0,0,0,0,0,1,"550 Public service assistance, other",N None,"00 Action taken, other",86 Investigate,"00 Action taken, other",1 Detector alerted occupants,419 1 or 2 family dwelling,00 Other area of fire origin,1 Intentional,UU Undetermined,,UU Undetermined,UU Undetermined,N None,1 Enclosed building,2 In normal use,1.0,,NO,,,,,1 Present,1 Smoke,2 Detector operated,"1 Detector alerted occupants, occupants responded",,N None Present,1 Wet - pipe sprinkler system,1 System operated and was effective,,1.0,4.0,Sunset/Parkside,"-122.479818, 37.754727",2023-10-04 18:16:13,2025-06-01 02:18:08
23133608,0,231336080,801 Minnesota Street,2023-10-04,232772850,2023-10-04 18:03:04,2023-10-04 18:07:36,2023-10-04 18:22:59,San Francisco,94107,B10,25,2535,3,10,0,0,0,0,,500.0,500.0,0,0,0,0,1,"113 Cooking fire, confined to container",N None,86 Investigate,86 Investigate,"00 Action taken, other",1 Detector alerted occupants,429 Multifamily dwelling,00 Other area of fire origin,1 Intentional,UU Undetermined,,UU Undetermined,UU Undetermined,N None,1 Enclosed building,2 In normal use,1.0,,NO,,,,,1 Present,1 Smoke,2 Detector operated,"1 Detector alerted occupants, occupants responded",,N None Present,1 Wet - pipe sprinkler system,1 System operated and was effective,,1.0,10.0,Potrero Hill,"-122.390366, 37.760388",2023-10-04 18:22:59,2025-06-01 02:18:08
23133610,0,231336100,2125 Bryant Street,2023-10-04,232772859,2023-10-04 18:04:42,2023-10-04 18:08:45,2023-10-04 18:18:41,San Francisco,94110,B06,7,5451,3,10,0,0,0,0,,500.0,500.0,0,0,0,0,1,"746 Carbon monoxide detector activation, no CO",N None,64 Shut down system,86 Investigate,"00 Action taken, other",1 Detector alerted occupants,429 Multifamily dwelling,00 Other area of fire origin,1 Intentional,UU Undetermined,,UU Undetermined,UU Undetermined,N None,1 Enclosed building,2 In normal use,1.0,,NO,,,,,1 Present,1 Smoke,2 Detector operated,"1 Detector alerted occupants, occupants responded",,N None Present,1 Wet - pipe sprinkler system,1 System operated and was effective,,1.0,9.0,Mission,"-122.409882, 37.760135",2023-10-04 18:18:41,2025-06-01 02:18:08
23133611,0,231336110,405 Parnassus Avenue,2023-10-04,232772861,2023-10-04 18:05:08,2023-10-04 18:08:59,2023-10-04 18:20:59,San Francisco,94117,B05,12,5155,3,10,0,0,0,0,,500.0,500.0,0,0,0,0,1,735 Alarm system sounded due to malfunction,N None,63 Restore fire alarm system,86 Investigate,"00 Action taken, other",1 Detector alerted occupants,331 Hospital  -  medical or psychiatric,00 Other area of fire origin,1 Intentional,UU Undetermined,,UU Undetermined,UU Undetermined,N None,1 Enclosed building,2 In normal use,1.0,,NO,,,,,1 Present,1 Smoke,2 Detector operated,"1 Detector alerted occupants, occupants responded",,N None Present,1 Wet - pipe sprinkler system,1 System operated and was effective,,1.0,7.0,Inner Sunset,"-122.456762, 37.763713",2023-10-04 18:20:59,2025-06-01 02:18:08
23133612,0,231336120,450 Folsom Street,2023-10-04,232772862,2023-10-04 18:06:28,2023-10-04 18:16:49,2023-10-04 18:24:12,San Francisco,94105,B03,35,2137,1,5,0,0,0,0,,500.0,500.0,0,0,0,0,1,554 Assist invalid,N None,71 Assist physically disabled,86 Investigate,"00 Action taken, other",1 Detector alerted occupants,"439 Boarding/rooming house, residential hotels",00 Other area of fire origin,1 Intentional,UU Undetermined,,UU Undetermined,UU Undetermined,N None,1 Enclosed building,2 In normal use,1.0,,NO,,,,,1 Present,1 Smoke,2 Detector operated,"1 Detector alerted occupants, occupants responded",,N None Present,1 Wet - pipe sprinkler system,1 System operated and was effective,,1.0,6.0,Financial District/South Beach,"-122.394234, 37.787593",2023-10-04 18:24:12,2025-06-01 02:18:08
23133621,0,231336210,115 Pierce Street,2023-10-04,232772925,2023-10-04 18:21:14,2023-10-04 18:24:07,2023-10-04 18:35:06,San Francisco,94117,B05,6,3635,9,30,1,2,1,2,,500.0,500.0,0,0,0,0,1,"651 Smoke scare, odor of smoke",N None,86 Investigate,86 Investigate,"00 Action taken, other",1 Detector alerted occupants,419 1 or 2 family dwelling,00 Other area of fire origin,1 Intentional,UU Undetermined,,UU Undetermined,UU Undetermined,N None,1 Enclosed building,2 In normal use,1.0,,NO,,,,,1 Present,1 Smoke,2 Detector operated,"1 Detector alerted occupants, occupants responded",,N None Present,1 Wet - pipe sprinkler system,1 System operated and was effective,,1.0,5.0,Haight Ashbury,"-122.433673, 37.770925",2023-10-04 18:35:06,2025-06-01 02:18:08
23133632,0,231336320,814 Van Ness Avenue,2023-10-04,232772984,2023-10-04 18:37:57,2023-10-04 18:40:56,2023-10-04 18:54:51,San Francisco,94102,B02,3,3163,8,29,1,2,1,2,,500.0,500.0,0,0,0,0,1,"743 Smoke detector activation, no fire  -  unintentional",N None,76 Provide water,86 Investigate,"00 Action taken, other",1 Detector alerted occupants,429 Multifamily dwelling,00 Other area of fire origin,1 Intentional,UU Undetermined,,UU Undetermined,UU Undetermined,N None,1 Enclosed building,2 In normal use,1.0,,NO,,,,,1 Present,1 Smoke,2 Detector operated,"1 Detector alerted occupants, occupants responded",,N None Present,1 Wet - pipe sprinkler system,1 System operated and was effective,,1.0,5.0,Tenderloin,"-122.420777, 37.783138",2023-10-04 18:54:51,2025-06-01 02:18:08
23133633,0,231336330,1316 Stockton Street,2023-10-04,232772987,2023-10-04 18:38:45,2023-10-04 18:43:22,2023-10-04 19:10:35,San Francisco,94133,B01,2,1333,3,11,0,0,0,0,,500.0,500.0,0,0,0,0,1,"740 Unintentional transmission of alarm, other",N None,63 Restore fire alarm system,86 Investigate,"00 Action taken, other",1 Detector alerted occupants,"000 Property Use, other",00 Other area of fire origin,1 Intentional,UU Undetermined,,UU Undetermined,UU Undetermined,N None,1 Enclosed building,2 In normal use,1.0,,NO,,,,,1 Present,1 Smoke,2 Detector operated,"1 Detector alerted occupants, occupants responded",,N None Present,1 Wet - pipe sprinkler system,1 System operated and was effective,,1.0,3.0,Chinatown,"-122.408577, 37.797837",2023-10-04 19:10:35,2025-06-01 02:18:08
23133635,0,231336350,330 Clementina Street,2023-10-04,232772995,2023-10-04 18:41:01,2023-10-04 18:48:17,2023-10-04 19:05:29,San Francisco,94107,B03,1,2215,1,5,0,0,0,0,,500.0,500.0,0,0,0,0,1,554 Assist invalid,N None,71 Assist physically disabled,86 Investigate,"00 Action taken, other",1 Detector alerted occupants,"439 Boarding/rooming house, residential hotels",00 Other area of fire origin,1 Intentional,UU Undetermined,,UU Undetermined,UU Undetermined,N None,1 Enclosed building,2 In normal use,1.0,,NO,,,,,1 Present,1 Smoke,2 Detector operated,"1 Detector alerted occupants, occupants responded",,N None Present,1 Wet - pipe sprinkler system,1 System operated and was effective,,1.0,6.0,South of Market,"-122.402465, 37.781947",2023-10-04 19:05:29,2025-06-01 02:18:08
23133637,0,231336370,2302 Steiner Street,2023-10-04,232773007,2023-10-04 18:46:05,2023-10-04 18:49:36,2023-10-04 18:53:17,San Francisco,94115,B04,38,3615,1,4,0,0,0,0,,500.0,500.0,0,0,0,0,1,"700 False alarm or false call, other",N None,"00 Action taken, other",86 Investigate,"00 Action taken, other",1 Detector alerted occupants,"000 Property Use, other",00 Other area of fire origin,1 Intentional,UU Undetermined,,UU Undetermined,UU Undetermined,N None,1 Enclosed building,2 In normal use,1.0,,NO,,,,,1 Present,1 Smoke,2 Detector operated,"1 Detector alerted occupants, occupants responded",,N None Present,1 Wet - pipe sprinkler system,1 System operated and was effective,,1.0,2.0,Pacific Heights,"-122.435782, 37.790596",2023-10-04 18:53:17,2025-06-01 02:18:08
23133642,0,231336420,999 Green Street,2023-10-04,232773034,2023-10-04 18:53:23,2023-10-04 18:59:03,2023-10-04 19:09:18,San Francisco,94133,B01,2,1441,1,5,0,0,0,0,,500.0,500.0,0,0,0,0,1,554 Assist invalid,N None,73 Provide manpower,86 Investigate,"00 Action taken, other",1 Detector alerted occupants,"400 Residential, other",00 Other area of fire origin,1 Intentional,UU Undetermined,,UU Undetermined,UU Undetermined,N None,1 Enclosed building,2 In normal use,1.0,,NO,,,,,1 Present,1 Smoke,2 Detector operated,"1 Detector alerted occupants, occupants responded",,N None Present,1 Wet - pipe sprinkler system,1 System operated and was effective,,1.0,3.0,Nob Hill,"-122.415475, 37.798624",2023-10-04 19:09:18,2025-06-01 02:18:08
23133643,0,231336430,158 Mary Teresa Street,2023-10-04,232773040,2023-10-04 18:56:33,2023-10-04 19:05:54,2023-10-04 19:10:13,San Francisco,94134,B10,44,6271,1,5,0,0,0,0,,500.0,500.0,0,0,0,0,1,"520 Water problem, other",N None,64 Shut down system,86 Investigate,"00 Action taken, other",1 Detector alerted occupants,429 Multifamily dwelling,00 Other area of fire origin,1 Intentional,UU Undetermined,,UU Undetermined,UU Undetermined,N None,1 Enclosed building,2 In normal use,1.0,,NO,,,,,1 Present,1 Smoke,2 Detector operated,"1 Detector alerted occupants, occupants responded",,N None Present,1 Wet - pipe sprinkler system,1 System operated and was effective,,1.0,10.0,Bayview Hunters Point,"-122.39878, 37.713815",2023-10-04 19:10:13,2025-06-01 02:18:08
23133651,0,231336510,51 Miguel Street,2023-10-04,232773082,2023-10-04 19:09:17,2023-10-04 19:20:18,2023-10-04 19:29:31,San Francisco,94131,B06,26,8116,2,9,0,0,0,0,,500.0,500.0,0,0,0,0,1,"550 Public service assistance, other",N None,71 Assist physically disabled,86 Investigate,"00 Action taken, other",1 Detector alerted occupants,419 1 or 2 family dwelling,00 Other area of fire origin,1 Intentional,UU Undetermined,,UU Undetermined,UU Undetermined,N None,1 Enclosed building,2 In normal use,1.0,,NO,,,,,1 Present,1 Smoke,2 Detector operated,"1 Detector alerted occupants, occupants responded",,N None Present,1 Wet - pipe sprinkler system,1 System operated and was effective,,1.0,8.0,Glen Park,"-122.429872, 37.739176",2023-10-04 19:29:31,2025-06-01 02:18:08
23133652,0,231336520,5044 Geary Bl,2023-10-04,232773084,2023-10-04 19:11:11,2023-10-04 19:14:45,2023-10-04 19:24:05,San Francisco,94118,B07,31,7146,3,10,0,0,0,0,,500.0,500.0,0,0,0,0,1,412 Gas leak (natural gas or LPG),N None,86 Investigate,86 Investigate,"00 Action taken, other",1 Detector alerted occupants,UUU Undetermined,00 Other area of fire origin,1 Intentional,UU Undetermined,,UU Undetermined,UU Undetermined,N None,1 Enclosed building,2 In normal use,1.0,,NO,,,,,1 Present,1 Smoke,2 Detector operated,"1 Detector alerted occupants, occupants responded",,N None Present,1 Wet - pipe sprinkler system,1 System operated and was effective,,1.0,1.0,Outer Richmond,"-122.473369, 37.780673",2023-10-04 19:24:05,2025-06-01 02:18:08
23133657,0,231336570,917 Folsom Street,2023-10-04,232773112,2023-10-04 19:17:12,2023-10-04 19:19:48,2023-10-04 19:23:26,San Francisco,94107,B03,1,2244,3,10,0,0,0,0,,500.0,500.0,0,0,0,0,1,"743 Smoke detector activation, no fire  -  unintentional",N None,86 Investigate,86 Investigate,"00 Action taken, other",1 Detector alerted occupants,429 Multifamily dwelling,00 Other area of fire origin,1 Intentional,UU Undetermined,,UU Undetermined,UU Undetermined,N None,1 Enclosed building,2 In normal use,1.0,,NO,,,,,1 Present,1 Smoke,2 Detector operated,"1 Detector alerted occupants, occupants responded",,N None Present,1 Wet - pipe sprinkler system,1 System operated and was effective,,1.0,6.0,South of Market,"-122.403726, 37.779904",2023-10-04 19:23:26,2025-06-01 02:18:08
23133670,0,231336700,Grant Avenue,2023-10-04,232773220,2023-10-04 19:54:55,2023-10-04 20:03:48,2023-10-04 20:04:28,San Francisco,94108,B01,13,1315,1,4,0,0,0,0,,500.0,500.0,0,0,0,0,1,"550 Public service assistance, other",N None,76 Provide water,86 Investigate,"00 Action taken, other",1 Detector alerted occupants,NNN None,00 Other area of fire origin,1 Intentional,UU Undetermined,,UU Undetermined,UU Undetermined,N None,1 Enclosed building,2 In normal use,1.0,,NO,,,,,1 Present,1 Smoke,2 Detector operated,"1 Detector alerted occupants, occupants responded",,N None Present,1 Wet - pipe sprinkler system,1 System operated and was effective,,1.0,3.0,Financial District/South Beach,"-122.405576, 37.790564",2023-10-04 20:04:28,2025-06-01 02:18:08
23133672,0,231336720,1755 Ofarrell Street,2023-10-04,232773232,2023-10-04 20:00:37,2023-10-04 20:04:03,2023-10-04 20:34:12,San Francisco,94115,B04,5,3623,3,10,0,0,0,0,,500.0,500.0,0,0,0,0,1,735 Alarm system sounded due to malfunction,N None,86 Investigate,86 Investigate,"00 Action taken, other",1 Detector alerted occupants,429 Multifamily dwelling,00 Other area of fire origin,1 Intentional,UU Undetermined,,UU Undetermined,UU Undetermined,N None,1 Enclosed building,2 In normal use,1.0,,NO,,,,,1 Present,1 Smoke,2 Detector operated,"1 Detector alerted occupants, occupants responded",,N None Present,1 Wet - pipe sprinkler system,1 System operated and was effective,,1.0,5.0,Western Addition,"-122.433591, 37.78311",2023-10-04 20:34:12,2025-06-01 02:18:08
23133682,0,231336820,1545 Sacramento Street,2023-10-04,232773286,2023-10-04 20:17:30,2023-10-04 20:20:10,2023-10-04 20:27:20,San Francisco,94109,B01,41,1563,1,4,0,0,0,0,,500.0,500.0,0,0,0,0,1,412 Gas leak (natural gas or LPG),N None,86 Investigate,86 Investigate,"00 Action taken, other",1 Detector alerted occupants,419 1 or 2 family dwelling,00 Other area of fire origin,1 Intentional,UU Undetermined,,UU Undetermined,UU Undetermined,N None,1 Enclosed building,2 In normal use,1.0,,NO,,,,,1 Present,1 Smoke,2 Detector operated,"1 Detector alerted occupants, occupants responded",,N None Present,1 Wet - pipe sprinkler system,1 System operated and was effective,,1.0,3.0,Nob Hill,"-122.418315, 37.791755",2023-10-04 20:27:20,2025-06-01 02:18:08
23133683,0,231336830,378 Sanchez Street,2023-10-04,232773287,2023-10-04 20:17:36,2023-10-04 20:21:25,2023-10-04 20:24:48,San Francisco,94114,B05,6,5252,1,4,0,0,0,0,,500.0,500.0,0,0,0,0,1,622 No incident found on arrival at dispatch address,N None,86 Investigate,86 Investigate,"00 Action taken, other",1 Detector alerted occupants,429 Multifamily dwelling,00 Other area of fire origin,1 Intentional,UU Undetermined,,UU Undetermined,UU Undetermined,N None,1 Enclosed building,2 In normal use,1.0,,NO,,,,,1 Present,1 Smoke,2 Detector operated,"1 Detector alerted occupants, occupants responded",,N None Present,1 Wet - pipe sprinkler system,1 System operated and was effective,,1.0,8.0,Castro/Upper Market,"-122.430848, 37.763118",2023-10-04 20:24:48,2025-06-01 02:18:08
23133692,0,231336920,4040 3rd Street,2023-10-04,232773366,2023-10-04 20:48:41,2023-10-04 20:51:16,2023-10-04 20:52:19,San Francisco,94124,B10,25,6467,1,4,0,0,0,0,,500.0,500.0,0,0,0,0,1,531 Smoke or odor removal,N None,87 Investigate fire out on arrival,86 Investigate,"00 Action taken, other",1 Detector alerted occupants,"500 Mercantile, business, other",00 Other area of fire origin,1 Intentional,UU Undetermined,,UU Undetermined,UU Undetermined,N None,1 Enclosed building,2 In normal use,1.0,,NO,,,,,1 Present,1 Smoke,2 Detector operated,"1 Detector alerted occupants, occupants responded",,N None Present,1 Wet - pipe sprinkler system,1 System operated and was effective,,1.0,10.0,Bayview Hunters Point,"-122.388679, 37.740793",2023-10-04 20:52:19,2025-06-01 02:18:08
23133693,0,231336930,34 Cervantes Bl,2023-10-04,232773376,2023-10-04 20:52:52,2023-10-04 20:56:55,2023-10-04 21:22:32,San Francisco,94123,B04,16,3564,3,10,0,0,0,0,,500.0,500.0,0,0,0,0,1,"445 Arcing, shorted electrical equipment",N None,73 Provide manpower,86 Investigate,"00 Action taken, other",1 Detector alerted occupants,419 1 or 2 family dwelling,00 Other area of fire origin,1 Intentional,UU Undetermined,,UU Undetermined,UU Undetermined,N None,1 Enclosed building,2 In normal use,1.0,,NO,,,,,1 Present,1 Smoke,2 Detector operated,"1 Detector alerted occupants, occupants responded",,N None Present,1 Wet - pipe sprinkler system,1 System operated and was effective,,1.0,2.0,Marina,"-122.437555, 37.803244",2023-10-04 21:22:32,2025-06-01 02:18:08
23133695,0,231336950,350 Gough Street,2023-10-04,232773386,2023-10-04 20:58:31,2023-10-04 21:02:21,2023-10-04 21:10:42,San Francisco,94102,B02,36,3265,8,29,1,2,1,2,,500.0,500.0,0,0,0,0,1,"743 Smoke detector activation, no fire  -  unintentional",N None,63 Restore fire alarm system,86 Investigate,"00 Action taken, other",1 Detector alerted occupants,429 Multifamily dwelling,00 Other area of fire origin,1 Intentional,UU Undetermined,,UU Undetermined,UU Undetermined,N None,1 Enclosed building,2 In normal use,1.0,,NO,,,,,1 Present,1 Smoke,2 Detector operated,"1 Detector alerted occupants, occupants responded",,N None Present,1 Wet - pipe sprinkler system,1 System operated and was effective,,1.0,5.0,Hayes Valley,"-122.422815, 37.776495",2023-10-04 21:10:42,2025-06-01 02:18:08
23133706,0,231337060,Transverse Drive,2023-10-04,232773462,2023-10-04 21:29:02,2023-10-04 21:33:25,2023-10-04 22:41:00,San Francisco,94121,B07,14,7211,4,18,0,0,0,0,,500.0,500.0,0,0,0,0,1,1600 Tent/Encampment fire,N None,11 Extinguishment by fire service personnel,86 Investigate,"00 Action taken, other",1 Detector alerted occupants,938 Graded and cared - for plots of land,00 Other area of fire origin,1 Intentional,UU Undetermined,,UU Undetermined,UU Undetermined,N None,1 Enclosed building,2 In normal use,1.0,,NO,,,,,1 Present,1 Smoke,2 Detector operated,"1 Detector alerted occupants, occupants responded",,N None Present,1 Wet - pipe sprinkler system,1 System operated and was effective,,1.0,1.0,Golden Gate Park,"-122.481786, 37.771887",2023-10-04 22:41:00,2025-06-01 02:18:08
23133711,0,231337110,1041 Lake Street,2023-10-04,232773491,2023-10-04 21:40:04,2023-10-04 21:42:53,2023-10-04 22:02:23,San Francisco,94118,B07,31,7137,3,10,0,0,0,0,,500.0,500.0,0,0,0,0,1,735 Alarm system sounded due to malfunction,N None,86 Investigate,"70 Assistance, other","00 Action taken, other",1 Detector alerted occupants,419 1 or 2 family dwelling,00 Other area of fire origin,1 Intentional,UU Undetermined,,UU Undetermined,UU Undetermined,N None,1 Enclosed building,2 In normal use,1.0,,NO,,,,,1 Present,1 Smoke,2 Detector operated,"1 Detector alerted occupants, occupants responded",,N None Present,1 Wet - pipe sprinkler system,1 System operated and was effective,,1.0,1.0,Inner Richmond,"-122.470492, 37.786346",2023-10-04 22:02:23,2025-06-01 02:18:08
23133712,0,231337120,100 1st Street,2023-10-04,232773500,2023-10-04 21:44:29,2023-10-04 21:51:57,2023-10-04 21:53:46,San Francisco,94105,B03,35,2141,1,5,0,0,0,0,,500.0,500.0,0,0,0,0,1,"555 Defective elevator, no occupants",N None,86 Investigate,86 Investigate,"00 Action taken, other",1 Detector alerted occupants,599 Business office,00 Other area of fire origin,1 Intentional,UU Undetermined,,UU Undetermined,UU Undetermined,N None,1 Enclosed building,2 In normal use,1.0,,NO,,,,,1 Present,1 Smoke,2 Detector operated,"1 Detector alerted occupants, occupants responded",,N None Present,1 Wet - pipe sprinkler system,1 System operated and was effective,,1.0,6.0,Financial District/South Beach,"-122.397576, 37.789665",2023-10-04 21:53:46,2025-06-01 02:18:08
23133713,0,231337130,1180 Howard Street,2023-10-04,232773505,2023-10-04 21:47:25,2023-10-04 21:53:05,2023-10-04 21:58:35,San Francisco,94103,B03,1,2314,1,4,0,0,0,0,,500.0,500.0,0,0,0,0,1,554 Assist invalid,N None,73 Provide manpower,86 Investigate,"00 Action taken, other",1 Detector alerted occupants,429 Multifamily dwelling,00 Other area of fire origin,1 Intentional,UU Undetermined,,UU Undetermined,UU Undetermined,N None,1 Enclosed building,2 In normal use,1.0,,NO,,,,,1 Present,1 Smoke,2 Detector operated,"1 Detector alerted occupants, occupants responded",,N None Present,1 Wet - pipe sprinkler system,1 System operated and was effective,,1.0,6.0,South of Market,"-122.411283, 37.776576",2023-10-04 21:58:35,2025-06-01 02:18:08
23133715,0,231337150,2150 Steiner Street,2023-10-04,232773513,2023-10-04 21:49:33,2023-10-04 21:52:59,2023-10-04 22:15:32,San Francisco,94115,B04,38,3616,3,10,0,0,0,0,,500.0,500.0,0,0,0,0,1,"4450 Arcing, shorted electrical PG&E equipment",N None,82 Notify other agencies.,86 Investigate,"00 Action taken, other",1 Detector alerted occupants,419 1 or 2 family dwelling,00 Other area of fire origin,1 Intentional,UU Undetermined,,UU Undetermined,UU Undetermined,N None,1 Enclosed building,2 In normal use,1.0,,NO,,,,,1 Present,1 Smoke,2 Detector operated,"1 Detector alerted occupants, occupants responded",,N None Present,1 Wet - pipe sprinkler system,1 System operated and was effective,,1.0,2.0,Pacific Heights,"-122.435512, 37.78925",2023-10-04 22:15:32,2025-06-01 02:18:08
23133723,0,231337230,Laguna Street,2023-10-04,232773558,2023-10-04 22:06:08,2023-10-04 22:09:10,2023-10-04 22:12:53,San Francisco,94102,B02,36,3414,1,4,0,0,0,0,,500.0,500.0,0,0,0,0,1,622 No incident found on arrival at dispatch address,N None,86 Investigate,86 Investigate,"00 Action taken, other",1 Detector alerted occupants,"960 Street, other",00 Other area of fire origin,1 Intentional,UU Undetermined,,UU Undetermined,UU Undetermined,N None,1 Enclosed building,2 In normal use,1.0,,NO,,,,,1 Present,1 Smoke,2 Detector operated,"1 Detector alerted occupants, occupants responded",,N None Present,1 Wet - pipe sprinkler system,1 System operated and was effective,,1.0,5.0,Hayes Valley,"-122.425892, 37.774599",2023-10-04 22:12:53,2025-06-01 02:18:08
23133725,0,231337250,7th Street,2023-10-04,232773570,2023-10-04 22:10:14,2023-10-04 22:15:10,2023-10-04 22:17:15,San Francisco,94103,B02,1,2315,1,4,0,0,0,0,,500.0,500.0,0,0,0,0,1,"151 Outside rubbish, trash or waste fire",N None,86 Investigate,86 Investigate,"00 Action taken, other",1 Detector alerted occupants,963 Street or road in commercial area,00 Other area of fire origin,1 Intentional,UU Undetermined,,UU Undetermined,UU Undetermined,N None,1 Enclosed building,2 In normal use,1.0,,NO,,,,,1 Present,1 Smoke,2 Detector operated,"1 Detector alerted occupants, occupants responded",,N None Present,1 Wet - pipe sprinkler system,1 System operated and was effective,,1.0,6.0,South of Market,"-122.410405, 37.778784",2023-10-04 22:17:15,2025-06-01 02:18:08
23133729,0,231337290,130 Turk Street,2023-10-04,232773594,2023-10-04 22:17:03,2023-10-04 22:23:11,2023-10-04 22:31:40,San Francisco,94102,B03,3,1456,1,5,0,0,0,0,,500.0,500.0,0,0,0,0,1,522 Water or steam leak,N None,86 Investigate,86 Investigate,"00 Action taken, other",1 Detector alerted occupants,"900 Outside or special property, other",00 Other area of fire origin,1 Intentional,UU Undetermined,,UU Undetermined,UU Undetermined,N None,1 Enclosed building,2 In normal use,1.0,,NO,,,,,1 Present,1 Smoke,2 Detector operated,"1 Detector alerted occupants, occupants responded",,N None Present,1 Wet - pipe sprinkler system,1 System operated and was effective,,1.0,5.0,Tenderloin,"-122.411319, 37.783213",2023-10-04 22:31:40,2025-06-01 02:18:08
23133731,0,231337310,125 Cambon Drive,2023-10-04,232773604,2023-10-04 22:20:14,2023-10-04 22:25:03,2023-10-04 22:44:52,San Francisco,94132,B08,19,8428,3,11,0,0,0,0,,500.0,500.0,0,0,0,0,1,"113 Cooking fire, confined to container",N None,86 Investigate,86 Investigate,"00 Action taken, other",1 Detector alerted occupants,429 Multifamily dwelling,00 Other area of fire origin,1 Intentional,UU Undetermined,,UU Undetermined,UU Undetermined,N None,1 Enclosed building,2 In normal use,1.0,,NO,,,,,1 Present,1 Smoke,2 Detector operated,"1 Detector alerted occupants, occupants responded",,N None Present,1 Wet - pipe sprinkler system,1 System operated and was effective,,1.0,7.0,Lakeshore,"-122.47418, 37.716828",2023-10-04 22:44:52,2025-06-01 02:18:08
23133734,0,231337340,Oak Street,2023-10-04,232773644,2023-10-04 22:30:39,2023-10-04 22:34:03,2023-10-04 22:35:20,San Francisco,94102,B02,36,3266,1,4,0,0,0,0,,500.0,500.0,0,0,0,0,1,"151 Outside rubbish, trash or waste fire",N None,86 Investigate,86 Investigate,"00 Action taken, other",1 Detector alerted occupants,"960 Street, other",00 Other area of fire origin,1 Intentional,UU Undetermined,,UU Undetermined,UU Undetermined,N None,1 Enclosed building,2 In normal use,1.0,,NO,,,,,1 Present,1 Smoke,2 Detector operated,"1 Detector alerted occupants, occupants responded",,N None Present,1 Wet - pipe sprinkler system,1 System operated and was effective,,1.0,5.0,Hayes Valley,"-122.422601, 37.77502",2023-10-04 22:35:20,2025-06-01 02:18:08
23133737,0,231337370,Great Hy,2023-10-04,232773657,2023-10-04 22:34:29,2023-10-04 22:40:04,2023-10-04 22:46:11,San Francisco,94122,B08,23,7725,1,4,0,0,0,0,,500.0,500.0,0,0,0,0,1,"150 Outside rubbish fire, other",N None,"10 Fire control or extinguishment, other",86 Investigate,"00 Action taken, other",1 Detector alerted occupants,937 Beach,00 Other area of fire origin,1 Intentional,UU Undetermined,,UU Undetermined,UU Undetermined,N None,1 Enclosed building,2 In normal use,1.0,,NO,,,,,1 Present,1 Smoke,2 Detector operated,"1 Detector alerted occupants, occupants responded",,N None Present,1 Wet - pipe sprinkler system,1 System operated and was effective,,1.0,4.0,Sunset/Parkside,"-122.509858883, 37.752747016",2023-10-04 22:46:11,2025-06-01 02:18:08
23133738,0,231337380,Market Street,2023-10-04,232773665,2023-10-04 22:36:27,2023-10-04 22:40:08,2023-10-04 22:41:39,San Francisco,94103,B02,6,5127,1,4,0,0,0,0,,500.0,500.0,0,0,0,0,1,622 No incident found on arrival at dispatch address,N None,86 Investigate,86 Investigate,"00 Action taken, other",1 Detector alerted occupants,"962 Residential street, road or residential driveway",00 Other area of fire origin,1 Intentional,UU Undetermined,,UU Undetermined,UU Undetermined,N None,1 Enclosed building,2 In normal use,1.0,,NO,,,,,1 Present,1 Smoke,2 Detector operated,"1 Detector alerted occupants, occupants responded",,N None Present,1 Wet - pipe sprinkler system,1 System operated and was effective,,1.0,8.0,Mission,"-122.426824, 37.769169",2023-10-04 22:41:39,2025-06-01 02:18:08
23133743,0,231337430,38 Dolores Street,2023-10-04,232773699,2023-10-04 22:51:59,2023-10-04 22:59:07,2023-10-04 23:01:45,San Francisco,94103,B02,6,5127,1,4,0,0,0,0,,500.0,500.0,0,0,0,0,1,622 No incident found on arrival at dispatch address,N None,86 Investigate,86 Investigate,"00 Action taken, other",1 Detector alerted occupants,"962 Residential street, road or residential driveway",00 Other area of fire origin,1 Intentional,UU Undetermined,,UU Undetermined,UU Undetermined,N None,1 Enclosed building,2 In normal use,1.0,,NO,,,,,1 Present,1 Smoke,2 Detector operated,"1 Detector alerted occupants, occupants responded",,N None Present,1 Wet - pipe sprinkler system,1 System operated and was effective,,1.0,8.0,Castro/Upper Market,"-122.426861, 37.768659",2023-10-04 23:01:45,2025-06-01 02:18:08
23133744,0,231337440,935 Sutter Street,2023-10-04,232773704,2023-10-04 22:54:12,2023-10-04 22:57:30,2023-10-04 23:24:08,San Francisco,94109,B04,3,1557,3,10,0,0,0,0,,500.0,500.0,0,0,0,0,1,735 Alarm system sounded due to malfunction,N None,86 Investigate,86 Investigate,"00 Action taken, other",1 Detector alerted occupants,429 Multifamily dwelling,00 Other area of fire origin,1 Intentional,UU Undetermined,,UU Undetermined,UU Undetermined,N None,1 Enclosed building,2 In normal use,1.0,,NO,,,,,1 Present,1 Smoke,2 Detector operated,"1 Detector alerted occupants, occupants responded",,N None Present,1 Wet - pipe sprinkler system,1 System operated and was effective,,1.0,3.0,Nob Hill,"-122.415769, 37.788243",2023-10-04 23:24:08,2025-06-01 02:18:08
23133750,0,231337500,500 Hyde Street,2023-10-04,232773735,2023-10-04 23:11:12,2023-10-04 23:14:57,2023-10-04 23:25:24,San Francisco,94109,B04,3,1556,2,10,0,0,0,0,,500.0,500.0,0,0,0,0,1,511 Lock - out,N None,"70 Assistance, other",86 Investigate,"00 Action taken, other",1 Detector alerted occupants,429 Multifamily dwelling,00 Other area of fire origin,1 Intentional,UU Undetermined,,UU Undetermined,UU Undetermined,N None,1 Enclosed building,2 In normal use,1.0,,NO,,,,,1 Present,1 Smoke,2 Detector operated,"1 Detector alerted occupants, occupants responded",,N None Present,1 Wet - pipe sprinkler system,1 System operated and was effective,,1.0,5.0,Tenderloin,"-122.41619, 37.785454",2023-10-04 23:25:24,2025-06-01 02:18:08
23133753,0,231337530,19th Avenue,2023-10-04,232773758,2023-10-04 23:23:32,2023-10-04 23:27:02,2023-10-04 23:28:10,San Francisco,94122,B08,40,7421,3,10,0,0,0,0,,500.0,500.0,0,0,0,0,1,"651 Smoke scare, odor of smoke",N None,86 Investigate,86 Investigate,"00 Action taken, other",1 Detector alerted occupants,961 Highway or divided highway,00 Other area of fire origin,1 Intentional,UU Undetermined,,UU Undetermined,UU Undetermined,N None,1 Enclosed building,2 In normal use,1.0,,NO,,,,,1 Present,1 Smoke,2 Detector operated,"1 Detector alerted occupants, occupants responded",,N None Present,1 Wet - pipe sprinkler system,1 System operated and was effective,,1.0,7.0,Sunset/Parkside,"-122.476294, 37.752376",2023-10-04 23:28:10,2025-06-01 02:18:08
23133754,0,231337540,364 Eddy Street,2023-10-04,232773759,2023-10-04 23:24:17,2023-10-04 23:30:44,2023-10-04 23:43:25,San Francisco,94109,B02,3,1545,4,16,0,0,0,0,,500.0,500.0,0,0,0,0,1,"700 False alarm or false call, other",N None,86 Investigate,86 Investigate,"00 Action taken, other",1 Detector alerted occupants,429 Multifamily dwelling,00 Other area of fire origin,1 Intentional,UU Undetermined,,UU Undetermined,UU Undetermined,N None,1 Enclosed building,2 In normal use,1.0,,NO,,,,,1 Present,1 Smoke,2 Detector operated,"1 Detector alerted occupants, occupants responded",,N None Present,1 Wet - pipe sprinkler system,1 System operated and was effective,,1.0,5.0,Tenderloin,"-122.413644, 37.784092",2023-10-04 23:43:25,2025-06-01 02:18:08
23133762,0,231337620,1775 Mckinnon Avenue,2023-10-04,232773787,2023-10-04 23:37:27,2023-10-04 23:43:45,2023-10-04 23:50:45,San Francisco,94124,B10,25,6455,1,4,0,0,0,0,,500.0,500.0,0,0,0,0,1,551 Assist police or other governmental agency,N None,"70 Assistance, other",86 Investigate,"00 Action taken, other",1 Detector alerted occupants,"400 Residential, other",00 Other area of fire origin,1 Intentional,UU Undetermined,,UU Undetermined,UU Undetermined,N None,1 Enclosed building,2 In normal use,1.0,,NO,,,,,1 Present,1 Smoke,2 Detector operated,"1 Detector alerted occupants, occupants responded",,N None Present,1 Wet - pipe sprinkler system,1 System operated and was effective,,1.0,10.0,Bayview Hunters Point,"-122.392522, 37.737627",2023-10-04 23:50:45,2025-06-01 02:18:08
23133764,0,231337640,411 41st Avenue,2023-10-04,232773791,2023-10-04 23:38:31,2023-10-04 23:40:41,2023-10-05 00:11:38,San Francisco,94121,B07,34,7264,8,28,1,2,1,2,,500.0,500.0,0,0,0,0,1,"113 Cooking fire, confined to container",N None,86 Investigate,82 Notify other agencies.,"00 Action taken, other",1 Detector alerted occupants,419 1 or 2 family dwelling,00 Other area of fire origin,1 Intentional,UU Undetermined,,UU Undetermined,UU Undetermined,N None,1 Enclosed building,2 In normal use,1.0,,NO,,,,,1 Present,1 Smoke,2 Detector operated,"1 Detector alerted occupants, occupants responded",,N None Present,1 Wet - pipe sprinkler system,1 System operated and was effective,,1.0,1.0,Outer Richmond,"-122.502079, 37.78097",2023-10-05 00:11:38,2025-06-01 02:18:08
23133765,0,231337650,Fell Street,2023-10-04,232773794,2023-10-04 23:39:24,2023-10-04 23:42:53,2023-10-04 23:47:26,San Francisco,94102,B02,36,3213,2,8,2,4,0,0,,500.0,500.0,0,0,0,0,1,322 Motor vehicle accident with injuries,N None,86 Investigate,86 Investigate,"00 Action taken, other",1 Detector alerted occupants,"960 Street, other",00 Other area of fire origin,1 Intentional,UU Undetermined,,UU Undetermined,UU Undetermined,N None,1 Enclosed building,2 In normal use,1.0,,NO,,,,,1 Present,1 Smoke,2 Detector operated,"1 Detector alerted occupants, occupants responded",,N None Present,1 Wet - pipe sprinkler system,1 System operated and was effective,,1.0,5.0,Hayes Valley,"-122.421149, 37.776159",2023-10-04 23:47:26,2025-06-01 02:18:08
23133766,0,231337660,2011 28th Avenue,2023-10-04,232773798,2023-10-04 23:40:49,2023-10-04 23:45:02,2023-10-05 00:03:35,San Francisco,94116,B08,18,7516,1,4,0,0,0,0,,500.0,500.0,0,0,0,0,1,"700 False alarm or false call, other",N None,"80 Information, investigation & enforcement, other",86 Investigate,"00 Action taken, other",1 Detector alerted occupants,"000 Property Use, other",00 Other area of fire origin,1 Intentional,UU Undetermined,,UU Undetermined,UU Undetermined,N None,1 Enclosed building,2 In normal use,1.0,,NO,,,,,1 Present,1 Smoke,2 Detector operated,"1 Detector alerted occupants, occupants responded",,N None Present,1 Wet - pipe sprinkler system,1 System operated and was effective,,1.0,4.0,Sunset/Parkside,"-122.485926, 37.749835",2023-10-05 00:03:35,2025-06-01 02:18:08
23133772,0,231337720,Mission Street,2023-10-04,232773838,2023-10-04 23:54:46,2023-10-04 23:59:33,2023-10-05 00:02:36,San Francisco,94103,B02,36,5116,1,4,0,0,0,0,,500.0,500.0,0,0,0,0,1,"151 Outside rubbish, trash or waste fire",N None,11 Extinguishment by fire service personnel,86 Investigate,"00 Action taken, other",1 Detector alerted occupants,"960 Street, other",00 Other area of fire origin,1 Intentional,UU Undetermined,,UU Undetermined,UU Undetermined,N None,1 Enclosed building,2 In normal use,1.0,,NO,,,,,1 Present,1 Smoke,2 Detector operated,"1 Detector alerted occupants, occupants responded",,N None Present,1 Wet - pipe sprinkler system,1 System operated and was effective,,1.0,6.0,Mission,"-122.418618, 37.773052",2023-10-05 00:02:36,2025-06-01 02:18:08
23133774,0,231337740,1716 20th Avenue,2023-10-05,232780007,2023-10-05 00:04:19,2023-10-05 00:06:02,2023-10-05 00:11:40,San Francisco,94122,B08,40,7422,2,5,0,0,0,0,,500.0,500.0,0,0,0,0,1,"651 Smoke scare, odor of smoke",N None,86 Investigate,86 Investigate,"00 Action taken, other",1 Detector alerted occupants,961 Highway or divided highway,00 Other area of fire origin,1 Intentional,UU Undetermined,,UU Undetermined,UU Undetermined,N None,1 Enclosed building,2 In normal use,1.0,,NO,,,,,1 Present,1 Smoke,2 Detector operated,"1 Detector alerted occupants, occupants responded",,N None Present,1 Wet - pipe sprinkler system,1 System operated and was effective,,1.0,4.0,Sunset/Parkside,"-122.477568, 37.755712",2023-10-05 00:11:40,2025-06-01 02:18:08
23133779,0,231337790,125 3rd Street,2023-10-05,232780015,2023-10-05 00:08:05,2023-10-05 00:12:56,2023-10-05 00:16:12,San Francisco,94103,B03,1,2178,3,10,0,0,0,0,,500.0,500.0,0,0,0,0,1,"743 Smoke detector activation, no fire  -  unintentional",N None,86 Investigate,86 Investigate,"00 Action taken, other",1 Detector alerted occupants,"449 Hotel/motel, commercial",00 Other area of fire origin,1 Intentional,UU Undetermined,,UU Undetermined,UU Undetermined,N None,1 Enclosed building,2 In normal use,1.0,,NO,,,,,1 Present,1 Smoke,2 Detector operated,"1 Detector alerted occupants, occupants responded",,N None Present,1 Wet - pipe sprinkler system,1 System operated and was effective,,1.0,6.0,Financial District/South Beach,"-122.401562, 37.785959",2023-10-05 00:16:12,2025-06-01 02:18:08
23133786,0,231337860,420 23rd Street,2023-10-05,232780043,2023-10-05 00:20:30,2023-10-05 00:24:53,2023-10-05 01:49:17,San Francisco,94107,B10,25,2731,8,28,2,4,1,2,,500.0,500.0,0,0,0,0,1,"730 System malfunction, other",N None,63 Restore fire alarm system,86 Investigate,"00 Action taken, other",1 Detector alerted occupants,"631 Defense, military installation",00 Other area of fire origin,1 Intentional,UU Undetermined,,UU Undetermined,UU Undetermined,N None,1 Enclosed building,2 In normal use,1.0,,NO,,,,,1 Present,1 Smoke,2 Detector operated,"1 Detector alerted occupants, occupants responded",,N None Present,1 Wet - pipe sprinkler system,1 System operated and was effective,,1.0,10.0,Potrero Hill,"-122.384454, 37.755678",2023-10-05 01:49:17,2025-06-01 02:18:08
23133788,0,231337880,19th Avenue,2023-10-05,232780058,2023-10-05 00:30:21,2023-10-05 00:37:36,2023-10-05 00:37:46,San Francisco,94122,B08,22,7423,1,1,0,0,0,0,,500.0,500.0,0,0,0,0,1,"651 Smoke scare, odor of smoke",N None,86 Investigate,86 Investigate,"00 Action taken, other",1 Detector alerted occupants,961 Highway or divided highway,00 Other area of fire origin,1 Intentional,UU Undetermined,,UU Undetermined,UU Undetermined,N None,1 Enclosed building,2 In normal use,1.0,,NO,,,,,1 Present,1 Smoke,2 Detector operated,"1 Detector alerted occupants, occupants responded",,N None Present,1 Wet - pipe sprinkler system,1 System operated and was effective,,1.0,7.0,Inner Sunset,"-122.476684, 37.757968",2023-10-05 00:37:46,2025-06-01 02:18:08
23133815,0,231338150,449 9th Street,2023-10-05,232780193,2023-10-05 02:10:13,2023-10-05 02:15:29,2023-10-05 02:20:00,San Francisco,94103,B03,29,2333,3,11,0,0,0,0,,500.0,500.0,0,0,0,0,1,"711 Municipal alarm system, malicious false alarm",N None,73 Provide manpower,86 Investigate,"00 Action taken, other",1 Detector alerted occupants,429 Multifamily dwelling,00 Other area of fire origin,1 Intentional,UU Undetermined,,UU Undetermined,UU Undetermined,N None,1 Enclosed building,2 In normal use,1.0,,NO,,,,,1 Present,1 Smoke,2 Detector operated,"1 Detector alerted occupants, occupants responded",,N None Present,1 Wet - pipe sprinkler system,1 System operated and was effective,,1.0,6.0,South of Market,"-122.409303, 37.772003",2023-10-05 02:20:00,2025-06-01 02:18:08
23133826,0,231338260,125 Gilbert Street,2023-10-05,232780234,2023-10-05 02:42:47,2023-10-05 02:48:45,2023-10-05 02:55:21,San Francisco,94103,B03,8,2276,3,10,0,0,0,0,,500.0,500.0,0,0,0,0,1,"730 System malfunction, other",N None,63 Restore fire alarm system,86 Investigate,"00 Action taken, other",1 Detector alerted occupants,"400 Residential, other",00 Other area of fire origin,1 Intentional,UU Undetermined,,UU Undetermined,UU Undetermined,N None,1 Enclosed building,2 In normal use,1.0,,NO,,,,,1 Present,1 Smoke,2 Detector operated,"1 Detector alerted occupants, occupants responded",,N None Present,1 Wet - pipe sprinkler system,1 System operated and was effective,,1.0,6.0,South of Market,"-122.402395, 37.773348",2023-10-05 02:55:21,2025-06-01 02:18:08
23133828,0,231338280,134 Beverly Street,2023-10-05,232780243,2023-10-05 02:46:19,2023-10-05 02:54:07,2023-10-05 03:07:16,San Francisco,94132,B09,19,8447,1,4,0,0,0,0,,500.0,500.0,0,0,0,0,1,522 Water or steam leak,N None,64 Shut down system,86 Investigate,"00 Action taken, other",1 Detector alerted occupants,"960 Street, other",00 Other area of fire origin,1 Intentional,UU Undetermined,,UU Undetermined,UU Undetermined,N None,1 Enclosed building,2 In normal use,1.0,,NO,,,,,1 Present,1 Smoke,2 Detector operated,"1 Detector alerted occupants, occupants responded",,N None Present,1 Wet - pipe sprinkler system,1 System operated and was effective,,1.0,11.0,Oceanview/Merced/Ingleside,"-122.471552, 37.718509",2023-10-05 03:07:16,2025-06-01 02:18:08
23133829,0,231338290,1000 Blk Excelsior Avenue,2023-10-05,232780244,2023-10-05 02:47:43,2023-10-05 02:53:36,2023-10-05 04:09:46,San Francisco,94112,B09,43,6155,1,4,0,0,0,0,,500.0,500.0,0,0,0,0,1,131 Passenger vehicle fire,N None,11 Extinguishment by fire service personnel,86 Investigate,"00 Action taken, other",1 Detector alerted occupants,"960 Street, other",81 Operator/passenger area of transportation equipment,1 Intentional,11 Abandoned or discarded materials or products,,"60 Heat from other open flame or smoking materials, other","00 Item first ignited, other",N None,1 Enclosed building,2 In normal use,1.0,,NO,,,,,1 Present,1 Smoke,2 Detector operated,"1 Detector alerted occupants, occupants responded",,N None Present,1 Wet - pipe sprinkler system,1 System operated and was effective,,1.0,11.0,Excelsior,"-122.42565, 37.722435",2023-11-19 15:43:38,2025-06-01 02:18:08
23133830,0,231338300,1365 10th Avenue,2023-10-05,232780256,2023-10-05 02:57:01,2023-10-05 03:02:09,2023-10-05 03:11:16,San Francisco,94122,B08,22,7345,3,10,0,0,0,0,,500.0,500.0,0,0,0,0,1,"745 Alarm system activation, no fire  -  unintentional",N None,86 Investigate,86 Investigate,"00 Action taken, other",1 Detector alerted occupants,419 1 or 2 family dwelling,00 Other area of fire origin,1 Intentional,UU Undetermined,,UU Undetermined,UU Undetermined,N None,1 Enclosed building,2 In normal use,1.0,,NO,,,,,1 Present,1 Smoke,2 Detector operated,"1 Detector alerted occupants, occupants responded",,N None Present,1 Wet - pipe sprinkler system,1 System operated and was effective,,1.0,7.0,Inner Sunset,"-122.467386, 37.762789",2023-10-05 03:11:16,2025-06-01 02:18:08
23133837,0,231338370,2450 Market Street,2023-10-05,232780275,2023-10-05 03:19:48,2023-10-05 03:28:05,2023-10-05 03:44:20,San Francisco,94114,B05,6,5253,3,10,0,0,0,0,,500.0,500.0,0,0,0,0,1,735 Alarm system sounded due to malfunction,N None,84 Refer to proper authority,86 Investigate,"00 Action taken, other",1 Detector alerted occupants,429 Multifamily dwelling,00 Other area of fire origin,1 Intentional,UU Undetermined,,UU Undetermined,UU Undetermined,N None,1 Enclosed building,2 In normal use,1.0,,NO,,,,,1 Present,1 Smoke,2 Detector operated,"1 Detector alerted occupants, occupants responded",,N None Present,1 Wet - pipe sprinkler system,1 System operated and was effective,,1.0,8.0,Castro/Upper Market,"-122.435922, 37.762537",2023-10-05 03:44:20,2025-06-01 02:18:08
23133845,0,231338450,420 Berry Street,2023-10-05,232780327,2023-10-05 04:04:51,2023-10-05 04:14:12,2023-10-05 05:29:21,San Francisco,94107,B03,8,2262,1,4,1,2,0,0,,500.0,500.0,0,0,0,0,1,"311 Medical assist, assist EMS crew",N None,"30 Emergency medical services, other",86 Investigate,"00 Action taken, other",1 Detector alerted occupants,429 Multifamily dwelling,00 Other area of fire origin,1 Intentional,UU Undetermined,,UU Undetermined,UU Undetermined,N None,1 Enclosed building,2 In normal use,1.0,,NO,,,,,1 Present,1 Smoke,2 Detector operated,"1 Detector alerted occupants, occupants responded",,N None Present,1 Wet - pipe sprinkler system,1 System operated and was effective,,1.0,6.0,Mission Bay,"-122.398625, 37.771719",2023-10-05 05:29:21,2025-06-01 02:18:08
23133849,0,231338490,30th Street,2023-10-05,232780336,2023-10-05 04:12:26,2023-10-05 04:16:01,2023-10-05 04:21:05,San Francisco,94110,B06,32,5575,1,4,0,0,0,0,,500.0,500.0,0,0,0,0,1,"151 Outside rubbish, trash or waste fire",N None,11 Extinguishment by fire service personnel,86 Investigate,"00 Action taken, other",1 Detector alerted occupants,"962 Residential street, road or residential driveway",00 Other area of fire origin,1 Intentional,UU Undetermined,,UU Undetermined,UU Undetermined,N None,1 Enclosed building,2 In normal use,1.0,,NO,,,,,1 Present,1 Smoke,2 Detector operated,"1 Detector alerted occupants, occupants responded",,N None Present,1 Wet - pipe sprinkler system,1 System operated and was effective,,1.0,9.0,Bernal Heights,"-122.421971, 37.742375",2023-10-05 04:21:05,2025-06-01 02:18:08
23133851,0,231338510,2415 Bay Street,2023-10-05,232780341,2023-10-05 04:25:26,2023-10-05 04:31:37,2023-10-05 04:39:08,San Francisco,94123,B04,51,4315,3,10,0,0,0,0,,500.0,500.0,0,0,0,0,1,735 Alarm system sounded due to malfunction,N None,86 Investigate,86 Investigate,"00 Action taken, other",1 Detector alerted occupants,429 Multifamily dwelling,00 Other area of fire origin,1 Intentional,UU Undetermined,,UU Undetermined,UU Undetermined,N None,1 Enclosed building,2 In normal use,1.0,,NO,,,,,1 Present,1 Smoke,2 Detector operated,"1 Detector alerted occupants, occupants responded",,N None Present,1 Wet - pipe sprinkler system,1 System operated and was effective,,1.0,2.0,Marina,"-122.44683, 37.801688",2023-10-05 04:39:08,2025-06-01 02:18:08
23133852,0,231338520,1423 23rd Avenue,2023-10-05,232780349,2023-10-05 04:36:07,2023-10-05 04:40:55,2023-10-05 04:51:08,San Francisco,94122,B08,22,7447,3,10,0,0,0,0,,500.0,500.0,0,0,0,0,1,"746 Carbon monoxide detector activation, no CO",N None,86 Investigate,86 Investigate,"00 Action taken, other",1 Detector alerted occupants,419 1 or 2 family dwelling,00 Other area of fire origin,1 Intentional,UU Undetermined,,UU Undetermined,UU Undetermined,N None,1 Enclosed building,2 In normal use,1.0,,NO,,,,,1 Present,1 Smoke,2 Detector operated,"1 Detector alerted occupants, occupants responded",,N None Present,1 Wet - pipe sprinkler system,1 System operated and was effective,,1.0,4.0,Sunset/Parkside,"-122.481332, 37.761048",2023-10-05 04:51:08,2025-06-01 02:18:08
23133855,0,231338550,1105 Post Street,2023-10-05,232780365,2023-10-05 04:54:32,2023-10-05 05:00:01,2023-10-05 05:07:13,San Francisco,94109,B04,3,3161,1,5,0,0,0,0,,500.0,500.0,0,0,0,0,1,554 Assist invalid,N None,71 Assist physically disabled,86 Investigate,"00 Action taken, other",1 Detector alerted occupants,"439 Boarding/rooming house, residential hotels",00 Other area of fire origin,1 Intentional,UU Undetermined,,UU Undetermined,UU Undetermined,N None,1 Enclosed building,2 In normal use,1.0,,NO,,,,,1 Present,1 Smoke,2 Detector operated,"1 Detector alerted occupants, occupants responded",,N None Present,1 Wet - pipe sprinkler system,1 System operated and was effective,,1.0,3.0,Tenderloin,"-122.420103, 37.786618",2023-10-05 05:07:13,2025-06-01 02:18:08
23133859,0,231338590,1001 Potrero Avenue,2023-10-05,232780381,2023-10-05 05:17:25,2023-10-05 05:25:37,2023-10-05 06:19:06,San Francisco,94110,B10,37,2552,1,4,0,0,0,0,,500.0,500.0,0,0,0,0,1,512 Ring or jewelry removal,N None,45 Remove hazard,86 Investigate,"00 Action taken, other",1 Detector alerted occupants,331 Hospital  -  medical or psychiatric,00 Other area of fire origin,1 Intentional,UU Undetermined,,UU Undetermined,UU Undetermined,N None,1 Enclosed building,2 In normal use,1.0,,NO,,,,,1 Present,1 Smoke,2 Detector operated,"1 Detector alerted occupants, occupants responded",,N None Present,1 Wet - pipe sprinkler system,1 System operated and was effective,,1.0,10.0,Mission,"-122.406312, 37.75541",2023-10-05 06:19:06,2025-06-01 02:18:08
23133862,0,231338620,2225 23rd Street,2023-10-05,232780391,2023-10-05 05:23:16,2023-10-05 05:28:29,2023-10-05 05:35:51,San Francisco,94107,B10,37,2556,3,10,0,0,0,0,,500.0,500.0,0,0,0,0,1,"744 Detector activation, no fire  -  unintentional",N None,63 Restore fire alarm system,86 Investigate,"00 Action taken, other",1 Detector alerted occupants,429 Multifamily dwelling,00 Other area of fire origin,1 Intentional,UU Undetermined,,UU Undetermined,UU Undetermined,N None,1 Enclosed building,2 In normal use,1.0,,NO,,,,,1 Present,1 Smoke,2 Detector operated,"1 Detector alerted occupants, occupants responded",,N None Present,1 Wet - pipe sprinkler system,1 System operated and was effective,,1.0,10.0,Potrero Hill,"-122.401866, 37.754485",2023-10-05 05:35:51,2025-06-01 02:18:08
23133864,0,231338640,670 Natoma Street,2023-10-05,232780423,2023-10-05 05:50:29,2023-10-05 05:57:10,2023-10-05 06:00:49,San Francisco,94103,B03,1,2314,3,10,0,0,0,0,,500.0,500.0,0,0,0,0,1,"743 Smoke detector activation, no fire  -  unintentional",N None,86 Investigate,86 Investigate,"00 Action taken, other",1 Detector alerted occupants,429 Multifamily dwelling,00 Other area of fire origin,1 Intentional,UU Undetermined,,UU Undetermined,UU Undetermined,N None,1 Enclosed building,2 In normal use,1.0,,NO,,,,,1 Present,1 Smoke,2 Detector operated,"1 Detector alerted occupants, occupants responded",,N None Present,1 Wet - pipe sprinkler system,1 System operated and was effective,,1.0,6.0,South of Market,"-122.411561, 37.77723",2023-10-05 06:00:49,2025-06-01 02:18:08
23133868,0,231338680,5090 Mission Street,2023-10-05,232780439,2023-10-05 06:07:28,2023-10-05 06:15:22,2023-10-05 06:22:13,San Francisco,94112,B09,43,6175,1,5,0,0,0,0,,500.0,500.0,0,0,0,0,1,"400 Hazardous condition, other",N None,45 Remove hazard,86 Investigate,"00 Action taken, other",1 Detector alerted occupants,"449 Hotel/motel, commercial",00 Other area of fire origin,1 Intentional,UU Undetermined,,UU Undetermined,UU Undetermined,N None,1 Enclosed building,2 In normal use,1.0,,NO,,,,,1 Present,1 Smoke,2 Detector operated,"1 Detector alerted occupants, occupants responded",,N None Present,1 Wet - pipe sprinkler system,1 System operated and was effective,,1.0,11.0,Outer Mission,"-122.440901, 37.716744",2023-10-05 06:22:13,2025-06-01 02:18:08
23133872,0,231338720,555 Pine Street,2023-10-05,232780481,2023-10-05 06:33:33,2023-10-05 06:38:45,2023-10-05 06:43:17,San Francisco,94108,B01,13,1243,3,11,0,0,0,0,,500.0,500.0,0,0,0,0,1,"740 Unintentional transmission of alarm, other",N None,86 Investigate,86 Investigate,"00 Action taken, other",1 Detector alerted occupants,639 Communications center,00 Other area of fire origin,1 Intentional,UU Undetermined,,UU Undetermined,UU Undetermined,N None,1 Enclosed building,2 In normal use,1.0,,NO,,,,,1 Present,1 Smoke,2 Detector operated,"1 Detector alerted occupants, occupants responded",,N None Present,1 Wet - pipe sprinkler system,1 System operated and was effective,,1.0,3.0,Financial District/South Beach,"-122.405097, 37.791511",2023-10-05 06:43:17,2025-06-01 02:18:08
23133880,0,231338800,Fulton Street,2023-10-05,232780535,2023-10-05 07:00:40,2023-10-05 07:03:38,2023-10-05 07:13:51,San Francisco,94117,B05,21,4243,1,4,0,0,0,0,,500.0,500.0,0,0,0,0,1,"151 Outside rubbish, trash or waste fire",N None,11 Extinguishment by fire service personnel,86 Investigate,"00 Action taken, other",1 Detector alerted occupants,"960 Street, other",00 Other area of fire origin,1 Intentional,UU Undetermined,,UU Undetermined,UU Undetermined,N None,1 Enclosed building,2 In normal use,1.0,,NO,,,,,1 Present,1 Smoke,2 Detector operated,"1 Detector alerted occupants, occupants responded",,N None Present,1 Wet - pipe sprinkler system,1 System operated and was effective,,1.0,5.0,Lone Mountain/USF,"-122.441488, 37.776433",2023-10-05 07:13:51,2025-06-01 02:18:08
23133881,0,231338810,374 Bush Street,2023-10-05,232780536,2023-10-05 07:00:53,2023-10-05 07:06:33,2023-10-05 07:15:04,San Francisco,94104,B01,13,1235,3,11,0,0,0,0,,500.0,500.0,0,0,0,0,1,"740 Unintentional transmission of alarm, other",N None,63 Restore fire alarm system,86 Investigate,"00 Action taken, other",1 Detector alerted occupants,"000 Property Use, other",00 Other area of fire origin,1 Intentional,UU Undetermined,,UU Undetermined,UU Undetermined,N None,1 Enclosed building,2 In normal use,1.0,,NO,,,,,1 Present,1 Smoke,2 Detector operated,"1 Detector alerted occupants, occupants responded",,N None Present,1 Wet - pipe sprinkler system,1 System operated and was effective,,1.0,3.0,Financial District/South Beach,"-122.403463, 37.790902",2023-10-05 07:15:04,2025-06-01 02:18:08
23133883,0,231338830,1521 Pacheco Street,2023-10-05,232780561,2023-10-05 07:09:50,2023-10-05 07:13:03,2023-10-05 09:17:53,San Francisco,94116,B08,40,7432,1,4,1,2,1,1,,500.0,500.0,0,0,0,0,1,"151 Outside rubbish, trash or waste fire",N None,11 Extinguishment by fire service personnel,86 Investigate,"00 Action taken, other",1 Detector alerted occupants,"962 Residential street, road or residential driveway",00 Other area of fire origin,1 Intentional,UU Undetermined,,UU Undetermined,UU Undetermined,N None,1 Enclosed building,2 In normal use,1.0,,NO,,,,,1 Present,1 Smoke,2 Detector operated,"1 Detector alerted occupants, occupants responded",,N None Present,1 Wet - pipe sprinkler system,1 System operated and was effective,,1.0,4.0,Sunset/Parkside,"-122.476439, 37.75043",2023-12-19 15:14:35,2025-06-01 02:18:08
23133888,0,231338880,705 Natoma Street,2023-10-05,232780602,2023-10-05 07:26:18,2023-10-05 07:34:33,2023-10-05 07:45:04,San Francisco,94103,B02,1,2318,1,5,0,0,0,0,,500.0,500.0,0,0,0,0,1,554 Assist invalid,N None,71 Assist physically disabled,86 Investigate,"00 Action taken, other",1 Detector alerted occupants,"439 Boarding/rooming house, residential hotels",00 Other area of fire origin,1 Intentional,UU Undetermined,,UU Undetermined,UU Undetermined,N None,1 Enclosed building,2 In normal use,1.0,,NO,,,,,1 Present,1 Smoke,2 Detector operated,"1 Detector alerted occupants, occupants responded",,N None Present,1 Wet - pipe sprinkler system,1 System operated and was effective,,1.0,6.0,South of Market,"-122.41222, 37.776516",2023-10-05 07:45:04,2025-06-01 02:18:08
23133892,0,231338920,33 8th Street,2023-10-05,232780613,2023-10-05 07:31:11,2023-10-05 07:37:21,2023-10-05 07:45:42,San Francisco,94103,B02,36,2317,3,11,0,0,0,0,,500.0,500.0,0,0,0,0,1,733 Smoke detector activation due to malfunction,N None,86 Investigate,86 Investigate,"00 Action taken, other",1 Detector alerted occupants,"449 Hotel/motel, commercial",00 Other area of fire origin,1 Intentional,UU Undetermined,,UU Undetermined,UU Undetermined,N None,1 Enclosed building,2 In normal use,1.0,,NO,,,,,1 Present,1 Smoke,2 Detector operated,"1 Detector alerted occupants, occupants responded",,N None Present,1 Wet - pipe sprinkler system,1 System operated and was effective,,1.0,6.0,South of Market,"-122.414304, 37.778464",2023-10-05 07:45:42,2025-06-01 02:18:08
23133907,0,231339070,175 Omar Way,2023-10-05,232780709,2023-10-05 08:06:01,2023-10-05 08:18:52,2023-10-05 08:23:59,San Francisco,94127,B09,39,8662,3,11,0,0,0,0,,500.0,500.0,0,0,0,0,1,"745 Alarm system activation, no fire  -  unintentional",N None,86 Investigate,86 Investigate,"00 Action taken, other",1 Detector alerted occupants,"213 Elementary school, including kindergarten",00 Other area of fire origin,1 Intentional,UU Undetermined,,UU Undetermined,UU Undetermined,N None,1 Enclosed building,2 In normal use,1.0,,NO,,,,,1 Present,1 Smoke,2 Detector operated,"1 Detector alerted occupants, occupants responded",,N None Present,1 Wet - pipe sprinkler system,1 System operated and was effective,,1.0,7.0,West of Twin Peaks,"-122.450204, 37.739276",2023-10-05 08:23:59,2025-06-01 02:18:08
23133909,0,231339090,1855 35th Avenue,2023-10-05,232780725,2023-10-05 08:08:11,2023-10-05 08:19:26,2023-10-05 08:19:54,San Francisco,94116,B08,18,7561,1,4,0,0,0,0,,500.0,500.0,0,0,0,0,1,"311 Medical assist, assist EMS crew",N None,86 Investigate,86 Investigate,"00 Action taken, other",1 Detector alerted occupants,419 1 or 2 family dwelling,00 Other area of fire origin,1 Intentional,UU Undetermined,,UU Undetermined,UU Undetermined,N None,1 Enclosed building,2 In normal use,1.0,,NO,,,,,1 Present,1 Smoke,2 Detector operated,"1 Detector alerted occupants, occupants responded",,N None Present,1 Wet - pipe sprinkler system,1 System operated and was effective,,1.0,4.0,Sunset/Parkside,"-122.493633, 37.752455",2023-10-05 08:19:54,2025-06-01 02:18:08
23133914,0,231339140,1 Cabrillo Street,2023-10-05,232780755,2023-10-05 08:15:49,2023-10-05 08:29:29,2023-10-05 08:35:30,San Francisco,94118,B07,31,7121,1,5,0,0,0,0,,500.0,500.0,0,0,0,0,1,"500 Service Call, other",N None,71 Assist physically disabled,86 Investigate,"00 Action taken, other",1 Detector alerted occupants,419 1 or 2 family dwelling,00 Other area of fire origin,1 Intentional,UU Undetermined,,UU Undetermined,UU Undetermined,N None,1 Enclosed building,2 In normal use,1.0,,NO,,,,,1 Present,1 Smoke,2 Detector operated,"1 Detector alerted occupants, occupants responded",,N None Present,1 Wet - pipe sprinkler system,1 System operated and was effective,,1.0,1.0,Inner Richmond,"-122.458544, 37.775544",2023-10-05 08:35:30,2025-06-01 02:18:08
23133925,0,231339250,Phelps Street,2023-10-05,232780839,2023-10-05 08:44:16,2023-10-05 08:49:28,2023-10-05 08:58:41,San Francisco,94124,B10,25,6455,1,4,0,0,0,0,,500.0,500.0,0,0,0,0,1,323 Motor vehicle/pedestrian accident (MV Ped),N None,"30 Emergency medical services, other",86 Investigate,"00 Action taken, other",1 Detector alerted occupants,"960 Street, other",00 Other area of fire origin,1 Intentional,UU Undetermined,,UU Undetermined,UU Undetermined,N None,1 Enclosed building,2 In normal use,1.0,,NO,,,,,1 Present,1 Smoke,2 Detector operated,"1 Detector alerted occupants, occupants responded",,N None Present,1 Wet - pipe sprinkler system,1 System operated and was effective,,1.0,10.0,Bayview Hunters Point,"-122.392968, 37.737961",2023-10-05 08:58:41,2025-06-01 02:18:08
23133933,0,231339330,Indiana Street,2023-10-05,232780906,2023-10-05 09:04:01,2023-10-05 09:07:03,2023-10-05 10:31:57,San Francisco,94124,B10,25,2635,2,8,1,2,0,0,,500.0,500.0,0,0,0,0,1,"300 Rescue, EMS incident, other",N None,"30 Emergency medical services, other",86 Investigate,"00 Action taken, other",1 Detector alerted occupants,"000 Property Use, other",00 Other area of fire origin,1 Intentional,UU Undetermined,,UU Undetermined,UU Undetermined,N None,1 Enclosed building,2 In normal use,1.0,,NO,,,,,1 Present,1 Smoke,2 Detector operated,"1 Detector alerted occupants, occupants responded",,N None Present,1 Wet - pipe sprinkler system,1 System operated and was effective,,1.0,10.0,Bayview Hunters Point,"-122.390566, 37.75139",2023-10-05 10:31:57,2025-06-01 02:18:08
23133937,0,231339370,Saint Marys Avenue,2023-10-05,232780914,2023-10-05 09:04:57,2023-10-05 09:10:07,2023-10-05 10:15:32,San Francisco,94112,B06,32,8134,1,4,1,2,0,0,,500.0,500.0,0,0,0,0,1,322 Motor vehicle accident with injuries,N None,32 Provide basic life support (BLS),86 Investigate,"00 Action taken, other",1 Detector alerted occupants,NNN None,00 Other area of fire origin,1 Intentional,UU Undetermined,,UU Undetermined,UU Undetermined,N None,1 Enclosed building,2 In normal use,1.0,,NO,,,,,1 Present,1 Smoke,2 Detector operated,"1 Detector alerted occupants, occupants responded",,N None Present,1 Wet - pipe sprinkler system,1 System operated and was effective,,1.0,8.0,Outer Mission,"-122.428538, 37.734994",2023-10-05 10:15:32,2025-06-01 02:18:08
23133940,0,231339400,106 3rd Avenue,2023-10-05,232780939,2023-10-05 09:10:42,2023-10-05 09:12:20,2023-10-05 09:49:11,San Francisco,94118,B07,31,7115,2,10,0,0,0,0,,500.0,500.0,0,0,0,0,1,"400 Hazardous condition, other",N None,45 Remove hazard,86 Investigate,"00 Action taken, other",1 Detector alerted occupants,"962 Residential street, road or residential driveway",00 Other area of fire origin,1 Intentional,UU Undetermined,,UU Undetermined,UU Undetermined,N None,1 Enclosed building,2 In normal use,1.0,,NO,,,,,1 Present,1 Smoke,2 Detector operated,"1 Detector alerted occupants, occupants responded",,N None Present,1 Wet - pipe sprinkler system,1 System operated and was effective,,1.0,1.0,Inner Richmond,"-122.461373, 37.786655",2023-10-05 09:49:11,2025-06-01 02:18:08
23133947,0,231339470,1235 Mission Street,2023-10-05,232780992,2023-10-05 09:25:18,2023-10-05 09:29:55,2023-10-05 09:32:11,San Francisco,94103,B02,1,2318,3,11,0,0,0,0,,500.0,500.0,0,0,0,0,1,733 Smoke detector activation due to malfunction,N None,86 Investigate,86 Investigate,"00 Action taken, other",1 Detector alerted occupants,"439 Boarding/rooming house, residential hotels",00 Other area of fire origin,1 Intentional,UU Undetermined,,UU Undetermined,UU Undetermined,N None,1 Enclosed building,2 In normal use,1.0,,NO,,,,,1 Present,1 Smoke,2 Detector operated,"1 Detector alerted occupants, occupants responded",,N None Present,1 Wet - pipe sprinkler system,1 System operated and was effective,,1.0,6.0,South of Market,"-122.413687, 37.776803",2023-10-05 09:32:11,2025-06-01 02:18:08
23133951,0,231339510,1551 Ocean Avenue,2023-10-05,232781027,2023-10-05 09:35:52,2023-10-05 09:42:53,2023-10-05 09:58:58,San Francisco,94112,B09,15,8474,1,5,0,0,0,0,,500.0,500.0,0,0,0,0,1,551 Assist police or other governmental agency,N None,"70 Assistance, other",86 Investigate,"00 Action taken, other",1 Detector alerted occupants,511 Convenience store,00 Other area of fire origin,1 Intentional,UU Undetermined,,UU Undetermined,UU Undetermined,N None,1 Enclosed building,2 In normal use,1.0,,NO,,,,,1 Present,1 Smoke,2 Detector operated,"1 Detector alerted occupants, occupants responded",,N None Present,1 Wet - pipe sprinkler system,1 System operated and was effective,,1.0,11.0,Oceanview/Merced/Ingleside,"-122.458732, 37.72436",2023-10-05 09:58:58,2025-06-01 02:18:08
23133965,0,231339650,1580 Burke Avenue,2023-10-05,232781125,2023-10-05 10:07:43,2023-10-05 10:14:31,2023-10-05 10:53:10,San Francisco,94124,B10,25,6525,3,10,0,0,0,0,,500.0,500.0,0,0,0,0,1,733 Smoke detector activation due to malfunction,N None,86 Investigate,86 Investigate,"00 Action taken, other",1 Detector alerted occupants,"500 Mercantile, business, other",00 Other area of fire origin,1 Intentional,UU Undetermined,,UU Undetermined,UU Undetermined,N None,1 Enclosed building,2 In normal use,1.0,,NO,,,,,1 Present,1 Smoke,2 Detector operated,"1 Detector alerted occupants, occupants responded",,N None Present,1 Wet - pipe sprinkler system,1 System operated and was effective,,1.0,10.0,Bayview Hunters Point,"-122.386634, 37.744872",2023-10-05 10:53:10,2025-06-01 02:18:08
23133970,0,231339700,270-290 Malosi Street,2023-10-05,232781161,2023-10-05 10:18:10,2023-10-05 10:22:36,2023-10-05 10:27:28,San Francisco,94134,B09,44,6251,4,16,0,0,0,0,,500.0,500.0,0,0,0,0,1,"740 Unintentional transmission of alarm, other",N None,86 Investigate,86 Investigate,"00 Action taken, other",1 Detector alerted occupants,429 Multifamily dwelling,00 Other area of fire origin,1 Intentional,UU Undetermined,,UU Undetermined,UU Undetermined,N None,1 Enclosed building,2 In normal use,1.0,,NO,,,,,1 Present,1 Smoke,2 Detector operated,"1 Detector alerted occupants, occupants responded",,N None Present,1 Wet - pipe sprinkler system,1 System operated and was effective,,1.0,10.0,Visitacion Valley,"-122.417861, 37.711015",2023-10-05 10:27:28,2025-06-01 02:18:08
23133987,0,231339870,785 Brannan Street,2023-10-05,232781293,2023-10-05 10:48:13,2023-10-05 10:57:40,2023-10-05 11:24:35,San Francisco,94103,B03,8,2276,1,5,0,0,0,0,,500.0,500.0,0,0,0,0,1,"500 Service Call, other",N None,73 Provide manpower,86 Investigate,"00 Action taken, other",1 Detector alerted occupants,429 Multifamily dwelling,00 Other area of fire origin,1 Intentional,UU Undetermined,,UU Undetermined,UU Undetermined,N None,1 Enclosed building,2 In normal use,1.0,,NO,,,,,1 Present,1 Smoke,2 Detector operated,"1 Detector alerted occupants, occupants responded",,N None Present,1 Wet - pipe sprinkler system,1 System operated and was effective,,1.0,6.0,South of Market,"-122.402765, 37.773303",2023-10-05 11:24:35,2025-06-01 02:18:08
23134002,0,231340020,2310 Folsom Street,2023-10-05,232781389,2023-10-05 11:20:53,2023-10-05 11:20:53,2023-10-05 11:57:43,San Francisco,94110,B06,7,5499,2,5,0,0,0,0,,500.0,500.0,0,0,0,0,1,324 Motor vehicle accident with no injuries.,N None,86 Investigate,86 Investigate,"00 Action taken, other",1 Detector alerted occupants,888 Fire station,00 Other area of fire origin,1 Intentional,UU Undetermined,,UU Undetermined,UU Undetermined,N None,1 Enclosed building,2 In normal use,1.0,,NO,,,,,1 Present,1 Smoke,2 Detector operated,"1 Detector alerted occupants, occupants responded",,N None Present,1 Wet - pipe sprinkler system,1 System operated and was effective,,1.0,9.0,Mission,"-122.414895, 37.760294",2023-10-05 11:57:43,2025-06-01 02:18:08
23134004,0,231340040,Stockton Street,2023-10-05,232781397,2023-10-05 11:22:08,2023-10-05 11:26:44,2023-10-05 11:30:01,San Francisco,94133,B01,28,1334,1,4,0,0,0,0,,500.0,500.0,0,0,0,0,1,671 HazMat release investigation w/no HazMat,N None,86 Investigate,86 Investigate,"00 Action taken, other",1 Detector alerted occupants,NNN None,00 Other area of fire origin,1 Intentional,UU Undetermined,,UU Undetermined,UU Undetermined,N None,1 Enclosed building,2 In normal use,1.0,,NO,,,,,1 Present,1 Smoke,2 Detector operated,"1 Detector alerted occupants, occupants responded",,N None Present,1 Wet - pipe sprinkler system,1 System operated and was effective,,1.0,3.0,North Beach,"-122.409194, 37.800444",2023-10-05 11:30:01,2025-06-01 02:18:08
23134005,0,231340050,Oak Street,2023-10-05,232781404,2023-10-05 11:22:41,2023-10-05 11:29:43,2023-10-05 11:33:57,San Francisco,94117,B05,12,4544,1,4,0,0,0,0,,500.0,500.0,0,0,0,0,1,"700 False alarm or false call, other",N None,86 Investigate,86 Investigate,"00 Action taken, other",1 Detector alerted occupants,NNN None,00 Other area of fire origin,1 Intentional,UU Undetermined,,UU Undetermined,UU Undetermined,N None,1 Enclosed building,2 In normal use,1.0,,NO,,,,,1 Present,1 Smoke,2 Detector operated,"1 Detector alerted occupants, occupants responded",,N None Present,1 Wet - pipe sprinkler system,1 System operated and was effective,,1.0,1.0,Golden Gate Park,"-122.453981, 37.771428",2023-10-05 11:33:57,2025-06-01 02:18:08
23134006,0,231340060,840 Broadway,2023-10-05,232781407,2023-10-05 11:22:49,2023-10-05 11:27:39,2023-10-05 11:37:29,San Francisco,94133,B01,2,1353,3,11,0,0,0,0,,500.0,500.0,0,0,0,0,1,"700 False alarm or false call, other",N None,86 Investigate,86 Investigate,"00 Action taken, other",1 Detector alerted occupants,"210 Schools, non - adult, other",00 Other area of fire origin,1 Intentional,UU Undetermined,,UU Undetermined,UU Undetermined,N None,1 Enclosed building,2 In normal use,1.0,,NO,,,,,1 Present,1 Smoke,2 Detector operated,"1 Detector alerted occupants, occupants responded",,N None Present,1 Wet - pipe sprinkler system,1 System operated and was effective,,1.0,3.0,Chinatown,"-122.411048, 37.797495",2023-10-05 11:37:29,2025-06-01 02:18:08
23134011,0,231340110,1731 Powell Street,2023-10-05,232781452,2023-10-05 11:33:56,2023-10-05 11:34:00,2023-10-05 11:35:54,San Francisco,94133,B01,28,1351,1,4,0,0,0,0,,500.0,500.0,0,0,0,0,1,671 HazMat release investigation w/no HazMat,N None,86 Investigate,86 Investigate,"00 Action taken, other",1 Detector alerted occupants,NNN None,00 Other area of fire origin,1 Intentional,UU Undetermined,,UU Undetermined,UU Undetermined,N None,1 Enclosed building,2 In normal use,1.0,,NO,,,,,1 Present,1 Smoke,2 Detector operated,"1 Detector alerted occupants, occupants responded",,N None Present,1 Wet - pipe sprinkler system,1 System operated and was effective,,1.0,3.0,Chinatown,"-122.410993, 37.800582",2023-10-05 11:35:54,2025-06-01 02:18:08
23134012,0,231340120,551 Columbus Avenue,2023-10-05,232781457,2023-10-05 11:35:03,2023-10-05 11:36:02,2023-10-05 11:40:43,San Francisco,94133,B01,28,1334,1,4,0,0,0,0,,500.0,500.0,0,0,0,0,1,"900 Special type of incident, other",N None,86 Investigate,86 Investigate,"00 Action taken, other",1 Detector alerted occupants,NNN None,00 Other area of fire origin,1 Intentional,UU Undetermined,,UU Undetermined,UU Undetermined,N None,1 Enclosed building,2 In normal use,1.0,,NO,,,,,1 Present,1 Smoke,2 Detector operated,"1 Detector alerted occupants, occupants responded",,N None Present,1 Wet - pipe sprinkler system,1 System operated and was effective,,1.0,3.0,Chinatown,"-122.409681, 37.799857",2023-10-05 11:40:43,2025-06-01 02:18:08
23134016,0,231340160,2190 Powell Street,2023-10-05,232781474,2023-10-05 11:38:47,2023-10-05 11:47:15,2023-10-05 11:54:29,San Francisco,94133,B01,28,131,1,4,0,0,0,0,,500.0,500.0,0,0,0,0,1,671 HazMat release investigation w/no HazMat,N None,86 Investigate,86 Investigate,"00 Action taken, other",1 Detector alerted occupants,NNN None,00 Other area of fire origin,1 Intentional,UU Undetermined,,UU Undetermined,UU Undetermined,N None,1 Enclosed building,2 In normal use,1.0,,NO,,,,,1 Present,1 Smoke,2 Detector operated,"1 Detector alerted occupants, occupants responded",,N None Present,1 Wet - pipe sprinkler system,1 System operated and was effective,,1.0,3.0,North Beach,"-122.410969, 37.804568",2023-10-05 11:54:29,2025-06-01 02:18:08
23134021,0,231340210,90 7th Street,2023-10-05,232781496,2023-10-05 11:45:06,2023-10-05 11:50:48,2023-10-05 11:53:46,San Francisco,94103,B02,1,2315,1,4,0,0,0,0,,500.0,500.0,0,0,0,0,1,154 Dumpster or other outside trash receptacle fire,N None,11 Extinguishment by fire service personnel,86 Investigate,"00 Action taken, other",1 Detector alerted occupants,NNN None,00 Other area of fire origin,1 Intentional,UU Undetermined,,UU Undetermined,UU Undetermined,N None,1 Enclosed building,2 In normal use,1.0,,NO,,,,,1 Present,1 Smoke,2 Detector operated,"1 Detector alerted occupants, occupants responded",,N None Present,1 Wet - pipe sprinkler system,1 System operated and was effective,,1.0,6.0,South of Market,"-122.411152, 37.779304",2023-10-05 11:53:46,2025-06-01 02:18:08
23134025,0,231340250,1 Alcatraz Island,2023-10-05,232781513,2023-10-05 11:48:45,2023-10-05 11:55:22,2023-10-05 12:23:23,San Francisco,94133,B01,28,943,2,8,0,0,0,0,,500.0,500.0,0,0,0,0,1,"745 Alarm system activation, no fire  -  unintentional",N None,86 Investigate,86 Investigate,"00 Action taken, other",1 Detector alerted occupants,"900 Outside or special property, other",00 Other area of fire origin,1 Intentional,UU Undetermined,,UU Undetermined,UU Undetermined,N None,1 Enclosed building,2 In normal use,1.0,,NO,,,,,1 Present,1 Smoke,2 Detector operated,"1 Detector alerted occupants, occupants responded",,N None Present,1 Wet - pipe sprinkler system,1 System operated and was effective,,1.0,5.0,Tenderloin,"-122.421401, 37.826205",2023-10-05 12:23:23,2025-06-01 02:18:08
23134027,0,231340270,Harrison Street,2023-10-05,232781517,2023-10-05 11:49:17,2023-10-05 11:58:31,2023-10-05 12:04:20,San Francisco,94103,B02,29,5112,1,4,0,0,0,0,,500.0,500.0,0,0,0,0,1,"500 Service Call, other",N None,86 Investigate,47 Decontaminate occupancy or area,"00 Action taken, other",1 Detector alerted occupants,NNN None,00 Other area of fire origin,1 Intentional,UU Undetermined,,UU Undetermined,UU Undetermined,N None,1 Enclosed building,2 In normal use,1.0,,NO,,,,,1 Present,1 Smoke,2 Detector operated,"1 Detector alerted occupants, occupants responded",,N None Present,1 Wet - pipe sprinkler system,1 System operated and was effective,,1.0,9.0,Mission,"-122.413389, 37.769501",2023-10-05 12:04:20,2025-06-01 02:18:08
23134031,0,231340310,Alameda Street,2023-10-05,232781571,2023-10-05 12:03:49,2023-10-05 12:06:49,2023-10-05 12:11:33,San Francisco,94103,B02,29,2351,1,4,0,0,0,0,,500.0,500.0,0,0,0,0,1,552 Police matter,N None,75 Provide equipment,86 Investigate,"00 Action taken, other",1 Detector alerted occupants,"960 Street, other",00 Other area of fire origin,1 Intentional,UU Undetermined,,UU Undetermined,UU Undetermined,N None,1 Enclosed building,2 In normal use,1.0,,NO,,,,,1 Present,1 Smoke,2 Detector operated,"1 Detector alerted occupants, occupants responded",,N None Present,1 Wet - pipe sprinkler system,1 System operated and was effective,,1.0,9.0,Mission,"-122.407815, 37.768355",2023-10-05 12:11:33,2025-06-01 02:18:08
23134036,0,231340360,1201 Greenwich Street,2023-10-05,232781613,2023-10-05 12:12:17,2023-10-05 12:14:27,2023-10-05 12:21:49,San Francisco,94109,B01,28,1612,3,10,0,0,0,0,,500.0,500.0,0,0,0,0,1,"745 Alarm system activation, no fire  -  unintentional",N None,86 Investigate,86 Investigate,"00 Action taken, other",1 Detector alerted occupants,429 Multifamily dwelling,00 Other area of fire origin,1 Intentional,UU Undetermined,,UU Undetermined,UU Undetermined,N None,1 Enclosed building,2 In normal use,1.0,,NO,,,,,1 Present,1 Smoke,2 Detector operated,"1 Detector alerted occupants, occupants responded",,N None Present,1 Wet - pipe sprinkler system,1 System operated and was effective,,1.0,3.0,Russian Hill,"-122.419501, 37.800985",2023-10-05 12:21:49,2025-06-01 02:18:08
23134038,0,231340380,422 Valencia Street,2023-10-05,232781624,2023-10-05 12:16:35,2023-10-05 12:21:09,2023-10-05 12:26:37,San Francisco,94103,B02,6,5226,3,11,0,0,0,0,,500.0,500.0,0,0,0,0,1,"743 Smoke detector activation, no fire  -  unintentional",N None,63 Restore fire alarm system,86 Investigate,"00 Action taken, other",1 Detector alerted occupants,429 Multifamily dwelling,00 Other area of fire origin,1 Intentional,UU Undetermined,,UU Undetermined,UU Undetermined,N None,1 Enclosed building,2 In normal use,1.0,,NO,,,,,1 Present,1 Smoke,2 Detector operated,"1 Detector alerted occupants, occupants responded",,N None Present,1 Wet - pipe sprinkler system,1 System operated and was effective,,1.0,9.0,Mission,"-122.422095, 37.766153",2023-10-05 12:26:37,2025-06-01 02:18:08
23134041,0,231340410,424 Clay Street,2023-10-05,232781636,2023-10-05 12:20:19,2023-10-05 12:22:48,2023-10-05 12:31:29,San Francisco,94111,B01,13,1161,3,10,0,0,0,0,,500.0,500.0,0,0,0,0,1,"745 Alarm system activation, no fire  -  unintentional",N None,63 Restore fire alarm system,86 Investigate,"00 Action taken, other",1 Detector alerted occupants,429 Multifamily dwelling,00 Other area of fire origin,1 Intentional,UU Undetermined,,UU Undetermined,UU Undetermined,N None,1 Enclosed building,2 In normal use,1.0,,NO,,,,,1 Present,1 Smoke,2 Detector operated,"1 Detector alerted occupants, occupants responded",,N None Present,1 Wet - pipe sprinkler system,1 System operated and was effective,,1.0,3.0,Chinatown,"-122.400662, 37.795006",2023-10-05 12:31:29,2025-06-01 02:18:08
23134042,0,231340420,499 Jackson Street,2023-10-05,232781641,2023-10-05 12:20:53,2023-10-05 12:25:38,2023-10-05 12:35:01,San Francisco,94133,B01,13,1232,3,10,0,0,0,0,,500.0,500.0,0,0,0,0,1,"743 Smoke detector activation, no fire  -  unintentional",N None,86 Investigate,86 Investigate,"00 Action taken, other",1 Detector alerted occupants,161 Restaurant or cafeteria,00 Other area of fire origin,1 Intentional,UU Undetermined,,UU Undetermined,UU Undetermined,N None,1 Enclosed building,2 In normal use,1.0,,NO,,,,,1 Present,1 Smoke,2 Detector operated,"1 Detector alerted occupants, occupants responded",,N None Present,1 Wet - pipe sprinkler system,1 System operated and was effective,,1.0,3.0,Chinatown,"-122.403401, 37.796361",2023-10-05 12:35:01,2025-06-01 02:18:08
23134043,0,231340430,729 Leavenworth Street,2023-10-05,232781645,2023-10-05 12:22:40,2023-10-05 12:25:14,2023-10-05 12:43:03,San Francisco,94109,B04,3,1543,10,34,1,2,1,2,,500.0,500.0,0,0,0,0,1,"113 Cooking fire, confined to container",N None,86 Investigate,51 Ventilate,"00 Action taken, other",1 Detector alerted occupants,429 Multifamily dwelling,00 Other area of fire origin,1 Intentional,UU Undetermined,,UU Undetermined,UU Undetermined,N None,1 Enclosed building,2 In normal use,1.0,,NO,,,,,1 Present,1 Smoke,2 Detector operated,"1 Detector alerted occupants, occupants responded",,N None Present,1 Wet - pipe sprinkler system,1 System operated and was effective,,1.0,3.0,Nob Hill,"-122.415142, 37.787738",2023-10-05 12:43:03,2025-06-01 02:18:08
23134045,0,231340450,26th Avenue,2023-10-05,232781655,2023-10-05 12:23:58,2023-10-05 12:27:25,2023-10-05 13:23:24,San Francisco,94121,B07,14,7223,1,4,0,0,0,0,,500.0,500.0,0,0,0,0,1,"160 Special outside fire, other",N None,"10 Fire control or extinguishment, other",86 Investigate,"00 Action taken, other",1 Detector alerted occupants,931 Open land or field,00 Other area of fire origin,1 Intentional,UU Undetermined,,UU Undetermined,UU Undetermined,N None,1 Enclosed building,2 In normal use,1.0,,NO,,,,,1 Present,1 Smoke,2 Detector operated,"1 Detector alerted occupants, occupants responded",,N None Present,1 Wet - pipe sprinkler system,1 System operated and was effective,,1.0,1.0,Golden Gate Park,"-122.485263, 37.772517",2023-10-05 13:23:24,2025-06-01 02:18:08
23134047,0,231340470,4705 3rd Street,2023-10-05,232781662,2023-10-05 12:25:03,2023-10-05 12:31:14,2023-10-05 12:35:43,San Francisco,94124,B10,17,6515,3,10,0,0,0,0,,500.0,500.0,0,0,0,0,1,733 Smoke detector activation due to malfunction,N None,86 Investigate,86 Investigate,"00 Action taken, other",1 Detector alerted occupants,"120 Variable - use amusement, recreation places, other",00 Other area of fire origin,1 Intentional,UU Undetermined,,UU Undetermined,UU Undetermined,N None,1 Enclosed building,2 In normal use,1.0,,NO,,,,,1 Present,1 Smoke,2 Detector operated,"1 Detector alerted occupants, occupants responded",,N None Present,1 Wet - pipe sprinkler system,1 System operated and was effective,,1.0,10.0,Bayview Hunters Point,"-122.390369, 37.735523",2023-10-05 12:35:43,2025-06-01 02:18:08
23134050,0,231340500,1 280sb Alemany Msn Of,2023-10-05,232781690,2023-10-05 12:32:25,2023-10-05 12:35:53,2023-10-05 13:23:27,San Francisco,94124,B09,32,5681,4,14,1,1,0,0,,500.0,500.0,0,0,0,0,1,324 Motor vehicle accident with no injuries.,N None,73 Provide manpower,86 Investigate,"00 Action taken, other",1 Detector alerted occupants,NNN None,00 Other area of fire origin,1 Intentional,UU Undetermined,,UU Undetermined,UU Undetermined,N None,1 Enclosed building,2 In normal use,1.0,,NO,,,,,1 Present,1 Smoke,2 Detector operated,"1 Detector alerted occupants, occupants responded",,N None Present,1 Wet - pipe sprinkler system,1 System operated and was effective,,1.0,9.0,Portola,"-122.415548, 37.732096",2023-10-05 13:23:27,2025-06-01 02:18:08
23134052,0,231340520,350 Seneca Avenue,2023-10-05,232781692,2023-10-05 12:32:53,2023-10-05 12:38:03,2023-10-05 12:45:29,San Francisco,94112,B09,15,833,3,11,0,0,0,0,,500.0,500.0,0,0,0,0,1,"113 Cooking fire, confined to container",N None,86 Investigate,86 Investigate,"00 Action taken, other",1 Detector alerted occupants,215 High school/junior high school/middle school,00 Other area of fire origin,1 Intentional,UU Undetermined,,UU Undetermined,UU Undetermined,N None,1 Enclosed building,2 In normal use,1.0,,NO,,,,,1 Present,1 Smoke,2 Detector operated,"1 Detector alerted occupants, occupants responded",,N None Present,1 Wet - pipe sprinkler system,1 System operated and was effective,,1.0,11.0,Outer Mission,"-122.44503, 37.721371",2023-10-05 12:45:29,2025-06-01 02:18:08
23134060,0,231340600,19 Foerster Street,2023-10-05,232781757,2023-10-05 12:48:24,2023-10-05 12:51:55,2023-10-05 12:57:50,San Francisco,94112,B09,15,8232,1,4,1,2,0,0,,500.0,500.0,0,0,0,0,1,323 Motor vehicle/pedestrian accident (MV Ped),N None,"30 Emergency medical services, other",86 Investigate,"00 Action taken, other",1 Detector alerted occupants,"400 Residential, other",00 Other area of fire origin,1 Intentional,UU Undetermined,,UU Undetermined,UU Undetermined,N None,1 Enclosed building,2 In normal use,1.0,,NO,,,,,1 Present,1 Smoke,2 Detector operated,"1 Detector alerted occupants, occupants responded",,N None Present,1 Wet - pipe sprinkler system,1 System operated and was effective,,1.0,7.0,West of Twin Peaks,"-122.448932, 37.728614",2023-10-05 12:57:50,2025-06-01 02:18:08
23134066,0,231340660,1855 Clay Street,2023-10-05,232781781,2023-10-05 12:56:49,2023-10-05 13:00:27,2023-10-05 13:16:11,San Francisco,94109,B04,41,3154,3,10,0,0,0,0,,500.0,500.0,0,0,0,0,1,"745 Alarm system activation, no fire  -  unintentional",N None,86 Investigate,86 Investigate,"00 Action taken, other",1 Detector alerted occupants,429 Multifamily dwelling,00 Other area of fire origin,1 Intentional,UU Undetermined,,UU Undetermined,UU Undetermined,N None,1 Enclosed building,2 In normal use,1.0,,NO,,,,,1 Present,1 Smoke,2 Detector operated,"1 Detector alerted occupants, occupants responded",,N None Present,1 Wet - pipe sprinkler system,1 System operated and was effective,,1.0,2.0,Pacific Heights,"-122.42358, 37.791992",2023-10-05 13:16:11,2025-06-01 02:18:08
23134075,0,231340750,909 Geary Street,2023-10-05,232781817,2023-10-05 13:09:19,2023-10-05 13:12:20,2023-10-05 13:15:35,San Francisco,94109,B04,3,3116,3,11,0,0,0,0,,500.0,500.0,0,0,0,0,1,"745 Alarm system activation, no fire  -  unintentional",N None,63 Restore fire alarm system,86 Investigate,"00 Action taken, other",1 Detector alerted occupants,"439 Boarding/rooming house, residential hotels",00 Other area of fire origin,1 Intentional,UU Undetermined,,UU Undetermined,UU Undetermined,N None,1 Enclosed building,2 In normal use,1.0,,NO,,,,,1 Present,1 Smoke,2 Detector operated,"1 Detector alerted occupants, occupants responded",,N None Present,1 Wet - pipe sprinkler system,1 System operated and was effective,,1.0,5.0,Tenderloin,"-122.418287, 37.785818",2023-10-05 13:15:35,2025-06-01 02:18:08
23134077,0,231340770,3060 Pacific Avenue,2023-10-05,232781843,2023-10-05 13:16:17,2023-10-05 13:18:23,2023-10-05 13:22:01,San Francisco,94115,B04,10,4266,3,10,0,0,0,0,,500.0,500.0,0,0,0,0,1,"700 False alarm or false call, other",N None,86 Investigate,86 Investigate,"00 Action taken, other",1 Detector alerted occupants,419 1 or 2 family dwelling,00 Other area of fire origin,1 Intentional,UU Undetermined,,UU Undetermined,UU Undetermined,N None,1 Enclosed building,2 In normal use,1.0,,NO,,,,,1 Present,1 Smoke,2 Detector operated,"1 Detector alerted occupants, occupants responded",,N None Present,1 Wet - pipe sprinkler system,1 System operated and was effective,,1.0,2.0,Pacific Heights,"-122.445659, 37.792028",2023-10-05 13:22:01,2025-06-01 02:18:08
23134079,0,231340790,8300 Oceanview Tr,2023-10-05,232781847,2023-10-05 13:17:31,2023-10-05 13:22:06,2023-10-05 13:34:39,San Francisco,94132,B09,33,8412,3,11,0,0,0,0,,500.0,500.0,0,0,0,0,1,"745 Alarm system activation, no fire  -  unintentional",N None,86 Investigate,86 Investigate,"00 Action taken, other",1 Detector alerted occupants,429 Multifamily dwelling,00 Other area of fire origin,1 Intentional,UU Undetermined,,UU Undetermined,UU Undetermined,N None,1 Enclosed building,2 In normal use,1.0,,NO,,,,,1 Present,1 Smoke,2 Detector operated,"1 Detector alerted occupants, occupants responded",,N None Present,1 Wet - pipe sprinkler system,1 System operated and was effective,,1.0,7.0,Oceanview/Merced/Ingleside,"-122.467059, 37.710216",2023-10-05 13:34:39,2025-06-01 02:18:08
23134094,0,231340940,639 Geary Street,2023-10-05,232781930,2023-10-05 13:43:19,2023-10-05 13:47:57,2023-10-05 14:01:19,San Francisco,94102,B01,3,1462,3,11,0,0,0,0,,500.0,500.0,0,0,0,0,1,"744 Detector activation, no fire  -  unintentional",N None,63 Restore fire alarm system,86 Investigate,"00 Action taken, other",1 Detector alerted occupants,"439 Boarding/rooming house, residential hotels",00 Other area of fire origin,1 Intentional,UU Undetermined,,UU Undetermined,UU Undetermined,N None,1 Enclosed building,2 In normal use,1.0,,NO,,,,,1 Present,1 Smoke,2 Detector operated,"1 Detector alerted occupants, occupants responded",,N None Present,1 Wet - pipe sprinkler system,1 System operated and was effective,,1.0,5.0,Tenderloin,"-122.413815, 37.786571",2023-10-05 14:01:19,2025-06-01 02:18:08
23134101,0,231341010,2500 Arelious Walker Drive,2023-10-05,232781969,2023-10-05 13:59:34,2023-10-05 14:03:37,2023-10-05 14:12:57,San Francisco,94124,B10,17,6615,3,10,0,0,0,0,,500.0,500.0,0,0,0,0,1,733 Smoke detector activation due to malfunction,N None,86 Investigate,86 Investigate,"00 Action taken, other",1 Detector alerted occupants,429 Multifamily dwelling,00 Other area of fire origin,1 Intentional,UU Undetermined,,UU Undetermined,UU Undetermined,N None,1 Enclosed building,2 In normal use,1.0,,NO,,,,,1 Present,1 Smoke,2 Detector operated,"1 Detector alerted occupants, occupants responded",,N None Present,1 Wet - pipe sprinkler system,1 System operated and was effective,,1.0,10.0,Bayview Hunters Point,"-122.384208, 37.71965",2023-10-05 14:12:57,2025-06-01 02:18:08
23134107,0,231341070,240 Lombard Street,2023-10-05,232781998,2023-10-05 14:09:12,2023-10-05 14:13:48,2023-10-05 14:32:17,San Francisco,94111,B01,28,1224,3,10,0,0,0,0,,500.0,500.0,0,0,0,0,1,"744 Detector activation, no fire  -  unintentional",N None,63 Restore fire alarm system,86 Investigate,"00 Action taken, other",1 Detector alerted occupants,429 Multifamily dwelling,00 Other area of fire origin,1 Intentional,UU Undetermined,,UU Undetermined,UU Undetermined,N None,1 Enclosed building,2 In normal use,1.0,,NO,,,,,1 Present,1 Smoke,2 Detector operated,"1 Detector alerted occupants, occupants responded",,N None Present,1 Wet - pipe sprinkler system,1 System operated and was effective,,1.0,3.0,North Beach,"-122.405573, 37.803777",2023-10-05 14:32:17,2025-06-01 02:18:08
23134117,0,231341170,2551 18th Avenue,2023-10-05,232782033,2023-10-05 14:19:47,2023-10-05 14:30:13,2023-10-05 14:33:32,San Francisco,94116,B08,40,7415,1,5,0,0,0,0,,500.0,500.0,0,0,0,0,1,554 Assist invalid,N None,71 Assist physically disabled,86 Investigate,"00 Action taken, other",1 Detector alerted occupants,419 1 or 2 family dwelling,00 Other area of fire origin,1 Intentional,UU Undetermined,,UU Undetermined,UU Undetermined,N None,1 Enclosed building,2 In normal use,1.0,,NO,,,,,1 Present,1 Smoke,2 Detector operated,"1 Detector alerted occupants, occupants responded",,N None Present,1 Wet - pipe sprinkler system,1 System operated and was effective,,1.0,7.0,West of Twin Peaks,"-122.474513, 37.740279",2023-10-05 14:33:32,2025-06-01 02:18:08
23134119,0,231341190,125 Gilbert Street,2023-10-05,232782043,2023-10-05 14:21:51,2023-10-05 14:24:30,2023-10-05 14:27:20,San Francisco,94103,B03,8,2276,3,11,0,0,0,0,,500.0,500.0,0,0,0,0,1,"743 Smoke detector activation, no fire  -  unintentional",N None,63 Restore fire alarm system,86 Investigate,"00 Action taken, other",1 Detector alerted occupants,"439 Boarding/rooming house, residential hotels",00 Other area of fire origin,1 Intentional,UU Undetermined,,UU Undetermined,UU Undetermined,N None,1 Enclosed building,2 In normal use,1.0,,NO,,,,,1 Present,1 Smoke,2 Detector operated,"1 Detector alerted occupants, occupants responded",,N None Present,1 Wet - pipe sprinkler system,1 System operated and was effective,,1.0,6.0,South of Market,"-122.402395, 37.773348",2023-10-05 14:27:20,2025-06-01 02:18:08
23134121,0,231341210,2180 9th Avenue,2023-10-05,232782052,2023-10-05 14:23:08,2023-10-05 14:37:01,2023-10-05 15:17:15,San Francisco,94116,B08,39,8622,1,5,0,0,0,0,,500.0,500.0,0,0,0,0,1,"550 Public service assistance, other",N None,45 Remove hazard,86 Investigate,"00 Action taken, other",1 Detector alerted occupants,"960 Street, other",00 Other area of fire origin,1 Intentional,UU Undetermined,,UU Undetermined,UU Undetermined,N None,1 Enclosed building,2 In normal use,1.0,,NO,,,,,1 Present,1 Smoke,2 Detector operated,"1 Detector alerted occupants, occupants responded",,N None Present,1 Wet - pipe sprinkler system,1 System operated and was effective,,1.0,7.0,West of Twin Peaks,"-122.464849, 37.748409",2023-10-05 15:17:15,2025-06-01 02:18:08
23134128,0,231341280,1020 Bush Street,2023-10-05,232782080,2023-10-05 14:29:09,2023-10-05 14:31:41,2023-10-05 14:43:33,San Francisco,94109,B01,41,1542,3,10,0,0,0,0,,500.0,500.0,0,0,0,0,1,"745 Alarm system activation, no fire  -  unintentional",N None,86 Investigate,86 Investigate,"00 Action taken, other",1 Detector alerted occupants,429 Multifamily dwelling,00 Other area of fire origin,1 Intentional,UU Undetermined,,UU Undetermined,UU Undetermined,N None,1 Enclosed building,2 In normal use,1.0,,NO,,,,,1 Present,1 Smoke,2 Detector operated,"1 Detector alerted occupants, occupants responded",,N None Present,1 Wet - pipe sprinkler system,1 System operated and was effective,,1.0,3.0,Nob Hill,"-122.414131, 37.789547",2023-10-05 14:43:33,2025-06-01 02:18:08
23134137,0,231341370,2900 Broadway,2023-10-05,232782123,2023-10-05 14:41:36,2023-10-05 14:46:18,2023-10-05 14:48:43,San Francisco,94123,B04,10,4333,4,11,0,0,0,0,,500.0,500.0,0,0,0,0,1,"700 False alarm or false call, other",N None,86 Investigate,86 Investigate,"00 Action taken, other",1 Detector alerted occupants,419 1 or 2 family dwelling,00 Other area of fire origin,1 Intentional,UU Undetermined,,UU Undetermined,UU Undetermined,N None,1 Enclosed building,2 In normal use,1.0,,NO,,,,,1 Present,1 Smoke,2 Detector operated,"1 Detector alerted occupants, occupants responded",,N None Present,1 Wet - pipe sprinkler system,1 System operated and was effective,,1.0,2.0,Pacific Heights,"-122.444943, 37.79307",2023-10-05 14:48:43,2025-06-01 02:18:08
23134142,0,231341420,1538 Filbert Street,2023-10-05,232782136,2023-10-05 14:47:01,2023-10-05 14:50:37,2023-10-05 14:57:52,San Francisco,94123,B04,16,3234,4,12,0,0,0,0,,500.0,500.0,0,0,0,0,1,"745 Alarm system activation, no fire  -  unintentional",N None,86 Investigate,86 Investigate,"00 Action taken, other",1 Detector alerted occupants,429 Multifamily dwelling,00 Other area of fire origin,1 Intentional,UU Undetermined,,UU Undetermined,UU Undetermined,N None,1 Enclosed building,2 In normal use,1.0,,NO,,,,,1 Present,1 Smoke,2 Detector operated,"1 Detector alerted occupants, occupants responded",,N None Present,1 Wet - pipe sprinkler system,1 System operated and was effective,,1.0,2.0,Marina,"-122.424842, 37.799468",2023-10-05 14:57:52,2025-06-01 02:18:08
23134143,0,231341430,"1223 Mariner Dr, Ti",2023-10-05,232782141,2023-10-05 14:48:27,2023-10-05 14:52:53,2023-10-05 15:17:09,Treasure Isla,94130,B03,48,2931,2,9,0,0,0,0,,500.0,500.0,0,0,0,0,1,522 Water or steam leak,N None,"70 Assistance, other",86 Investigate,"00 Action taken, other",1 Detector alerted occupants,NNN None,00 Other area of fire origin,1 Intentional,UU Undetermined,,UU Undetermined,UU Undetermined,N None,1 Enclosed building,2 In normal use,1.0,,NO,,,,,1 Present,1 Smoke,2 Detector operated,"1 Detector alerted occupants, occupants responded",,N None Present,1 Wet - pipe sprinkler system,1 System operated and was effective,,1.0,6.0,Treasure Island,"-122.373276, 37.829295",2023-10-05 15:17:09,2025-06-01 02:18:08
23134144,0,231341440,Church Street,2023-10-05,232782145,2023-10-05 14:49:16,2023-10-05 14:52:17,2023-10-05 14:55:53,San Francisco,94131,B06,11,5547,1,5,0,0,0,0,,500.0,500.0,0,0,0,0,1,553 Public service,N None,75 Provide equipment,86 Investigate,"00 Action taken, other",1 Detector alerted occupants,419 1 or 2 family dwelling,00 Other area of fire origin,1 Intentional,UU Undetermined,,UU Undetermined,UU Undetermined,N None,1 Enclosed building,2 In normal use,1.0,,NO,,,,,1 Present,1 Smoke,2 Detector operated,"1 Detector alerted occupants, occupants responded",,N None Present,1 Wet - pipe sprinkler system,1 System operated and was effective,,1.0,8.0,Noe Valley,"-122.4272, 37.749297",2023-10-05 14:55:53,2025-06-01 02:18:08
23134147,0,231341470,735 7th Avenue,2023-10-05,232782156,2023-10-05 14:51:57,2023-10-05 14:57:56,2023-10-05 15:21:16,San Francisco,94118,B07,31,7132,3,10,2,3,0,0,,500.0,500.0,0,0,0,0,1,531 Smoke or odor removal,N None,86 Investigate,86 Investigate,"00 Action taken, other",1 Detector alerted occupants,"519 Food and beverage sales, grocery store",00 Other area of fire origin,1 Intentional,UU Undetermined,,UU Undetermined,UU Undetermined,N None,1 Enclosed building,2 In normal use,1.0,,NO,,,,,1 Present,1 Smoke,2 Detector operated,"1 Detector alerted occupants, occupants responded",,N None Present,1 Wet - pipe sprinkler system,1 System operated and was effective,,1.0,1.0,Inner Richmond,"-122.464966, 37.774664",2023-10-05 15:21:16,2025-06-01 02:18:08
23134151,0,231341510,Bryant Street,2023-10-05,232782174,2023-10-05 14:57:46,2023-10-05 15:03:59,2023-10-05 15:28:45,San Francisco,94107,B03,8,2152,2,8,0,0,0,0,,500.0,500.0,0,0,0,0,1,"600 Good intent call, other",N None,"70 Assistance, other",86 Investigate,"00 Action taken, other",1 Detector alerted occupants,NNN None,00 Other area of fire origin,1 Intentional,UU Undetermined,,UU Undetermined,UU Undetermined,N None,1 Enclosed building,2 In normal use,1.0,,NO,,,,,1 Present,1 Smoke,2 Detector operated,"1 Detector alerted occupants, occupants responded",,N None Present,1 Wet - pipe sprinkler system,1 System operated and was effective,,1.0,6.0,Financial District/South Beach,"-122.393623, 37.783079",2023-10-05 15:28:45,2025-06-01 02:18:08
23134153,0,231341530,840 Powell Street,2023-10-05,232782185,2023-10-05 14:59:14,2023-10-05 15:04:32,2023-10-05 15:08:17,San Francisco,94108,B01,2,1356,3,10,0,0,0,0,,500.0,500.0,0,0,0,0,1,"745 Alarm system activation, no fire  -  unintentional",N None,86 Investigate,86 Investigate,"00 Action taken, other",1 Detector alerted occupants,429 Multifamily dwelling,00 Other area of fire origin,1 Intentional,UU Undetermined,,UU Undetermined,UU Undetermined,N None,1 Enclosed building,2 In normal use,1.0,,NO,,,,,1 Present,1 Smoke,2 Detector operated,"1 Detector alerted occupants, occupants responded",,N None Present,1 Wet - pipe sprinkler system,1 System operated and was effective,,1.0,3.0,Chinatown,"-122.40917, 37.792445",2023-10-05 15:08:17,2025-06-01 02:18:08
23134155,0,231341550,1379 Hampshire Street,2023-10-05,232782200,2023-10-05 15:03:42,2023-10-05 15:08:54,2023-10-05 15:13:18,San Francisco,94110,B06,9,5616,1,4,0,0,0,0,,500.0,500.0,0,0,0,0,1,444 Power line down,N None,86 Investigate,86 Investigate,"00 Action taken, other",1 Detector alerted occupants,"962 Residential street, road or residential driveway",00 Other area of fire origin,1 Intentional,UU Undetermined,,UU Undetermined,UU Undetermined,N None,1 Enclosed building,2 In normal use,1.0,,NO,,,,,1 Present,1 Smoke,2 Detector operated,"1 Detector alerted occupants, occupants responded",,N None Present,1 Wet - pipe sprinkler system,1 System operated and was effective,,1.0,9.0,Mission,"-122.406963, 37.750364",2023-10-05 15:13:18,2025-06-01 02:18:08
23134158,0,231341580,1340 Golden Gate Avenue,2023-10-05,232782241,2023-10-05 15:15:30,2023-10-05 15:19:06,2023-10-05 15:39:54,San Francisco,94115,B05,5,3625,1,4,0,0,0,0,,500.0,500.0,0,0,0,0,1,"311 Medical assist, assist EMS crew",N None,"70 Assistance, other",86 Investigate,"00 Action taken, other",1 Detector alerted occupants,UUU Undetermined,00 Other area of fire origin,1 Intentional,UU Undetermined,,UU Undetermined,UU Undetermined,N None,1 Enclosed building,2 In normal use,1.0,,NO,,,,,1 Present,1 Smoke,2 Detector operated,"1 Detector alerted occupants, occupants responded",,N None Present,1 Wet - pipe sprinkler system,1 System operated and was effective,,1.0,5.0,Western Addition,"-122.432653, 37.779545",2023-10-05 15:39:54,2025-06-01 02:18:08
23134179,0,231341790,1401 Howard Street,2023-10-05,232782411,2023-10-05 15:55:48,2023-10-05 16:03:41,2023-10-05 16:12:19,San Francisco,94103,B02,36,5114,1,5,0,0,0,0,,500.0,500.0,0,0,0,0,1,353 Removal of victim(s) from stalled elevator,N None,86 Investigate,86 Investigate,"00 Action taken, other",1 Detector alerted occupants,429 Multifamily dwelling,00 Other area of fire origin,1 Intentional,UU Undetermined,,UU Undetermined,UU Undetermined,N None,1 Enclosed building,2 In normal use,1.0,,NO,,,,,1 Present,1 Smoke,2 Detector operated,"1 Detector alerted occupants, occupants responded",,N None Present,1 Wet - pipe sprinkler system,1 System operated and was effective,,1.0,6.0,South of Market,"-122.414371, 37.773945",2023-10-05 16:12:19,2025-06-01 02:18:08
23134181,0,231341810,333 Taylor Street,2023-10-05,232782423,2023-10-05 15:58:00,2023-10-05 16:10:02,2023-10-05 16:13:55,San Francisco,94102,B01,3,1452,1,5,0,0,0,0,,500.0,500.0,0,0,0,0,1,554 Assist invalid,N None,71 Assist physically disabled,86 Investigate,"00 Action taken, other",1 Detector alerted occupants,429 Multifamily dwelling,00 Other area of fire origin,1 Intentional,UU Undetermined,,UU Undetermined,UU Undetermined,N None,1 Enclosed building,2 In normal use,1.0,,NO,,,,,1 Present,1 Smoke,2 Detector operated,"1 Detector alerted occupants, occupants responded",,N None Present,1 Wet - pipe sprinkler system,1 System operated and was effective,,1.0,5.0,Tenderloin,"-122.411387, 37.78543",2023-10-05 16:13:55,2025-06-01 02:18:08
23134183,0,231341830,1071 Vallejo Street,2023-10-05,232782433,2023-10-05 16:00:38,2023-10-05 16:07:28,2023-10-05 16:13:20,San Francisco,94109,B01,2,1512,3,10,0,0,0,0,,500.0,500.0,0,0,0,0,1,"745 Alarm system activation, no fire  -  unintentional",N None,86 Investigate,86 Investigate,"00 Action taken, other",1 Detector alerted occupants,419 1 or 2 family dwelling,00 Other area of fire origin,1 Intentional,UU Undetermined,,UU Undetermined,UU Undetermined,N None,1 Enclosed building,2 In normal use,1.0,,NO,,,,,1 Present,1 Smoke,2 Detector operated,"1 Detector alerted occupants, occupants responded",,N None Present,1 Wet - pipe sprinkler system,1 System operated and was effective,,1.0,3.0,Nob Hill,"-122.414885, 37.797744",2023-10-05 16:13:20,2025-06-01 02:18:08
23134210,0,231342100,373 Ellis Street,2023-10-05,232782750,2023-10-05 17:08:38,2023-10-05 17:13:56,2023-10-05 17:23:15,San Francisco,94102,B03,3,1461,3,11,0,0,0,0,,500.0,500.0,0,0,0,0,1,"743 Smoke detector activation, no fire  -  unintentional",N None,63 Restore fire alarm system,86 Investigate,"00 Action taken, other",1 Detector alerted occupants,"439 Boarding/rooming house, residential hotels",00 Other area of fire origin,1 Intentional,UU Undetermined,,UU Undetermined,UU Undetermined,N None,1 Enclosed building,2 In normal use,1.0,,NO,,,,,1 Present,1 Smoke,2 Detector operated,"1 Detector alerted occupants, occupants responded",,N None Present,1 Wet - pipe sprinkler system,1 System operated and was effective,,1.0,5.0,Tenderloin,"-122.412295, 37.784858",2023-10-05 17:23:15,2025-06-01 02:18:08
23134219,0,231342190,125 Cambon Drive,2023-10-05,232782792,2023-10-05 17:16:52,2023-10-05 17:22:56,2023-10-05 17:30:16,San Francisco,94132,B08,19,8428,3,10,0,0,0,0,,500.0,500.0,0,0,0,0,1,733 Smoke detector activation due to malfunction,N None,86 Investigate,86 Investigate,"00 Action taken, other",1 Detector alerted occupants,429 Multifamily dwelling,00 Other area of fire origin,1 Intentional,UU Undetermined,,UU Undetermined,UU Undetermined,N None,1 Enclosed building,2 In normal use,1.0,,NO,,,,,1 Present,1 Smoke,2 Detector operated,"1 Detector alerted occupants, occupants responded",,N None Present,1 Wet - pipe sprinkler system,1 System operated and was effective,,1.0,7.0,Lakeshore,"-122.47418, 37.716828",2023-10-05 17:30:16,2025-06-01 02:18:08
23134222,0,231342220,1420 Turk Street,2023-10-05,232782814,2023-10-05 17:23:46,2023-10-05 17:26:07,2023-10-05 17:33:48,San Francisco,94115,B05,5,3535,3,10,0,0,0,0,,500.0,500.0,0,0,0,0,1,"700 False alarm or false call, other",N None,86 Investigate,86 Investigate,"00 Action taken, other",1 Detector alerted occupants,429 Multifamily dwelling,00 Other area of fire origin,1 Intentional,UU Undetermined,,UU Undetermined,UU Undetermined,N None,1 Enclosed building,2 In normal use,1.0,,NO,,,,,1 Present,1 Smoke,2 Detector operated,"1 Detector alerted occupants, occupants responded",,N None Present,1 Wet - pipe sprinkler system,1 System operated and was effective,,1.0,5.0,Western Addition,"-122.432542, 37.780514",2023-10-05 17:33:48,2025-06-01 02:18:08
23134225,0,231342250,401 Bay Street,2023-10-05,232782832,2023-10-05 17:28:18,2023-10-05 17:31:24,2023-10-05 17:36:53,San Francisco,94133,B01,28,1425,1,4,0,0,0,0,,500.0,500.0,0,0,0,0,1,"150 Outside rubbish fire, other",N None,11 Extinguishment by fire service personnel,86 Investigate,"00 Action taken, other",1 Detector alerted occupants,NNN None,00 Other area of fire origin,1 Intentional,UU Undetermined,,UU Undetermined,UU Undetermined,N None,1 Enclosed building,2 In normal use,1.0,,NO,,,,,1 Present,1 Smoke,2 Detector operated,"1 Detector alerted occupants, occupants responded",,N None Present,1 Wet - pipe sprinkler system,1 System operated and was effective,,1.0,3.0,North Beach,"-122.413884, 37.805431",2023-10-05 17:36:53,2025-06-01 02:18:08
23134244,0,231342440,Steiner Street,2023-10-05,232782946,2023-10-05 17:52:20,2023-10-05 17:55:40,2023-10-05 18:49:26,San Francisco,94115,B05,5,3624,1,4,1,2,0,0,,500.0,500.0,0,0,0,0,1,322 Motor vehicle accident with injuries,N None,31 Provide first aid & check for injuries,86 Investigate,"00 Action taken, other",1 Detector alerted occupants,"900 Outside or special property, other",00 Other area of fire origin,1 Intentional,UU Undetermined,,UU Undetermined,UU Undetermined,N None,1 Enclosed building,2 In normal use,1.0,,NO,,,,,1 Present,1 Smoke,2 Detector operated,"1 Detector alerted occupants, occupants responded",,N None Present,1 Wet - pipe sprinkler system,1 System operated and was effective,,1.0,5.0,Western Addition,"-122.433975, 37.781218",2023-10-05 18:49:26,2025-06-01 02:18:08
23134251,0,231342510,4th Street,2023-10-05,232783015,2023-10-05 18:04:54,2023-10-05 18:09:41,2023-10-05 18:13:36,San Francisco,94103,B03,1,2212,1,4,0,0,0,0,,500.0,500.0,0,0,0,0,1,"151 Outside rubbish, trash or waste fire",N None,"10 Fire control or extinguishment, other",86 Investigate,"00 Action taken, other",1 Detector alerted occupants,"900 Outside or special property, other",00 Other area of fire origin,1 Intentional,UU Undetermined,,UU Undetermined,UU Undetermined,N None,1 Enclosed building,2 In normal use,1.0,,NO,,,,,1 Present,1 Smoke,2 Detector operated,"1 Detector alerted occupants, occupants responded",,N None Present,1 Wet - pipe sprinkler system,1 System operated and was effective,,1.0,6.0,Financial District/South Beach,"-122.405833, 37.785745",2023-10-05 18:13:36,2025-06-01 02:18:08
23134253,0,231342530,25th Street,2023-10-05,232783036,2023-10-05 18:12:10,2023-10-05 18:15:07,2023-10-05 19:20:35,San Francisco,94110,B06,11,5534,2,9,1,2,0,0,,500.0,500.0,0,0,0,0,1,"311 Medical assist, assist EMS crew",N None,31 Provide first aid & check for injuries,86 Investigate,"00 Action taken, other",1 Detector alerted occupants,963 Street or road in commercial area,00 Other area of fire origin,1 Intentional,UU Undetermined,,UU Undetermined,UU Undetermined,N None,1 Enclosed building,2 In normal use,1.0,,NO,,,,,1 Present,1 Smoke,2 Detector operated,"1 Detector alerted occupants, occupants responded",,N None Present,1 Wet - pipe sprinkler system,1 System operated and was effective,,1.0,9.0,Mission,"-122.417201, 37.750704",2023-10-05 19:20:35,2025-06-01 02:18:08
23134254,0,231342540,25th Street,2023-10-05,232783044,2023-10-05 18:13:42,2023-10-05 18:18:23,2023-10-05 18:21:52,San Francisco,94110,B06,11,5534,2,9,1,2,0,0,,500.0,500.0,0,0,0,0,1,"311 Medical assist, assist EMS crew",N None,31 Provide first aid & check for injuries,86 Investigate,"00 Action taken, other",1 Detector alerted occupants,963 Street or road in commercial area,00 Other area of fire origin,1 Intentional,UU Undetermined,,UU Undetermined,UU Undetermined,N None,1 Enclosed building,2 In normal use,1.0,,NO,,,,,1 Present,1 Smoke,2 Detector operated,"1 Detector alerted occupants, occupants responded",,N None Present,1 Wet - pipe sprinkler system,1 System operated and was effective,,1.0,9.0,Mission,"-122.418289, 37.75064",2023-10-05 18:21:52,2025-06-01 02:18:08
23134255,0,231342550,Minnesota Street,2023-10-05,232783049,2023-10-05 18:14:43,2023-10-05 18:18:44,2023-10-05 19:53:57,San Francisco,94107,B03,4,2465,2,8,1,2,0,0,,500.0,500.0,0,0,0,0,1,322 Motor vehicle accident with injuries,N None,31 Provide first aid & check for injuries,86 Investigate,"00 Action taken, other",1 Detector alerted occupants,NNN None,00 Other area of fire origin,1 Intentional,UU Undetermined,,UU Undetermined,UU Undetermined,N None,1 Enclosed building,2 In normal use,1.0,,NO,,,,,1 Present,1 Smoke,2 Detector operated,"1 Detector alerted occupants, occupants responded",,N None Present,1 Wet - pipe sprinkler system,1 System operated and was effective,,1.0,6.0,Potrero Hill,"-122.39082, 37.764201",2023-10-05 19:53:57,2025-06-01 02:18:08
23134258,0,231342580,247 Lee Avenue,2023-10-05,232783073,2023-10-05 18:19:43,2023-10-05 18:19:43,2023-10-05 18:54:40,San Francisco,94112,B09,15,8472,1,5,0,0,0,0,,500.0,500.0,0,0,0,0,1,553 Public service,N None,86 Investigate,86 Investigate,"00 Action taken, other",1 Detector alerted occupants,419 1 or 2 family dwelling,00 Other area of fire origin,1 Intentional,UU Undetermined,,UU Undetermined,UU Undetermined,N None,1 Enclosed building,2 In normal use,1.0,,NO,,,,,1 Present,1 Smoke,2 Detector operated,"1 Detector alerted occupants, occupants responded",,N None Present,1 Wet - pipe sprinkler system,1 System operated and was effective,,1.0,11.0,Oceanview/Merced/Ingleside,"-122.454196, 37.722609",2023-10-05 18:54:40,2025-06-01 02:18:08
23134261,0,231342610,363 Noe Street,2023-10-05,232783118,2023-10-05 18:31:55,2023-10-05 18:34:51,2023-10-05 18:42:28,San Francisco,94114,B05,6,5252,3,11,0,0,0,0,,500.0,500.0,0,0,0,0,1,"744 Detector activation, no fire  -  unintentional",N None,63 Restore fire alarm system,86 Investigate,"00 Action taken, other",1 Detector alerted occupants,429 Multifamily dwelling,00 Other area of fire origin,1 Intentional,UU Undetermined,,UU Undetermined,UU Undetermined,N None,1 Enclosed building,2 In normal use,1.0,,NO,,,,,1 Present,1 Smoke,2 Detector operated,"1 Detector alerted occupants, occupants responded",,N None Present,1 Wet - pipe sprinkler system,1 System operated and was effective,,1.0,8.0,Castro/Upper Market,"-122.432911, 37.76322",2023-10-05 18:42:28,2025-06-01 02:18:08
23134262,0,231342620,1876 15th Street,2023-10-05,232783120,2023-10-05 18:32:27,2023-10-05 18:38:00,2023-10-05 19:04:46,San Francisco,94114,B02,6,5227,3,10,0,0,0,0,,500.0,500.0,0,0,0,0,1,"746 Carbon monoxide detector activation, no CO",N None,64 Shut down system,86 Investigate,"00 Action taken, other",1 Detector alerted occupants,429 Multifamily dwelling,00 Other area of fire origin,1 Intentional,UU Undetermined,,UU Undetermined,UU Undetermined,N None,1 Enclosed building,2 In normal use,1.0,,NO,,,,,1 Present,1 Smoke,2 Detector operated,"1 Detector alerted occupants, occupants responded",,N None Present,1 Wet - pipe sprinkler system,1 System operated and was effective,,1.0,8.0,Mission,"-122.426019, 37.766369",2023-10-05 19:04:46,2025-06-01 02:18:08
23134264,0,231342640,1200 Fulton Street,2023-10-05,232783129,2023-10-05 18:34:28,2023-10-05 18:42:25,2023-10-05 20:10:00,San Francisco,94117,B05,21,4135,1,5,1,2,0,0,,500.0,500.0,0,0,0,0,1,554 Assist invalid,N None,73 Provide manpower,86 Investigate,"00 Action taken, other",1 Detector alerted occupants,429 Multifamily dwelling,00 Other area of fire origin,1 Intentional,UU Undetermined,,UU Undetermined,UU Undetermined,N None,1 Enclosed building,2 In normal use,1.0,,NO,,,,,1 Present,1 Smoke,2 Detector operated,"1 Detector alerted occupants, occupants responded",,N None Present,1 Wet - pipe sprinkler system,1 System operated and was effective,,1.0,5.0,Western Addition,"-122.436606, 37.777125",2023-10-05 20:10:00,2025-06-01 02:18:08
23134267,0,231342670,642 Wisconsin Street,2023-10-05,232783152,2023-10-05 18:39:48,2023-10-05 18:48:18,2023-10-05 19:01:57,San Francisco,94107,B10,37,2521,1,5,0,0,0,0,,500.0,500.0,0,0,0,0,1,552 Police matter,N None,75 Provide equipment,86 Investigate,"00 Action taken, other",1 Detector alerted occupants,419 1 or 2 family dwelling,00 Other area of fire origin,1 Intentional,UU Undetermined,,UU Undetermined,UU Undetermined,N None,1 Enclosed building,2 In normal use,1.0,,NO,,,,,1 Present,1 Smoke,2 Detector operated,"1 Detector alerted occupants, occupants responded",,N None Present,1 Wet - pipe sprinkler system,1 System operated and was effective,,1.0,10.0,Potrero Hill,"-122.399214, 37.759264",2023-10-05 19:01:57,2025-06-01 02:18:08
23134274,0,231342740,508 Edna Street,2023-10-05,232783234,2023-10-05 19:03:36,2023-10-05 19:09:08,2023-10-05 19:13:56,San Francisco,94112,B09,15,8231,1,5,0,0,0,0,,500.0,500.0,0,0,0,0,1,554 Assist invalid,N None,73 Provide manpower,86 Investigate,"00 Action taken, other",1 Detector alerted occupants,419 1 or 2 family dwelling,00 Other area of fire origin,1 Intentional,UU Undetermined,,UU Undetermined,UU Undetermined,N None,1 Enclosed building,2 In normal use,1.0,,NO,,,,,1 Present,1 Smoke,2 Detector operated,"1 Detector alerted occupants, occupants responded",,N None Present,1 Wet - pipe sprinkler system,1 System operated and was effective,,1.0,7.0,West of Twin Peaks,"-122.446489, 37.730825",2023-10-05 19:13:56,2025-06-01 02:18:08
23134276,0,231342760,Noe Street,2023-10-05,232783240,2023-10-05 19:05:39,2023-10-05 19:09:09,2023-10-05 19:56:36,San Francisco,94114,B05,6,5252,1,4,1,2,0,0,,500.0,500.0,0,0,0,0,1,322 Motor vehicle accident with injuries,N None,"30 Emergency medical services, other",86 Investigate,"00 Action taken, other",1 Detector alerted occupants,963 Street or road in commercial area,00 Other area of fire origin,1 Intentional,UU Undetermined,,UU Undetermined,UU Undetermined,N None,1 Enclosed building,2 In normal use,1.0,,NO,,,,,1 Present,1 Smoke,2 Detector operated,"1 Detector alerted occupants, occupants responded",,N None Present,1 Wet - pipe sprinkler system,1 System operated and was effective,,1.0,8.0,Castro/Upper Market,"-122.433075, 37.764193",2023-10-05 19:56:36,2025-06-01 02:18:08
23134281,0,231342810,Greenwich Street,2023-10-05,232783270,2023-10-05 19:13:20,2023-10-05 19:16:21,2023-10-05 19:34:26,San Francisco,94133,B01,28,1423,1,4,1,2,0,0,,500.0,500.0,0,0,0,0,1,323 Motor vehicle/pedestrian accident (MV Ped),N None,32 Provide basic life support (BLS),86 Investigate,"00 Action taken, other",1 Detector alerted occupants,NNN None,00 Other area of fire origin,1 Intentional,UU Undetermined,,UU Undetermined,UU Undetermined,N None,1 Enclosed building,2 In normal use,1.0,,NO,,,,,1 Present,1 Smoke,2 Detector operated,"1 Detector alerted occupants, occupants responded",,N None Present,1 Wet - pipe sprinkler system,1 System operated and was effective,,1.0,3.0,Chinatown,"-122.412546, 37.80193",2023-10-05 19:34:26,2025-06-01 02:18:08
23134282,0,231342820,Harriet Street,2023-10-05,232783280,2023-10-05 19:17:14,2023-10-05 19:22:29,2023-10-05 19:54:37,San Francisco,94103,B03,8,2255,1,4,1,2,0,0,,500.0,500.0,0,0,0,0,1,"500 Service Call, other",N None,"70 Assistance, other",86 Investigate,"00 Action taken, other",1 Detector alerted occupants,NNN None,00 Other area of fire origin,1 Intentional,UU Undetermined,,UU Undetermined,UU Undetermined,N None,1 Enclosed building,2 In normal use,1.0,,NO,,,,,1 Present,1 Smoke,2 Detector operated,"1 Detector alerted occupants, occupants responded",,N None Present,1 Wet - pipe sprinkler system,1 System operated and was effective,,1.0,6.0,South of Market,"-122.40308, 37.775603",2023-10-05 19:54:37,2025-06-01 02:18:08
23134286,0,231342860,630 Valencia Street,2023-10-05,232783327,2023-10-05 19:26:28,2023-10-05 19:31:49,2023-10-05 19:35:10,San Francisco,94110,B02,7,5247,1,4,0,0,0,0,,500.0,500.0,0,0,0,0,1,322 Motor vehicle accident with injuries,N None,86 Investigate,31 Provide first aid & check for injuries,"00 Action taken, other",1 Detector alerted occupants,365 Police station,00 Other area of fire origin,1 Intentional,UU Undetermined,,UU Undetermined,UU Undetermined,N None,1 Enclosed building,2 In normal use,1.0,,NO,,,,,1 Present,1 Smoke,2 Detector operated,"1 Detector alerted occupants, occupants responded",,N None Present,1 Wet - pipe sprinkler system,1 System operated and was effective,,1.0,9.0,Mission,"-122.422005, 37.762849",2023-10-05 19:35:10,2025-06-01 02:18:08
23134290,0,231342900,8th Avenue,2023-10-05,232783344,2023-10-05 19:31:48,2023-10-05 19:33:19,2023-10-05 20:05:11,San Francisco,94122,B08,22,7333,1,4,2,4,0,0,,500.0,500.0,0,0,0,0,1,324 Motor vehicle accident with no injuries.,N None,31 Provide first aid & check for injuries,86 Investigate,"00 Action taken, other",1 Detector alerted occupants,NNN None,00 Other area of fire origin,1 Intentional,UU Undetermined,,UU Undetermined,UU Undetermined,N None,1 Enclosed building,2 In normal use,1.0,,NO,,,,,1 Present,1 Smoke,2 Detector operated,"1 Detector alerted occupants, occupants responded",,N None Present,1 Wet - pipe sprinkler system,1 System operated and was effective,,1.0,7.0,Inner Sunset,"-122.465378, 37.76597",2023-10-05 20:05:11,2025-06-01 02:18:08
23134291,0,231342910,1321 Mission Street,2023-10-05,232783351,2023-10-05 19:34:36,2023-10-05 19:40:43,2023-10-05 19:40:45,San Francisco,94103,B02,36,2336,1,4,0,0,0,0,,500.0,500.0,0,0,0,0,1,"150 Outside rubbish fire, other",N None,11 Extinguishment by fire service personnel,86 Investigate,"00 Action taken, other",1 Detector alerted occupants,NNN None,00 Other area of fire origin,1 Intentional,UU Undetermined,,UU Undetermined,UU Undetermined,N None,1 Enclosed building,2 In normal use,1.0,,NO,,,,,1 Present,1 Smoke,2 Detector operated,"1 Detector alerted occupants, occupants responded",,N None Present,1 Wet - pipe sprinkler system,1 System operated and was effective,,1.0,6.0,South of Market,"-122.414897, 37.775982",2023-10-05 19:40:45,2025-06-01 02:18:08
23134294,0,231342940,1000 Market Street,2023-10-05,232783376,2023-10-05 19:44:46,2023-10-05 19:49:30,2023-10-05 20:17:24,San Francisco,94102,B03,1,1454,3,11,0,0,0,0,,500.0,500.0,0,0,0,0,1,"743 Smoke detector activation, no fire  -  unintentional",N None,"60 Systems and services, other",86 Investigate,"00 Action taken, other",1 Detector alerted occupants,"439 Boarding/rooming house, residential hotels",00 Other area of fire origin,1 Intentional,UU Undetermined,,UU Undetermined,UU Undetermined,N None,1 Enclosed building,2 In normal use,1.0,,NO,,,,,1 Present,1 Smoke,2 Detector operated,"1 Detector alerted occupants, occupants responded",,N None Present,1 Wet - pipe sprinkler system,1 System operated and was effective,,1.0,5.0,Tenderloin,"-122.410989, 37.782044",2023-10-05 20:17:24,2025-06-01 02:18:08
23134304,0,231343040,721 Great Hy,2023-10-05,232783419,2023-10-05 19:59:20,2023-10-05 20:03:31,2023-10-05 20:05:08,San Francisco,94121,B07,34,7316,1,4,0,0,0,0,,500.0,500.0,0,0,0,0,1,"700 False alarm or false call, other",N None,"00 Action taken, other",86 Investigate,"00 Action taken, other",1 Detector alerted occupants,"000 Property Use, other",00 Other area of fire origin,1 Intentional,UU Undetermined,,UU Undetermined,UU Undetermined,N None,1 Enclosed building,2 In normal use,1.0,,NO,,,,,1 Present,1 Smoke,2 Detector operated,"1 Detector alerted occupants, occupants responded",,N None Present,1 Wet - pipe sprinkler system,1 System operated and was effective,,1.0,1.0,Outer Richmond,"-122.51173, 37.774629",2023-10-05 20:05:08,2025-06-01 02:18:08
23134305,0,231343050,3365 Sacramento Street,2023-10-05,232783427,2023-10-05 20:02:11,2023-10-05 20:07:27,2023-10-05 20:19:21,San Francisco,94118,B04,10,4412,1,5,0,0,0,0,,500.0,500.0,0,0,0,0,1,"510 Person in distress, other",N None,73 Provide manpower,86 Investigate,"00 Action taken, other",1 Detector alerted occupants,429 Multifamily dwelling,00 Other area of fire origin,1 Intentional,UU Undetermined,,UU Undetermined,UU Undetermined,N None,1 Enclosed building,2 In normal use,1.0,,NO,,,,,1 Present,1 Smoke,2 Detector operated,"1 Detector alerted occupants, occupants responded",,N None Present,1 Wet - pipe sprinkler system,1 System operated and was effective,,1.0,2.0,Presidio Heights,"-122.448034, 37.787984",2023-10-05 20:19:21,2025-06-01 02:18:08
23134306,0,231343060,100 Market Street,2023-10-05,232783430,2023-10-05 20:03:34,2023-10-05 20:09:34,2023-10-05 20:15:00,San Francisco,94111,B01,13,1113,3,11,0,0,0,0,,500.0,500.0,0,0,0,0,1,"700 False alarm or false call, other",N None,86 Investigate,86 Investigate,"00 Action taken, other",1 Detector alerted occupants,599 Business office,00 Other area of fire origin,1 Intentional,UU Undetermined,,UU Undetermined,UU Undetermined,N None,1 Enclosed building,2 In normal use,1.0,,NO,,,,,1 Present,1 Smoke,2 Detector operated,"1 Detector alerted occupants, occupants responded",,N None Present,1 Wet - pipe sprinkler system,1 System operated and was effective,,1.0,3.0,Financial District/South Beach,"-122.395753, 37.79379",2023-10-05 20:15:00,2025-06-01 02:18:08
23134326,0,231343260,Long Bridge Street,2023-10-05,232783523,2023-10-05 20:32:09,2023-10-05 20:36:09,2023-10-05 20:46:23,San Francisco,94107,B03,4,2264,1,4,0,0,0,0,,500.0,500.0,0,0,0,0,1,"150 Outside rubbish fire, other",N None,11 Extinguishment by fire service personnel,86 Investigate,"00 Action taken, other",1 Detector alerted occupants,936 Vacant lot,00 Other area of fire origin,1 Intentional,UU Undetermined,,UU Undetermined,UU Undetermined,N None,1 Enclosed building,2 In normal use,1.0,,NO,,,,,1 Present,1 Smoke,2 Detector operated,"1 Detector alerted occupants, occupants responded",,N None Present,1 Wet - pipe sprinkler system,1 System operated and was effective,,1.0,6.0,Mission Bay,"-122.394529, 37.770797",2023-10-05 20:46:23,2025-06-01 02:18:08
23134327,0,231343270,363 Noe Street,2023-10-05,232783533,2023-10-05 20:34:35,2023-10-05 20:36:31,2023-10-05 20:45:10,San Francisco,94114,B05,6,5252,3,11,0,0,0,0,,500.0,500.0,0,0,0,0,1,735 Alarm system sounded due to malfunction,N None,86 Investigate,86 Investigate,"00 Action taken, other",1 Detector alerted occupants,"400 Residential, other",00 Other area of fire origin,1 Intentional,UU Undetermined,,UU Undetermined,UU Undetermined,N None,1 Enclosed building,2 In normal use,1.0,,NO,,,,,1 Present,1 Smoke,2 Detector operated,"1 Detector alerted occupants, occupants responded",,N None Present,1 Wet - pipe sprinkler system,1 System operated and was effective,,1.0,8.0,Castro/Upper Market,"-122.432911, 37.76322",2023-10-05 20:45:10,2025-06-01 02:18:08
23134331,0,231343310,153 Country Club Drive,2023-10-05,232783561,2023-10-05 20:45:55,2023-10-05 20:51:37,2023-10-05 21:01:37,San Francisco,94132,B08,19,8826,3,10,0,0,0,0,,500.0,500.0,0,0,0,0,1,"700 False alarm or false call, other",N None,86 Investigate,86 Investigate,"00 Action taken, other",1 Detector alerted occupants,"400 Residential, other",00 Other area of fire origin,1 Intentional,UU Undetermined,,UU Undetermined,UU Undetermined,N None,1 Enclosed building,2 In normal use,1.0,,NO,,,,,1 Present,1 Smoke,2 Detector operated,"1 Detector alerted occupants, occupants responded",,N None Present,1 Wet - pipe sprinkler system,1 System operated and was effective,,1.0,4.0,Sunset/Parkside,"-122.496691, 37.730837",2023-10-05 21:01:37,2025-06-01 02:18:08
23134332,0,231343320,Great Hy,2023-10-05,232783564,2023-10-05 20:47:04,2023-10-05 20:53:40,2023-10-05 21:58:47,San Francisco,94122,B08,23,7722,2,8,1,2,0,0,,500.0,500.0,0,0,0,0,1,"311 Medical assist, assist EMS crew",N None,86 Investigate,32 Provide basic life support (BLS),"00 Action taken, other",1 Detector alerted occupants,"960 Street, other",00 Other area of fire origin,1 Intentional,UU Undetermined,,UU Undetermined,UU Undetermined,N None,1 Enclosed building,2 In normal use,1.0,,NO,,,,,1 Present,1 Smoke,2 Detector operated,"1 Detector alerted occupants, occupants responded",,N None Present,1 Wet - pipe sprinkler system,1 System operated and was effective,,1.0,4.0,Sunset/Parkside,"-122.51034, 37.764",2023-10-05 21:58:47,2025-06-01 02:18:08
23134334,0,231343340,560 Mission Street,2023-10-05,232783575,2023-10-05 20:50:29,2023-10-05 20:55:55,2023-10-05 21:12:58,San Francisco,94105,B03,35,2145,3,10,0,0,0,0,,500.0,500.0,0,0,0,0,1,"743 Smoke detector activation, no fire  -  unintentional",N None,63 Restore fire alarm system,86 Investigate,"00 Action taken, other",1 Detector alerted occupants,429 Multifamily dwelling,00 Other area of fire origin,1 Intentional,UU Undetermined,,UU Undetermined,UU Undetermined,N None,1 Enclosed building,2 In normal use,1.0,,NO,,,,,1 Present,1 Smoke,2 Detector operated,"1 Detector alerted occupants, occupants responded",,N None Present,1 Wet - pipe sprinkler system,1 System operated and was effective,,1.0,6.0,Financial District/South Beach,"-122.398995, 37.788741",2023-10-05 21:12:58,2025-06-01 02:18:08
23134337,0,231343370,Howard Street,2023-10-05,232783600,2023-10-05 21:00:07,2023-10-05 21:04:06,2023-10-05 21:06:43,San Francisco,94103,B03,1,2252,1,4,0,0,0,0,,500.0,500.0,0,0,0,0,1,"151 Outside rubbish, trash or waste fire",N None,"10 Fire control or extinguishment, other",86 Investigate,"00 Action taken, other",1 Detector alerted occupants,"960 Street, other",00 Other area of fire origin,1 Intentional,UU Undetermined,,UU Undetermined,UU Undetermined,N None,1 Enclosed building,2 In normal use,1.0,,NO,,,,,1 Present,1 Smoke,2 Detector operated,"1 Detector alerted occupants, occupants responded",,N None Present,1 Wet - pipe sprinkler system,1 System operated and was effective,,1.0,6.0,South of Market,"-122.408276, 37.77886",2023-10-05 21:06:43,2025-06-01 02:18:08
23134343,0,231343430,Fairmount Street,2023-10-05,232783635,2023-10-05 21:12:02,2023-10-05 21:16:08,2023-10-05 21:27:45,San Francisco,94131,B06,32,8113,1,4,1,2,0,0,,500.0,500.0,0,0,0,0,1,324 Motor vehicle accident with no injuries.,N None,32 Provide basic life support (BLS),86 Investigate,"00 Action taken, other",1 Detector alerted occupants,NNN None,00 Other area of fire origin,1 Intentional,UU Undetermined,,UU Undetermined,UU Undetermined,N None,1 Enclosed building,2 In normal use,1.0,,NO,,,,,1 Present,1 Smoke,2 Detector operated,"1 Detector alerted occupants, occupants responded",,N None Present,1 Wet - pipe sprinkler system,1 System operated and was effective,,1.0,8.0,Glen Park,"-122.425815, 37.738953",2023-10-05 21:27:45,2025-06-01 02:18:08
23134344,0,231343440,156 Yukon Street,2023-10-05,232783638,2023-10-05 21:13:26,2023-10-05 21:17:38,2023-10-05 21:34:04,San Francisco,94114,B06,24,5266,3,10,0,0,0,0,,500.0,500.0,0,0,0,0,1,"700 False alarm or false call, other",N None,86 Investigate,86 Investigate,"00 Action taken, other",1 Detector alerted occupants,419 1 or 2 family dwelling,00 Other area of fire origin,1 Intentional,UU Undetermined,,UU Undetermined,UU Undetermined,N None,1 Enclosed building,2 In normal use,1.0,,NO,,,,,1 Present,1 Smoke,2 Detector operated,"1 Detector alerted occupants, occupants responded",,N None Present,1 Wet - pipe sprinkler system,1 System operated and was effective,,1.0,8.0,Castro/Upper Market,"-122.442422, 37.757259",2023-10-05 21:34:04,2025-06-01 02:18:08
23134363,0,231343630,Berkeley Way,2023-10-05,232783758,2023-10-05 21:52:22,2023-10-05 22:05:05,2023-10-05 22:05:46,San Francisco,94131,B06,26,8155,1,4,0,0,0,0,,500.0,500.0,0,0,0,0,1,"700 False alarm or false call, other",N None,86 Investigate,86 Investigate,"00 Action taken, other",1 Detector alerted occupants,"213 Elementary school, including kindergarten",00 Other area of fire origin,1 Intentional,UU Undetermined,,UU Undetermined,UU Undetermined,N None,1 Enclosed building,2 In normal use,1.0,,NO,,,,,1 Present,1 Smoke,2 Detector operated,"1 Detector alerted occupants, occupants responded",,N None Present,1 Wet - pipe sprinkler system,1 System operated and was effective,,1.0,8.0,Glen Park,"-122.439522, 37.740357",2023-10-05 22:05:46,2025-06-01 02:18:08
23134373,0,231343730,24th Street,2023-10-05,232783803,2023-10-05 22:13:38,2023-10-05 22:18:28,2023-10-05 23:19:29,San Francisco,94110,B06,11,5525,3,10,2,3,0,0,,500.0,500.0,0,0,0,0,1,"300 Rescue, EMS incident, other",N None,31 Provide first aid & check for injuries,86 Investigate,"00 Action taken, other",1 Detector alerted occupants,"960 Street, other",00 Other area of fire origin,1 Intentional,UU Undetermined,,UU Undetermined,UU Undetermined,N None,1 Enclosed building,2 In normal use,1.0,,NO,,,,,1 Present,1 Smoke,2 Detector operated,"1 Detector alerted occupants, occupants responded",,N None Present,1 Wet - pipe sprinkler system,1 System operated and was effective,,1.0,9.0,Mission,"-122.418448, 37.752239",2023-10-05 23:19:29,2025-06-01 02:18:08
23134377,0,231343770,Norfolk Street,2023-10-05,232783834,2023-10-05 22:25:47,2023-10-05 22:30:40,2023-10-05 22:35:36,San Francisco,94103,B02,36,5121,1,4,0,0,0,0,,500.0,500.0,0,0,0,0,1,"150 Outside rubbish fire, other",N None,11 Extinguishment by fire service personnel,86 Investigate,"00 Action taken, other",1 Detector alerted occupants,NNN None,00 Other area of fire origin,1 Intentional,UU Undetermined,,UU Undetermined,UU Undetermined,N None,1 Enclosed building,2 In normal use,1.0,,NO,,,,,1 Present,1 Smoke,2 Detector operated,"1 Detector alerted occupants, occupants responded",,N None Present,1 Wet - pipe sprinkler system,1 System operated and was effective,,1.0,6.0,Mission,"-122.412754, 37.77039",2023-10-05 22:35:36,2025-06-01 02:18:08
23134386,0,231343860,1214 Anza Street,2023-10-05,232783872,2023-10-05 22:36:45,2023-10-05 22:40:57,2023-10-05 22:54:10,San Francisco,94118,B07,31,7117,3,10,0,0,0,0,,500.0,500.0,0,0,0,0,1,733 Smoke detector activation due to malfunction,N None,86 Investigate,86 Investigate,"00 Action taken, other",1 Detector alerted occupants,429 Multifamily dwelling,00 Other area of fire origin,1 Intentional,UU Undetermined,,UU Undetermined,UU Undetermined,N None,1 Enclosed building,2 In normal use,1.0,,NO,,,,,1 Present,1 Smoke,2 Detector operated,"1 Detector alerted occupants, occupants responded",,N None Present,1 Wet - pipe sprinkler system,1 System operated and was effective,,1.0,1.0,Inner Richmond,"-122.461152, 37.779291",2023-10-05 22:54:10,2025-06-01 02:18:08
23134391,0,231343910,875 Sacramento Street,2023-10-05,232783889,2023-10-05 22:42:13,2023-10-05 22:48:21,2023-10-05 23:02:43,San Francisco,94108,B01,2,1326,1,5,0,0,0,0,,500.0,500.0,0,0,0,0,1,353 Removal of victim(s) from stalled elevator,N None,"23 Extricate, disentangle",86 Investigate,"00 Action taken, other",1 Detector alerted occupants,429 Multifamily dwelling,00 Other area of fire origin,1 Intentional,UU Undetermined,,UU Undetermined,UU Undetermined,N None,1 Enclosed building,2 In normal use,1.0,,NO,,,,,1 Present,1 Smoke,2 Detector operated,"1 Detector alerted occupants, occupants responded",,N None Present,1 Wet - pipe sprinkler system,1 System operated and was effective,,1.0,3.0,Chinatown,"-122.407308, 37.793163",2023-10-05 23:02:43,2025-06-01 02:18:08
23134392,0,231343920,500 Parnassus Avenue,2023-10-05,232783892,2023-10-05 22:42:40,2023-10-05 22:45:43,2023-10-05 22:52:20,San Francisco,94122,B05,12,7323,3,10,0,0,0,0,,500.0,500.0,0,0,0,0,1,"700 False alarm or false call, other",N None,63 Restore fire alarm system,86 Investigate,"00 Action taken, other",1 Detector alerted occupants,331 Hospital  -  medical or psychiatric,00 Other area of fire origin,1 Intentional,UU Undetermined,,UU Undetermined,UU Undetermined,N None,1 Enclosed building,2 In normal use,1.0,,NO,,,,,1 Present,1 Smoke,2 Detector operated,"1 Detector alerted occupants, occupants responded",,N None Present,1 Wet - pipe sprinkler system,1 System operated and was effective,,1.0,7.0,Inner Sunset,"-122.45932, 37.763713",2023-10-05 22:52:20,2025-06-01 02:18:08
23134396,0,231343960,19th Avenue,2023-10-05,232783917,2023-10-05 22:53:43,2023-10-05 22:54:39,2023-10-05 23:08:00,San Francisco,94122,B08,22,7424,8,28,1,2,1,2,,500.0,500.0,0,0,0,0,1,"600 Good intent call, other",N None,86 Investigate,86 Investigate,"00 Action taken, other",1 Detector alerted occupants,"962 Residential street, road or residential driveway",00 Other area of fire origin,1 Intentional,UU Undetermined,,UU Undetermined,UU Undetermined,N None,1 Enclosed building,2 In normal use,1.0,,NO,,,,,1 Present,1 Smoke,2 Detector operated,"1 Detector alerted occupants, occupants responded",,N None Present,1 Wet - pipe sprinkler system,1 System operated and was effective,,1.0,4.0,Sunset/Parkside,"-122.477012, 37.761698",2023-10-05 23:08:00,2025-06-01 02:18:08
23134397,0,231343970,Scott Street,2023-10-05,232783920,2023-10-05 22:54:24,2023-10-05 23:00:45,2023-10-05 23:04:15,San Francisco,94117,B05,21,4136,1,4,0,0,0,0,,500.0,500.0,0,0,0,0,1,"150 Outside rubbish fire, other",N None,86 Investigate,86 Investigate,"00 Action taken, other",1 Detector alerted occupants,"960 Street, other",00 Other area of fire origin,1 Intentional,UU Undetermined,,UU Undetermined,UU Undetermined,N None,1 Enclosed building,2 In normal use,1.0,,NO,,,,,1 Present,1 Smoke,2 Detector operated,"1 Detector alerted occupants, occupants responded",,N None Present,1 Wet - pipe sprinkler system,1 System operated and was effective,,1.0,5.0,Hayes Valley,"-122.43632, 37.776136",2023-10-05 23:04:15,2025-06-01 02:18:08
23134399,0,231343990,225 Berry Street,2023-10-05,232783927,2023-10-05 22:57:48,2023-10-05 23:03:08,2023-10-05 23:13:13,San Francisco,94107,B03,8,2225,1,5,0,0,0,0,,500.0,500.0,0,0,0,0,1,"500 Service Call, other",N None,73 Provide manpower,86 Investigate,"00 Action taken, other",1 Detector alerted occupants,429 Multifamily dwelling,00 Other area of fire origin,1 Intentional,UU Undetermined,,UU Undetermined,UU Undetermined,N None,1 Enclosed building,2 In normal use,1.0,,NO,,,,,1 Present,1 Smoke,2 Detector operated,"1 Detector alerted occupants, occupants responded",,N None Present,1 Wet - pipe sprinkler system,1 System operated and was effective,,1.0,6.0,Mission Bay,"-122.393871, 37.775284",2023-10-05 23:13:13,2025-06-01 02:18:08
23134403,0,231344030,400 Blk 15th Street,2023-10-05,232783974,2023-10-05 23:15:13,2023-10-05 23:19:07,2023-10-05 23:24:48,San Francisco,94103,B02,29,2352,1,4,0,0,0,0,,500.0,500.0,0,0,0,0,1,"150 Outside rubbish fire, other",N None,"10 Fire control or extinguishment, other",86 Investigate,"00 Action taken, other",1 Detector alerted occupants,"960 Street, other",00 Other area of fire origin,1 Intentional,UU Undetermined,,UU Undetermined,UU Undetermined,N None,1 Enclosed building,2 In normal use,1.0,,NO,,,,,1 Present,1 Smoke,2 Detector operated,"1 Detector alerted occupants, occupants responded",,N None Present,1 Wet - pipe sprinkler system,1 System operated and was effective,,1.0,6.0,Mission,"-122.404753, 37.767256",2023-10-05 23:24:48,2025-06-01 02:18:08
23134406,0,231344060,2501 Bryant Street,2023-10-05,232783986,2023-10-05 23:18:16,2023-10-05 23:21:41,2023-10-05 23:55:11,San Francisco,94110,B06,7,5474,3,10,0,0,0,0,,500.0,500.0,0,0,0,0,1,733 Smoke detector activation due to malfunction,N None,86 Investigate,86 Investigate,"00 Action taken, other",1 Detector alerted occupants,429 Multifamily dwelling,00 Other area of fire origin,1 Intentional,UU Undetermined,,UU Undetermined,UU Undetermined,N None,1 Enclosed building,2 In normal use,1.0,,NO,,,,,1 Present,1 Smoke,2 Detector operated,"1 Detector alerted occupants, occupants responded",,N None Present,1 Wet - pipe sprinkler system,1 System operated and was effective,,1.0,9.0,Mission,"-122.409164, 37.754335",2023-10-05 23:55:11,2025-06-01 02:18:08
23134407,0,231344070,2841-45 23rd Street,2023-10-05,232783996,2023-10-05 23:22:13,2023-10-05 23:27:57,2023-10-05 23:29:48,San Francisco,94110,B06,7,5476,3,11,0,0,0,0,,500.0,500.0,0,0,0,0,1,611 Dispatched & canceled en route,N None,93 Cancelled en route,86 Investigate,"00 Action taken, other",1 Detector alerted occupants,429 Multifamily dwelling,00 Other area of fire origin,1 Intentional,UU Undetermined,,UU Undetermined,UU Undetermined,N None,1 Enclosed building,2 In normal use,1.0,,NO,,,,,1 Present,1 Smoke,2 Detector operated,"1 Detector alerted occupants, occupants responded",,N None Present,1 Wet - pipe sprinkler system,1 System operated and was effective,,1.0,9.0,Mission,"-122.40904, 37.754343",2023-10-05 23:29:48,2025-06-01 02:18:08
23134412,0,231344120,Waller Street,2023-10-05,232784017,2023-10-05 23:33:43,2023-10-05 23:42:13,2023-10-05 23:42:15,San Francisco,94117,B05,21,4512,1,4,0,0,0,0,,500.0,500.0,0,0,0,0,1,"151 Outside rubbish, trash or waste fire",N None,86 Investigate,86 Investigate,"00 Action taken, other",1 Detector alerted occupants,"960 Street, other",00 Other area of fire origin,1 Intentional,UU Undetermined,,UU Undetermined,UU Undetermined,N None,1 Enclosed building,2 In normal use,1.0,,NO,,,,,1 Present,1 Smoke,2 Detector operated,"1 Detector alerted occupants, occupants responded",,N None Present,1 Wet - pipe sprinkler system,1 System operated and was effective,,1.0,8.0,Haight Ashbury,"-122.448391, 37.768864",2023-10-05 23:42:15,2025-06-01 02:18:08
23134420,0,231344200,104 Charter Oak Avenue,2023-10-06,232790022,2023-10-06 00:12:14,2023-10-06 00:17:27,2023-10-06 00:34:34,San Francisco,94124,B10,42,6381,1,4,0,0,0,0,,500.0,500.0,0,0,0,0,1,"651 Smoke scare, odor of smoke",N None,86 Investigate,86 Investigate,"00 Action taken, other",1 Detector alerted occupants,"900 Outside or special property, other",00 Other area of fire origin,1 Intentional,UU Undetermined,,UU Undetermined,UU Undetermined,N None,1 Enclosed building,2 In normal use,1.0,,NO,,,,,1 Present,1 Smoke,2 Detector operated,"1 Detector alerted occupants, occupants responded",,N None Present,1 Wet - pipe sprinkler system,1 System operated and was effective,,1.0,10.0,Bayview Hunters Point,"-122.404784, 37.736237",2023-10-06 00:34:34,2025-06-01 02:18:08
23134424,0,231344240,1475 Lombard Street,2023-10-06,232790040,2023-10-06 00:21:50,2023-10-06 00:26:39,2023-10-06 00:33:48,San Francisco,94123,B04,16,3235,3,10,0,0,0,0,,500.0,500.0,0,0,0,0,1,"714 Central station, malicious false alarm",N None,86 Investigate,86 Investigate,"00 Action taken, other",1 Detector alerted occupants,"449 Hotel/motel, commercial",00 Other area of fire origin,1 Intentional,UU Undetermined,,UU Undetermined,UU Undetermined,N None,1 Enclosed building,2 In normal use,1.0,,NO,,,,,1 Present,1 Smoke,2 Detector operated,"1 Detector alerted occupants, occupants responded",,N None Present,1 Wet - pipe sprinkler system,1 System operated and was effective,,1.0,2.0,Marina,"-122.425725, 37.801084",2023-10-06 00:33:48,2025-06-01 02:18:08
23134425,0,231344250,2845 23rd Street,2023-10-06,232790041,2023-10-06 00:21:56,2023-10-06 00:26:29,2023-10-06 00:31:14,San Francisco,94110,B06,7,5476,3,10,0,0,0,0,,500.0,500.0,0,0,0,0,1,733 Smoke detector activation due to malfunction,N None,86 Investigate,86 Investigate,"00 Action taken, other",1 Detector alerted occupants,429 Multifamily dwelling,00 Other area of fire origin,1 Intentional,UU Undetermined,,UU Undetermined,UU Undetermined,N None,1 Enclosed building,2 In normal use,1.0,,NO,,,,,1 Present,1 Smoke,2 Detector operated,"1 Detector alerted occupants, occupants responded",,N None Present,1 Wet - pipe sprinkler system,1 System operated and was effective,,1.0,9.0,Mission,"-122.409102, 37.75434",2023-10-06 00:31:14,2025-06-01 02:18:08
23134429,0,231344290,137 Cole Street,2023-10-06,232790053,2023-10-06 00:31:42,2023-10-06 00:35:48,2023-10-06 00:42:38,San Francisco,94117,B05,21,4535,3,10,0,0,0,0,,500.0,500.0,0,0,0,0,1,"746 Carbon monoxide detector activation, no CO",N None,86 Investigate,86 Investigate,"00 Action taken, other",1 Detector alerted occupants,419 1 or 2 family dwelling,00 Other area of fire origin,1 Intentional,UU Undetermined,,UU Undetermined,UU Undetermined,N None,1 Enclosed building,2 In normal use,1.0,,NO,,,,,1 Present,1 Smoke,2 Detector operated,"1 Detector alerted occupants, occupants responded",,N None Present,1 Wet - pipe sprinkler system,1 System operated and was effective,,1.0,5.0,Lone Mountain/USF,"-122.451176, 37.773877",2023-10-06 00:42:38,2025-06-01 02:18:08
23134431,0,231344310,361 Turk Street,2023-10-06,232790085,2023-10-06 00:44:50,2023-10-06 00:49:10,2023-10-06 00:56:07,San Francisco,94102,B02,3,1554,3,11,0,0,0,0,,500.0,500.0,0,0,0,0,1,"744 Detector activation, no fire  -  unintentional",N None,63 Restore fire alarm system,86 Investigate,"00 Action taken, other",1 Detector alerted occupants,"439 Boarding/rooming house, residential hotels",00 Other area of fire origin,1 Intentional,UU Undetermined,,UU Undetermined,UU Undetermined,N None,1 Enclosed building,2 In normal use,1.0,,NO,,,,,1 Present,1 Smoke,2 Detector operated,"1 Detector alerted occupants, occupants responded",,N None Present,1 Wet - pipe sprinkler system,1 System operated and was effective,,1.0,5.0,Tenderloin,"-122.415027, 37.7826",2023-10-06 00:56:07,2025-06-01 02:18:08
23134432,0,231344320,1601 18th Street,2023-10-06,232790088,2023-10-06 00:47:29,2023-10-06 00:51:43,2023-10-06 01:18:48,San Francisco,94107,B03,37,2456,3,10,0,0,0,0,,500.0,500.0,0,0,0,0,1,735 Alarm system sounded due to malfunction,N None,64 Shut down system,86 Investigate,"00 Action taken, other",1 Detector alerted occupants,419 1 or 2 family dwelling,00 Other area of fire origin,1 Intentional,UU Undetermined,,UU Undetermined,UU Undetermined,N None,1 Enclosed building,2 In normal use,1.0,,NO,,,,,1 Present,1 Smoke,2 Detector operated,"1 Detector alerted occupants, occupants responded",,N None Present,1 Wet - pipe sprinkler system,1 System operated and was effective,,1.0,10.0,Potrero Hill,"-122.398544, 37.762389",2023-10-06 01:18:48,2025-06-01 02:18:08
23134452,0,231344520,400 Blk Leavenworth Street,2023-10-06,232790244,2023-10-06 02:45:17,2023-10-06 02:46:00,2023-10-06 02:46:12,San Francisco,94102,B04,3,1544,1,4,0,0,0,0,,500.0,500.0,0,0,0,0,1,"700 False alarm or false call, other",N None,86 Investigate,86 Investigate,"00 Action taken, other",1 Detector alerted occupants,"960 Street, other",00 Other area of fire origin,1 Intentional,UU Undetermined,,UU Undetermined,UU Undetermined,N None,1 Enclosed building,2 In normal use,1.0,,NO,,,,,1 Present,1 Smoke,2 Detector operated,"1 Detector alerted occupants, occupants responded",,N None Present,1 Wet - pipe sprinkler system,1 System operated and was effective,,1.0,5.0,Tenderloin,"-122.414433, 37.784658",2023-10-06 02:46:12,2025-06-01 02:18:08
23134453,0,231344530,500 Raymond Avenue,2023-10-06,232790245,2023-10-06 02:46:33,2023-10-06 02:53:16,2023-10-06 03:06:35,San Francisco,94134,B09,44,629,3,10,0,0,0,0,,500.0,500.0,0,0,0,0,1,733 Smoke detector activation due to malfunction,N None,86 Investigate,86 Investigate,"00 Action taken, other",1 Detector alerted occupants,"400 Residential, other",00 Other area of fire origin,1 Intentional,UU Undetermined,,UU Undetermined,UU Undetermined,N None,1 Enclosed building,2 In normal use,1.0,,NO,,,,,1 Present,1 Smoke,2 Detector operated,"1 Detector alerted occupants, occupants responded",,N None Present,1 Wet - pipe sprinkler system,1 System operated and was effective,,1.0,10.0,McLaren Park,"-122.413654, 37.715074",2023-10-06 03:06:35,2025-06-01 02:18:08
23134460,0,231344600,1466 38th Avenue,2023-10-06,232790270,2023-10-06 03:12:06,2023-10-06 03:16:36,2023-10-06 03:24:49,San Francisco,94122,B08,23,7571,3,10,0,0,0,0,,500.0,500.0,0,0,0,0,1,"700 False alarm or false call, other",N None,"60 Systems and services, other",86 Investigate,"00 Action taken, other",1 Detector alerted occupants,211 Preschool,00 Other area of fire origin,1 Intentional,UU Undetermined,,UU Undetermined,UU Undetermined,N None,1 Enclosed building,2 In normal use,1.0,,NO,,,,,1 Present,1 Smoke,2 Detector operated,"1 Detector alerted occupants, occupants responded",,N None Present,1 Wet - pipe sprinkler system,1 System operated and was effective,,1.0,4.0,Sunset/Parkside,"-122.497179, 37.75957",2023-10-06 03:24:49,2025-06-01 02:18:08
23134472,0,231344720,1444 Mcallister Street,2023-10-06,232790335,2023-10-06 04:25:57,2023-10-06 04:29:23,2023-10-06 04:39:23,San Francisco,94115,B05,5,3642,8,29,1,2,1,2,,500.0,500.0,0,0,0,0,1,"700 False alarm or false call, other",N None,86 Investigate,86 Investigate,"00 Action taken, other",1 Detector alerted occupants,429 Multifamily dwelling,00 Other area of fire origin,1 Intentional,UU Undetermined,,UU Undetermined,UU Undetermined,N None,1 Enclosed building,2 In normal use,1.0,,NO,,,,,1 Present,1 Smoke,2 Detector operated,"1 Detector alerted occupants, occupants responded",,N None Present,1 Wet - pipe sprinkler system,1 System operated and was effective,,1.0,5.0,Western Addition,"-122.435813, 37.778186",2023-10-06 04:39:23,2025-06-01 02:18:08
23134474,0,231344740,1 280sb To 101sb Xr,2023-10-06,232790345,2023-10-06 04:33:23,2023-10-06 04:42:50,2023-10-06 05:43:07,San Francisco,94107,B10,25,2612,1,4,0,0,0,0,,500.0,500.0,0,0,0,0,1,"150 Outside rubbish fire, other",N None,"10 Fire control or extinguishment, other",86 Investigate,"00 Action taken, other",1 Detector alerted occupants,"000 Property Use, other",00 Other area of fire origin,1 Intentional,UU Undetermined,,UU Undetermined,UU Undetermined,N None,1 Enclosed building,2 In normal use,1.0,,NO,,,,,1 Present,1 Smoke,2 Detector operated,"1 Detector alerted occupants, occupants responded",,N None Present,1 Wet - pipe sprinkler system,1 System operated and was effective,,1.0,10.0,Bayview Hunters Point,"-122.403976, 37.736272",2023-10-06 05:43:07,2025-06-01 02:18:08
23134477,0,231344770,1385 Stevenson Street,2023-10-06,232790364,2023-10-06 04:54:38,2023-10-06 04:59:13,2023-10-06 05:01:10,San Francisco,94103,B02,6,5126,1,4,0,0,0,0,,500.0,500.0,0,0,0,0,1,"151 Outside rubbish, trash or waste fire",N None,87 Investigate fire out on arrival,86 Investigate,"00 Action taken, other",1 Detector alerted occupants,"962 Residential street, road or residential driveway",00 Other area of fire origin,1 Intentional,UU Undetermined,,UU Undetermined,UU Undetermined,N None,1 Enclosed building,2 In normal use,1.0,,NO,,,,,1 Present,1 Smoke,2 Detector operated,"1 Detector alerted occupants, occupants responded",,N None Present,1 Wet - pipe sprinkler system,1 System operated and was effective,,1.0,9.0,Mission,"-122.421546, 37.770188",2023-10-06 05:01:10,2025-06-01 02:18:08
23134485,0,231344850,1757 Taraval Street,2023-10-06,232790393,2023-10-06 05:20:38,2023-10-06 05:27:14,2023-10-06 06:29:54,San Francisco,94116,B08,18,7522,8,29,1,2,1,2,,500.0,500.0,0,0,0,0,1,"251 Excessive heat, scorch burns with no ignition",N None,"10 Fire control or extinguishment, other",86 Investigate,"00 Action taken, other",1 Detector alerted occupants,"519 Food and beverage sales, grocery store",00 Other area of fire origin,1 Intentional,UU Undetermined,,UU Undetermined,UU Undetermined,N None,1 Enclosed building,2 In normal use,1.0,,NO,,,,,1 Present,1 Smoke,2 Detector operated,"1 Detector alerted occupants, occupants responded",,N None Present,1 Wet - pipe sprinkler system,1 System operated and was effective,,1.0,4.0,Sunset/Parkside,"-122.484856, 37.742576",2023-10-06 06:29:54,2025-06-01 02:18:08
23134492,0,231344920,101 Mission Street,2023-10-06,232790418,2023-10-06 05:48:04,2023-10-06 05:53:40,2023-10-06 05:57:06,San Francisco,94105,B03,35,2116,3,11,0,0,0,0,,500.0,500.0,0,0,0,0,1,"745 Alarm system activation, no fire  -  unintentional",N None,86 Investigate,86 Investigate,"00 Action taken, other",1 Detector alerted occupants,"500 Mercantile, business, other",00 Other area of fire origin,1 Intentional,UU Undetermined,,UU Undetermined,UU Undetermined,N None,1 Enclosed building,2 In normal use,1.0,,NO,,,,,1 Present,1 Smoke,2 Detector operated,"1 Detector alerted occupants, occupants responded",,N None Present,1 Wet - pipe sprinkler system,1 System operated and was effective,,1.0,6.0,Financial District/South Beach,"-122.394065, 37.79244",2023-10-06 05:57:06,2025-06-01 02:18:08
23134496,0,231344960,Fulton Street,2023-10-06,232790430,2023-10-06 05:54:16,2023-10-06 05:59:49,2023-10-06 06:04:35,San Francisco,94121,B07,14,7167,1,4,0,0,0,0,,500.0,500.0,0,0,0,0,1,411 Gasoline or other flammable liquid spill,N None,75 Provide equipment,86 Investigate,"00 Action taken, other",1 Detector alerted occupants,"960 Street, other",00 Other area of fire origin,1 Intentional,UU Undetermined,,UU Undetermined,UU Undetermined,N None,1 Enclosed building,2 In normal use,1.0,,NO,,,,,1 Present,1 Smoke,2 Detector operated,"1 Detector alerted occupants, occupants responded",,N None Present,1 Wet - pipe sprinkler system,1 System operated and was effective,,1.0,1.0,Golden Gate Park,"-122.478838, 37.772812",2023-10-06 06:04:35,2025-06-01 02:18:08
23134497,0,231344970,20th Avenue,2023-10-06,232790452,2023-10-06 06:09:48,2023-10-06 06:13:37,2023-10-06 06:16:50,San Francisco,94116,B08,40,7432,1,4,0,0,0,0,,500.0,500.0,0,0,0,0,1,"500 Service Call, other",N None,87 Investigate fire out on arrival,86 Investigate,"00 Action taken, other",1 Detector alerted occupants,"960 Street, other",00 Other area of fire origin,1 Intentional,UU Undetermined,,UU Undetermined,UU Undetermined,N None,1 Enclosed building,2 In normal use,1.0,,NO,,,,,1 Present,1 Smoke,2 Detector operated,"1 Detector alerted occupants, occupants responded",,N None Present,1 Wet - pipe sprinkler system,1 System operated and was effective,,1.0,4.0,Sunset/Parkside,"-122.477151, 37.748596",2023-10-06 06:16:50,2025-06-01 02:18:08
23134502,0,231345020,Van Ness Avenue,2023-10-06,232790496,2023-10-06 06:42:27,2023-10-06 06:42:57,2023-10-06 06:46:50,San Francisco,94102,B02,36,3211,3,11,0,0,0,0,,500.0,500.0,0,0,0,0,1,"744 Detector activation, no fire  -  unintentional",N None,86 Investigate,86 Investigate,"00 Action taken, other",1 Detector alerted occupants,NNN None,00 Other area of fire origin,1 Intentional,UU Undetermined,,UU Undetermined,UU Undetermined,N None,1 Enclosed building,2 In normal use,1.0,,NO,,,,,1 Present,1 Smoke,2 Detector operated,"1 Detector alerted occupants, occupants responded",,N None Present,1 Wet - pipe sprinkler system,1 System operated and was effective,,1.0,6.0,Mission,"-122.419258, 37.775146",2023-10-06 06:46:50,2025-06-01 02:18:08
23134520,0,231345200,25th Street,2023-10-06,232790671,2023-10-06 08:06:26,2023-10-06 08:10:16,2023-10-06 08:56:11,San Francisco,94110,B06,7,5533,8,28,1,2,1,2,,40000.0,500.0,0,0,0,0,1,131 Passenger vehicle fire,N None,11 Extinguishment by fire service personnel,86 Investigate,"00 Action taken, other",1 Detector alerted occupants,"960 Street, other",00 Other area of fire origin,3 Failure of equipment or heat source,UU Undetermined,,UU Undetermined,UU Undetermined,N None,1 Enclosed building,2 In normal use,1.0,,NO,,,,,1 Present,1 Smoke,2 Detector operated,"1 Detector alerted occupants, occupants responded",,N None Present,1 Wet - pipe sprinkler system,1 System operated and was effective,,1.0,9.0,Mission,"-122.410811, 37.751092",2023-10-06 08:56:11,2025-06-01 02:18:08
23134522,0,231345220,705 Vallejo Street,2023-10-06,232790699,2023-10-06 08:15:02,2023-10-06 08:18:57,2023-10-06 08:24:54,San Francisco,94133,B01,2,1333,3,11,0,0,0,0,,500.0,500.0,0,0,0,0,1,"700 False alarm or false call, other",N None,86 Investigate,86 Investigate,"00 Action taken, other",1 Detector alerted occupants,429 Multifamily dwelling,00 Other area of fire origin,1 Intentional,UU Undetermined,,UU Undetermined,UU Undetermined,N None,1 Enclosed building,2 In normal use,1.0,,NO,,,,,1 Present,1 Smoke,2 Detector operated,"1 Detector alerted occupants, occupants responded",,N None Present,1 Wet - pipe sprinkler system,1 System operated and was effective,,1.0,3.0,Chinatown,"-122.408965, 37.798483",2023-10-06 08:24:54,2025-06-01 02:18:08
23134525,0,231345250,Union Street,2023-10-06,232790707,2023-10-06 08:19:35,2023-10-06 08:23:01,2023-10-06 08:28:42,San Francisco,94133,B01,28,1265,11,39,1,2,1,2,,500.0,500.0,0,0,0,0,1,"700 False alarm or false call, other",N None,86 Investigate,86 Investigate,"00 Action taken, other",1 Detector alerted occupants,"519 Food and beverage sales, grocery store",00 Other area of fire origin,1 Intentional,UU Undetermined,,UU Undetermined,UU Undetermined,N None,1 Enclosed building,2 In normal use,1.0,,NO,,,,,1 Present,1 Smoke,2 Detector operated,"1 Detector alerted occupants, occupants responded",,N None Present,1 Wet - pipe sprinkler system,1 System operated and was effective,,1.0,3.0,North Beach,"-122.407589, 37.800637",2023-10-06 08:28:42,2025-06-01 02:18:08
23134527,0,231345270,1274 California Street,2023-10-06,232790718,2023-10-06 08:22:24,2023-10-06 08:29:23,2023-10-06 08:37:45,San Francisco,94109,B01,41,1541,1,5,0,0,0,0,,500.0,500.0,0,0,0,0,1,"331 Lock - in (if lock out , use 511 )",N None,75 Provide equipment,86 Investigate,"00 Action taken, other",1 Detector alerted occupants,419 1 or 2 family dwelling,00 Other area of fire origin,1 Intentional,UU Undetermined,,UU Undetermined,UU Undetermined,N None,1 Enclosed building,2 In normal use,1.0,,NO,,,,,1 Present,1 Smoke,2 Detector operated,"1 Detector alerted occupants, occupants responded",,N None Present,1 Wet - pipe sprinkler system,1 System operated and was effective,,1.0,3.0,Nob Hill,"-122.415322, 37.791331",2023-10-06 08:37:45,2025-06-01 02:18:08
23134533,0,231345330,Kirkham Street,2023-10-06,232790798,2023-10-06 08:44:20,2023-10-06 08:49:21,2023-10-06 08:49:23,San Francisco,94122,B08,22,7331,1,4,0,0,0,0,,500.0,500.0,0,0,0,0,1,"440 Electrical  wiring/equipment problem, other",N None,86 Investigate,86 Investigate,"00 Action taken, other",1 Detector alerted occupants,UUU Undetermined,00 Other area of fire origin,1 Intentional,UU Undetermined,,UU Undetermined,UU Undetermined,N None,1 Enclosed building,2 In normal use,1.0,,NO,,,,,1 Present,1 Smoke,2 Detector operated,"1 Detector alerted occupants, occupants responded",,N None Present,1 Wet - pipe sprinkler system,1 System operated and was effective,,1.0,7.0,Inner Sunset,"-122.464981, 37.760356",2023-10-06 08:49:23,2025-06-01 02:18:08
23134541,0,231345410,2325 Washington Street,2023-10-06,232790844,2023-10-06 08:55:40,2023-10-06 08:59:58,2023-10-06 09:08:24,San Francisco,94115,B04,38,3436,3,10,0,0,0,0,,500.0,500.0,0,0,0,0,1,412 Gas leak (natural gas or LPG),N None,86 Investigate,86 Investigate,"00 Action taken, other",1 Detector alerted occupants,429 Multifamily dwelling,00 Other area of fire origin,1 Intentional,UU Undetermined,,UU Undetermined,UU Undetermined,N None,1 Enclosed building,2 In normal use,1.0,,NO,,,,,1 Present,1 Smoke,2 Detector operated,"1 Detector alerted occupants, occupants responded",,N None Present,1 Wet - pipe sprinkler system,1 System operated and was effective,,1.0,2.0,Pacific Heights,"-122.431526, 37.791884",2023-10-06 09:08:24,2025-06-01 02:18:08
23134550,0,231345500,55 Mason Street,2023-10-06,232790894,2023-10-06 09:13:42,2023-10-06 09:18:01,2023-10-06 09:22:18,San Francisco,94102,B03,1,1365,1,4,0,0,0,0,,500.0,500.0,0,0,0,0,1,"151 Outside rubbish, trash or waste fire",N None,11 Extinguishment by fire service personnel,86 Investigate,"00 Action taken, other",1 Detector alerted occupants,"962 Residential street, road or residential driveway",00 Other area of fire origin,1 Intentional,UU Undetermined,,UU Undetermined,UU Undetermined,N None,1 Enclosed building,2 In normal use,1.0,,NO,,,,,1 Present,1 Smoke,2 Detector operated,"1 Detector alerted occupants, occupants responded",,N None Present,1 Wet - pipe sprinkler system,1 System operated and was effective,,1.0,5.0,Tenderloin,"-122.409608, 37.784029",2023-10-06 09:22:18,2025-06-01 02:18:08
23134551,0,231345510,423 Burrows Street,2023-10-06,232790898,2023-10-06 09:14:47,2023-10-06 09:18:30,2023-10-06 09:26:14,San Francisco,94134,B10,42,633,3,10,0,0,0,0,,500.0,500.0,0,0,0,0,1,"744 Detector activation, no fire  -  unintentional",N None,86 Investigate,86 Investigate,"00 Action taken, other",1 Detector alerted occupants,"213 Elementary school, including kindergarten",00 Other area of fire origin,1 Intentional,UU Undetermined,,UU Undetermined,UU Undetermined,N None,1 Enclosed building,2 In normal use,1.0,,NO,,,,,1 Present,1 Smoke,2 Detector operated,"1 Detector alerted occupants, occupants responded",,N None Present,1 Wet - pipe sprinkler system,1 System operated and was effective,,1.0,9.0,Portola,"-122.407281, 37.727944",2023-10-06 09:26:14,2025-06-01 02:18:08
23134552,0,231345520,900 Van Ness Avenue,2023-10-06,232790900,2023-10-06 09:15:24,2023-10-06 09:19:09,2023-10-06 09:22:17,San Francisco,94109,B04,3,3162,3,11,0,0,0,0,,500.0,500.0,0,0,0,0,1,"714 Central station, malicious false alarm",N None,86 Investigate,86 Investigate,"00 Action taken, other",1 Detector alerted occupants,"400 Residential, other",00 Other area of fire origin,1 Intentional,UU Undetermined,,UU Undetermined,UU Undetermined,N None,1 Enclosed building,2 In normal use,1.0,,NO,,,,,1 Present,1 Smoke,2 Detector operated,"1 Detector alerted occupants, occupants responded",,N None Present,1 Wet - pipe sprinkler system,1 System operated and was effective,,1.0,5.0,Tenderloin,"-122.420938, 37.7839",2023-10-06 09:22:17,2025-06-01 02:18:08
23134555,0,231345550,1100 Van Ness Avenue,2023-10-06,232790914,2023-10-06 09:18:46,2023-10-06 09:23:42,2023-10-06 09:42:03,San Francisco,94109,B04,3,3161,3,12,0,0,0,0,,500.0,500.0,0,0,0,0,1,"700 False alarm or false call, other",N None,"00 Action taken, other",86 Investigate,"00 Action taken, other",1 Detector alerted occupants,"000 Property Use, other",00 Other area of fire origin,1 Intentional,UU Undetermined,,UU Undetermined,UU Undetermined,N None,1 Enclosed building,2 In normal use,1.0,,NO,,,,,1 Present,1 Smoke,2 Detector operated,"1 Detector alerted occupants, occupants responded",,N None Present,1 Wet - pipe sprinkler system,1 System operated and was effective,,1.0,3.0,Tenderloin,"-122.421322, 37.785761",2023-10-06 09:42:03,2025-06-01 02:18:08
23134558,0,231345580,239 Myrtle Street,2023-10-06,232790929,2023-10-06 09:22:34,2023-10-06 09:23:58,2023-10-06 09:25:07,San Francisco,94109,B04,3,3162,1,4,0,0,0,0,,500.0,500.0,0,0,0,0,1,"700 False alarm or false call, other",N None,87 Investigate fire out on arrival,86 Investigate,"00 Action taken, other",1 Detector alerted occupants,"900 Outside or special property, other",00 Other area of fire origin,1 Intentional,UU Undetermined,,UU Undetermined,UU Undetermined,N None,1 Enclosed building,2 In normal use,1.0,,NO,,,,,1 Present,1 Smoke,2 Detector operated,"1 Detector alerted occupants, occupants responded",,N None Present,1 Wet - pipe sprinkler system,1 System operated and was effective,,1.0,2.0,Western Addition,"-122.421934, 37.785071",2023-10-06 09:25:07,2025-06-01 02:18:08
23134559,0,231345590,799 Moscow Street,2023-10-06,232790930,2023-10-06 09:22:43,2023-10-06 09:26:38,2023-10-06 09:37:53,San Francisco,94112,B09,43,6161,1,4,0,0,0,0,,500.0,500.0,0,0,0,0,1,"500 Service Call, other",N None,"70 Assistance, other",86 Investigate,"00 Action taken, other",1 Detector alerted occupants,"120 Variable - use amusement, recreation places, other",00 Other area of fire origin,1 Intentional,UU Undetermined,,UU Undetermined,UU Undetermined,N None,1 Enclosed building,2 In normal use,1.0,,NO,,,,,1 Present,1 Smoke,2 Detector operated,"1 Detector alerted occupants, occupants responded",,N None Present,1 Wet - pipe sprinkler system,1 System operated and was effective,,1.0,11.0,Excelsior,"-122.429239, 37.714046",2023-10-06 09:37:53,2025-06-01 02:18:08
23134566,0,231345660,1730 Ofarrell Street,2023-10-06,232790981,2023-10-06 09:39:22,2023-10-06 09:42:23,2023-10-06 09:47:20,San Francisco,94115,B04,5,3623,3,10,0,0,0,0,,500.0,500.0,0,0,0,0,1,733 Smoke detector activation due to malfunction,N None,63 Restore fire alarm system,86 Investigate,"00 Action taken, other",1 Detector alerted occupants,"400 Residential, other",00 Other area of fire origin,1 Intentional,UU Undetermined,,UU Undetermined,UU Undetermined,N None,1 Enclosed building,2 In normal use,1.0,,NO,,,,,1 Present,1 Smoke,2 Detector operated,"1 Detector alerted occupants, occupants responded",,N None Present,1 Wet - pipe sprinkler system,1 System operated and was effective,,1.0,5.0,Western Addition,"-122.433257, 37.783291",2023-10-06 09:47:20,2025-06-01 02:18:08
23134577,0,231345770,1730 Ofarrell Street,2023-10-06,232791034,2023-10-06 09:53:16,2023-10-06 09:55:56,2023-10-06 09:59:21,San Francisco,94115,B04,5,3623,3,10,0,0,0,0,,500.0,500.0,0,0,0,0,1,733 Smoke detector activation due to malfunction,N None,63 Restore fire alarm system,86 Investigate,"00 Action taken, other",1 Detector alerted occupants,"400 Residential, other",00 Other area of fire origin,1 Intentional,UU Undetermined,,UU Undetermined,UU Undetermined,N None,1 Enclosed building,2 In normal use,1.0,,NO,,,,,1 Present,1 Smoke,2 Detector operated,"1 Detector alerted occupants, occupants responded",,N None Present,1 Wet - pipe sprinkler system,1 System operated and was effective,,1.0,5.0,Western Addition,"-122.433257, 37.783291",2023-10-06 09:59:21,2025-06-01 02:18:08
23134589,0,231345890,Diamond Heights Bl,2023-10-06,232791163,2023-10-06 10:26:01,2023-10-06 10:32:57,2023-10-06 11:07:24,San Francisco,94131,B06,26,8162,2,9,0,0,0,0,,3000.0,500.0,0,0,0,0,1,131 Passenger vehicle fire,N None,11 Extinguishment by fire service personnel,86 Investigate,"00 Action taken, other",1 Detector alerted occupants,NNN None,UU Undetermined,2 Unintentional,UU Undetermined,,UU Undetermined,UU Undetermined,N None,1 Enclosed building,2 In normal use,1.0,,NO,,,,,1 Present,1 Smoke,2 Detector operated,"1 Detector alerted occupants, occupants responded",,N None Present,1 Wet - pipe sprinkler system,1 System operated and was effective,,1.0,8.0,Glen Park,"-122.437683, 37.743607",2023-10-06 11:07:24,2025-06-01 02:18:08
23134592,0,231345920,64 Turk Street,2023-10-06,232791200,2023-10-06 10:34:53,2023-10-06 10:37:29,2023-10-06 10:39:46,San Francisco,94102,B03,1,1365,3,11,0,0,0,0,,500.0,500.0,0,0,0,0,1,734 Heat detector activation due to malfunction,N None,86 Investigate,86 Investigate,"00 Action taken, other",1 Detector alerted occupants,NNN None,00 Other area of fire origin,1 Intentional,UU Undetermined,,UU Undetermined,UU Undetermined,N None,1 Enclosed building,2 In normal use,1.0,,NO,,,,,1 Present,1 Smoke,2 Detector operated,"1 Detector alerted occupants, occupants responded",,N None Present,1 Wet - pipe sprinkler system,1 System operated and was effective,,1.0,5.0,Tenderloin,"-122.410102, 37.783366",2023-10-06 10:39:46,2025-06-01 02:18:08
23134597,0,231345970,Grove Street,2023-10-06,232791235,2023-10-06 10:42:31,2023-10-06 10:48:24,2023-10-06 10:50:00,San Francisco,94102,B02,36,3214,1,4,0,0,0,0,,500.0,500.0,0,0,0,0,1,622 No incident found on arrival at dispatch address,N None,86 Investigate,86 Investigate,"00 Action taken, other",1 Detector alerted occupants,"960 Street, other",00 Other area of fire origin,1 Intentional,UU Undetermined,,UU Undetermined,UU Undetermined,N None,1 Enclosed building,2 In normal use,1.0,,NO,,,,,1 Present,1 Smoke,2 Detector operated,"1 Detector alerted occupants, occupants responded",,N None Present,1 Wet - pipe sprinkler system,1 System operated and was effective,,1.0,5.0,Hayes Valley,"-122.423169, 37.777816",2023-10-06 10:50:00,2025-06-01 02:18:08
23134598,0,231345980,737 Folsom Street,2023-10-06,232791241,2023-10-06 10:44:02,2023-10-06 10:47:19,2023-10-06 10:48:45,San Francisco,94103,B03,1,2176,3,10,0,0,0,0,,500.0,500.0,0,0,0,0,1,"740 Unintentional transmission of alarm, other",N None,86 Investigate,86 Investigate,"00 Action taken, other",1 Detector alerted occupants,429 Multifamily dwelling,00 Other area of fire origin,1 Intentional,UU Undetermined,,UU Undetermined,UU Undetermined,N None,1 Enclosed building,2 In normal use,1.0,,NO,,,,,1 Present,1 Smoke,2 Detector operated,"1 Detector alerted occupants, occupants responded",,N None Present,1 Wet - pipe sprinkler system,1 System operated and was effective,,1.0,6.0,South of Market,"-122.399701, 37.783083",2023-10-06 10:48:45,2025-06-01 02:18:08
23134613,0,231346130,901-911 Union Street,2023-10-06,232791342,2023-10-06 11:14:07,2023-10-06 11:20:03,2023-10-06 11:23:17,San Francisco,94133,B01,2,1513,3,10,0,0,0,0,,500.0,500.0,0,0,0,0,1,"700 False alarm or false call, other",N None,86 Investigate,86 Investigate,"00 Action taken, other",1 Detector alerted occupants,UUU Undetermined,00 Other area of fire origin,1 Intentional,UU Undetermined,,UU Undetermined,UU Undetermined,N None,1 Enclosed building,2 In normal use,1.0,,NO,,,,,1 Present,1 Smoke,2 Detector operated,"1 Detector alerted occupants, occupants responded",,N None Present,1 Wet - pipe sprinkler system,1 System operated and was effective,,1.0,3.0,Russian Hill,"-122.414193, 37.799744",2023-10-06 11:23:17,2025-06-01 02:18:08
23134620,0,231346200,1742 Quesada Avenue,2023-10-06,232791394,2023-10-06 11:32:13,2023-10-06 11:35:38,2023-10-06 11:38:42,San Francisco,94124,B10,17,6514,1,4,0,0,0,0,,500.0,500.0,0,0,0,0,1,531 Smoke or odor removal,N None,86 Investigate,86 Investigate,"00 Action taken, other",1 Detector alerted occupants,419 1 or 2 family dwelling,00 Other area of fire origin,1 Intentional,UU Undetermined,,UU Undetermined,UU Undetermined,N None,1 Enclosed building,2 In normal use,1.0,,NO,,,,,1 Present,1 Smoke,2 Detector operated,"1 Detector alerted occupants, occupants responded",,N None Present,1 Wet - pipe sprinkler system,1 System operated and was effective,,1.0,10.0,Bayview Hunters Point,"-122.392103, 37.733796",2023-10-06 11:38:42,2025-06-01 02:18:08
23134624,0,231346240,14 Sadowa Street,2023-10-06,232791436,2023-10-06 11:42:38,2023-10-06 11:48:16,2023-10-06 11:54:26,San Francisco,94112,B09,33,8371,3,11,0,0,0,0,,500.0,500.0,0,0,0,0,1,"744 Detector activation, no fire  -  unintentional",N None,86 Investigate,63 Restore fire alarm system,"00 Action taken, other",1 Detector alerted occupants,419 1 or 2 family dwelling,00 Other area of fire origin,1 Intentional,UU Undetermined,,UU Undetermined,UU Undetermined,N None,1 Enclosed building,2 In normal use,1.0,,NO,,,,,1 Present,1 Smoke,2 Detector operated,"1 Detector alerted occupants, occupants responded",,N None Present,1 Wet - pipe sprinkler system,1 System operated and was effective,,1.0,11.0,Oceanview/Merced/Ingleside,"-122.454819, 37.712403",2023-10-06 11:54:26,2025-06-01 02:18:08
23134633,0,231346330,2355 Folsom Street,2023-10-06,232791517,2023-10-06 12:04:59,2023-10-06 12:08:27,2023-10-06 12:15:30,San Francisco,94110,B06,7,556,3,11,0,0,0,0,,500.0,500.0,0,0,0,0,1,"743 Smoke detector activation, no fire  -  unintentional",N None,63 Restore fire alarm system,86 Investigate,"00 Action taken, other",1 Detector alerted occupants,215 High school/junior high school/middle school,00 Other area of fire origin,1 Intentional,UU Undetermined,,UU Undetermined,UU Undetermined,N None,1 Enclosed building,2 In normal use,1.0,,NO,,,,,1 Present,1 Smoke,2 Detector operated,"1 Detector alerted occupants, occupants responded",,N None Present,1 Wet - pipe sprinkler system,1 System operated and was effective,,1.0,9.0,Mission,"-122.414693, 37.759625",2023-10-06 12:15:30,2025-06-01 02:18:08
23134651,0,231346510,556 Larkin Street,2023-10-06,232791673,2023-10-06 12:40:34,2023-10-06 12:42:04,2023-10-06 13:33:09,San Francisco,94109,B02,3,1643,2,10,1,2,0,0,,500.0,500.0,0,0,0,0,1,554 Assist invalid,N None,73 Provide manpower,86 Investigate,"00 Action taken, other",1 Detector alerted occupants,429 Multifamily dwelling,00 Other area of fire origin,1 Intentional,UU Undetermined,,UU Undetermined,UU Undetermined,N None,1 Enclosed building,2 In normal use,1.0,,NO,,,,,1 Present,1 Smoke,2 Detector operated,"1 Detector alerted occupants, occupants responded",,N None Present,1 Wet - pipe sprinkler system,1 System operated and was effective,,1.0,5.0,Tenderloin,"-122.417362, 37.782913",2023-10-06 13:33:09,2025-06-01 02:18:08
23134656,0,231346560,72 Ellis Street,2023-10-06,232791693,2023-10-06 12:45:46,2023-10-06 12:47:58,2023-10-06 13:02:04,San Francisco,94103,B03,13,1322,3,10,0,0,0,0,,500.0,500.0,0,0,0,0,1,"743 Smoke detector activation, no fire  -  unintentional",N None,63 Restore fire alarm system,86 Investigate,"00 Action taken, other",1 Detector alerted occupants,429 Multifamily dwelling,00 Other area of fire origin,1 Intentional,UU Undetermined,,UU Undetermined,UU Undetermined,N None,1 Enclosed building,2 In normal use,1.0,,NO,,,,,1 Present,1 Smoke,2 Detector operated,"1 Detector alerted occupants, occupants responded",,N None Present,1 Wet - pipe sprinkler system,1 System operated and was effective,,1.0,3.0,Financial District/South Beach,"-122.407281, 37.785633",2023-10-06 13:02:04,2025-06-01 02:18:08
23134660,0,231346600,Ingalls Street,2023-10-06,232791707,2023-10-06 12:49:32,2023-10-06 12:52:24,2023-10-06 13:07:16,San Francisco,94124,B10,17,6615,3,10,0,0,0,0,,500.0,500.0,0,0,0,0,1,"700 False alarm or false call, other",N None,86 Investigate,86 Investigate,"00 Action taken, other",1 Detector alerted occupants,891 Warehouse,00 Other area of fire origin,1 Intentional,UU Undetermined,,UU Undetermined,UU Undetermined,N None,1 Enclosed building,2 In normal use,1.0,,NO,,,,,1 Present,1 Smoke,2 Detector operated,"1 Detector alerted occupants, occupants responded",,N None Present,1 Wet - pipe sprinkler system,1 System operated and was effective,,1.0,10.0,Bayview Hunters Point,"-122.389055, 37.723484",2023-10-06 13:07:16,2025-06-01 02:18:08
23134665,0,231346650,107 Cypress Street,2023-10-06,232791742,2023-10-06 12:56:57,2023-10-06 13:01:10,2023-10-06 13:29:15,San Francisco,94110,B06,11,5534,3,10,0,0,0,0,,500.0,500.0,0,0,0,0,1,735 Alarm system sounded due to malfunction,N None,86 Investigate,86 Investigate,"00 Action taken, other",1 Detector alerted occupants,429 Multifamily dwelling,00 Other area of fire origin,1 Intentional,UU Undetermined,,UU Undetermined,UU Undetermined,N None,1 Enclosed building,2 In normal use,1.0,,NO,,,,,1 Present,1 Smoke,2 Detector operated,"1 Detector alerted occupants, occupants responded",,N None Present,1 Wet - pipe sprinkler system,1 System operated and was effective,,1.0,9.0,Mission,"-122.416571, 37.750585",2023-10-06 13:29:15,2025-06-01 02:18:08
23134668,0,231346680,1855 Clay Street,2023-10-06,232791755,2023-10-06 13:03:27,2023-10-06 13:06:47,2023-10-06 13:15:43,San Francisco,94109,B04,41,3154,3,10,0,0,0,0,,500.0,500.0,0,0,0,0,1,"745 Alarm system activation, no fire  -  unintentional",N None,86 Investigate,86 Investigate,"00 Action taken, other",1 Detector alerted occupants,429 Multifamily dwelling,00 Other area of fire origin,1 Intentional,UU Undetermined,,UU Undetermined,UU Undetermined,N None,1 Enclosed building,2 In normal use,1.0,,NO,,,,,1 Present,1 Smoke,2 Detector operated,"1 Detector alerted occupants, occupants responded",,N None Present,1 Wet - pipe sprinkler system,1 System operated and was effective,,1.0,2.0,Pacific Heights,"-122.42358, 37.791992",2023-10-06 13:15:43,2025-06-01 02:18:08
23134675,0,231346750,45th Avenue,2023-10-06,232791804,2023-10-06 13:17:09,2023-10-06 13:20:01,2023-10-06 13:24:56,San Francisco,94122,B08,23,7655,1,4,0,0,0,0,,500.0,500.0,0,0,0,0,1,444 Power line down,N None,86 Investigate,86 Investigate,"00 Action taken, other",1 Detector alerted occupants,"962 Residential street, road or residential driveway",00 Other area of fire origin,1 Intentional,UU Undetermined,,UU Undetermined,UU Undetermined,N None,1 Enclosed building,2 In normal use,1.0,,NO,,,,,1 Present,1 Smoke,2 Detector operated,"1 Detector alerted occupants, occupants responded",,N None Present,1 Wet - pipe sprinkler system,1 System operated and was effective,,1.0,4.0,Sunset/Parkside,"-122.504723, 37.758605",2023-10-06 13:24:56,2025-06-01 02:18:08
23134676,0,231346760,450 Folsom Street,2023-10-06,232791810,2023-10-06 13:18:41,2023-10-06 13:23:20,2023-10-06 13:34:05,San Francisco,94105,B03,35,2137,3,10,0,0,0,0,,500.0,500.0,0,0,0,0,1,"743 Smoke detector activation, no fire  -  unintentional",N None,63 Restore fire alarm system,86 Investigate,"00 Action taken, other",1 Detector alerted occupants,429 Multifamily dwelling,00 Other area of fire origin,1 Intentional,UU Undetermined,,UU Undetermined,UU Undetermined,N None,1 Enclosed building,2 In normal use,1.0,,NO,,,,,1 Present,1 Smoke,2 Detector operated,"1 Detector alerted occupants, occupants responded",,N None Present,1 Wet - pipe sprinkler system,1 System operated and was effective,,1.0,6.0,Financial District/South Beach,"-122.394234, 37.787593",2023-10-06 13:34:05,2025-06-01 02:18:08
23134677,0,231346770,1550 Mission Street,2023-10-06,232791816,2023-10-06 13:20:05,2023-10-06 13:24:14,2023-10-06 13:33:15,San Francisco,94103,B02,36,5116,3,11,0,0,0,0,,500.0,500.0,0,0,0,0,1,"113 Cooking fire, confined to container",N None,86 Investigate,86 Investigate,"00 Action taken, other",1 Detector alerted occupants,429 Multifamily dwelling,00 Other area of fire origin,1 Intentional,UU Undetermined,,UU Undetermined,UU Undetermined,N None,1 Enclosed building,2 In normal use,1.0,,NO,,,,,1 Present,1 Smoke,2 Detector operated,"1 Detector alerted occupants, occupants responded",,N None Present,1 Wet - pipe sprinkler system,1 System operated and was effective,,1.0,6.0,Mission,"-122.41809, 37.773603",2023-10-06 13:33:15,2025-06-01 02:18:08
23134686,0,231346860,1320 Broadway Tu,2023-10-06,232791862,2023-10-06 13:30:37,2023-10-06 13:36:09,2023-10-06 13:41:05,San Francisco,94133,B01,41,1637,2,8,2,4,0,0,,500.0,500.0,0,0,0,0,1,322 Motor vehicle accident with injuries,N None,"00 Action taken, other",86 Investigate,"00 Action taken, other",1 Detector alerted occupants,NNN None,00 Other area of fire origin,1 Intentional,UU Undetermined,,UU Undetermined,UU Undetermined,N None,1 Enclosed building,2 In normal use,1.0,,NO,,,,,1 Present,1 Smoke,2 Detector operated,"1 Detector alerted occupants, occupants responded",,N None Present,1 Wet - pipe sprinkler system,1 System operated and was effective,,1.0,3.0,Russian Hill,"-122.418934, 37.79663",2023-10-06 13:41:05,2025-06-01 02:18:08
23134687,0,231346870,376 Ellis Street,2023-10-06,232791880,2023-10-06 13:34:53,2023-10-06 13:38:05,2023-10-06 15:58:02,San Francisco,94102,B03,3,1461,6,23,0,0,1,2,,1000.0,500.0,0,0,0,0,1,"200 Overpressure rupture, explosion, overheat other",N None,55 Establish safe area,86 Investigate,"00 Action taken, other",1 Detector alerted occupants,429 Multifamily dwelling,00 Other area of fire origin,1 Intentional,UU Undetermined,,UU Undetermined,UU Undetermined,N None,1 Enclosed building,2 In normal use,1.0,,NO,,,,,1 Present,1 Smoke,2 Detector operated,"1 Detector alerted occupants, occupants responded",,N None Present,1 Wet - pipe sprinkler system,1 System operated and was effective,,1.0,5.0,Tenderloin,"-122.412382, 37.784986",2023-10-06 15:58:02,2025-06-01 02:18:08
23134689,0,231346890,129 Terrace Drive,2023-10-06,232791882,2023-10-06 13:35:42,2023-10-06 13:42:29,2023-10-06 13:54:00,San Francisco,94127,B08,39,8562,3,10,0,0,0,0,,500.0,500.0,0,0,0,0,1,"746 Carbon monoxide detector activation, no CO",N None,86 Investigate,86 Investigate,"00 Action taken, other",1 Detector alerted occupants,419 1 or 2 family dwelling,00 Other area of fire origin,1 Intentional,UU Undetermined,,UU Undetermined,UU Undetermined,N None,1 Enclosed building,2 In normal use,1.0,,NO,,,,,1 Present,1 Smoke,2 Detector operated,"1 Detector alerted occupants, occupants responded",,N None Present,1 Wet - pipe sprinkler system,1 System operated and was effective,,1.0,7.0,West of Twin Peaks,"-122.465053, 37.737189",2023-10-06 13:54:00,2025-06-01 02:18:08
23134697,0,231346970,151 Lippard Avenue,2023-10-06,232791942,2023-10-06 13:52:29,2023-10-06 13:57:27,2023-10-06 14:06:24,San Francisco,94131,B09,26,817,3,11,0,0,0,0,,500.0,500.0,0,0,0,0,1,"711 Municipal alarm system, malicious false alarm",N None,86 Investigate,63 Restore fire alarm system,"00 Action taken, other",1 Detector alerted occupants,"213 Elementary school, including kindergarten",00 Other area of fire origin,1 Intentional,UU Undetermined,,UU Undetermined,UU Undetermined,N None,1 Enclosed building,2 In normal use,1.0,,NO,,,,,1 Present,1 Smoke,2 Detector operated,"1 Detector alerted occupants, occupants responded",,N None Present,1 Wet - pipe sprinkler system,1 System operated and was effective,,1.0,8.0,West of Twin Peaks,"-122.435621, 37.733131",2023-10-06 14:06:24,2025-06-01 02:18:08
23134706,0,231347060,1107 Hollister Avenue,2023-10-06,232791983,2023-10-06 14:06:16,2023-10-06 14:10:09,2023-10-06 14:15:20,San Francisco,94124,B10,17,6612,1,4,0,0,0,0,,500.0,500.0,0,0,0,0,1,"700 False alarm or false call, other",N None,86 Investigate,86 Investigate,"00 Action taken, other",1 Detector alerted occupants,419 1 or 2 family dwelling,00 Other area of fire origin,1 Intentional,UU Undetermined,,UU Undetermined,UU Undetermined,N None,1 Enclosed building,2 In normal use,1.0,,NO,,,,,1 Present,1 Smoke,2 Detector operated,"1 Detector alerted occupants, occupants responded",,N None Present,1 Wet - pipe sprinkler system,1 System operated and was effective,,1.0,10.0,Bayview Hunters Point,"-122.392648, 37.719783",2023-10-06 14:15:20,2025-06-01 02:18:08
23134712,0,231347120,Guerrero Street,2023-10-06,232792045,2023-10-06 14:21:24,2023-10-06 14:25:28,2023-10-06 14:31:14,San Francisco,94110,B06,11,5524,1,5,0,0,0,0,,500.0,500.0,0,0,0,0,1,"800 Severe weather or natural disaster, other",N None,79 Assess severe weather or natural disaster damage,86 Investigate,"00 Action taken, other",1 Detector alerted occupants,"962 Residential street, road or residential driveway",00 Other area of fire origin,1 Intentional,UU Undetermined,,UU Undetermined,UU Undetermined,N None,1 Enclosed building,2 In normal use,1.0,,NO,,,,,1 Present,1 Smoke,2 Detector operated,"1 Detector alerted occupants, occupants responded",,N None Present,1 Wet - pipe sprinkler system,1 System operated and was effective,,1.0,8.0,Mission,"-122.422727, 37.750373",2023-10-06 14:31:14,2025-06-01 02:18:08
23134717,0,231347170,Geary Bl,2023-10-06,232792073,2023-10-06 14:27:42,2023-10-06 14:32:05,2023-10-06 14:46:36,San Francisco,94115,B04,5,3432,1,4,1,2,0,0,,500.0,500.0,0,0,0,0,1,"700 False alarm or false call, other",N None,86 Investigate,86 Investigate,"00 Action taken, other",1 Detector alerted occupants,"900 Outside or special property, other",00 Other area of fire origin,1 Intentional,UU Undetermined,,UU Undetermined,UU Undetermined,N None,1 Enclosed building,2 In normal use,1.0,,NO,,,,,1 Present,1 Smoke,2 Detector operated,"1 Detector alerted occupants, occupants responded",,N None Present,1 Wet - pipe sprinkler system,1 System operated and was effective,,1.0,5.0,Western Addition,"-122.431207, 37.784568",2023-10-06 14:46:36,2025-06-01 02:18:08
23134718,0,231347180,1390 Market Street,2023-10-06,232792074,2023-10-06 14:27:52,2023-10-06 14:32:05,2023-10-06 14:41:00,San Francisco,94102,B02,36,3111,3,10,0,0,0,0,,500.0,500.0,0,0,0,0,1,"730 System malfunction, other",N None,63 Restore fire alarm system,86 Investigate,"00 Action taken, other",1 Detector alerted occupants,429 Multifamily dwelling,00 Other area of fire origin,1 Intentional,UU Undetermined,,UU Undetermined,UU Undetermined,N None,1 Enclosed building,2 In normal use,1.0,,NO,,,,,1 Present,1 Smoke,2 Detector operated,"1 Detector alerted occupants, occupants responded",,N None Present,1 Wet - pipe sprinkler system,1 System operated and was effective,,1.0,6.0,Tenderloin,"-122.417343, 37.777072",2023-10-06 14:41:00,2025-06-01 02:18:08
23134722,0,231347220,100 1st Street,2023-10-06,232792100,2023-10-06 14:33:28,2023-10-06 14:36:58,2023-10-06 14:50:54,San Francisco,94105,B03,35,2141,3,12,0,0,0,0,,500.0,500.0,0,0,0,0,1,"311 Medical assist, assist EMS crew",N None,"30 Emergency medical services, other",86 Investigate,"00 Action taken, other",1 Detector alerted occupants,UUU Undetermined,00 Other area of fire origin,1 Intentional,UU Undetermined,,UU Undetermined,UU Undetermined,N None,1 Enclosed building,2 In normal use,1.0,,NO,,,,,1 Present,1 Smoke,2 Detector operated,"1 Detector alerted occupants, occupants responded",,N None Present,1 Wet - pipe sprinkler system,1 System operated and was effective,,1.0,6.0,Financial District/South Beach,"-122.397576, 37.789665",2023-10-06 14:50:54,2025-06-01 02:18:08
23134724,0,231347240,680 18th Avenue,2023-10-06,232792104,2023-10-06 14:34:12,2023-10-06 14:36:56,2023-10-06 15:10:44,San Francisco,94121,B07,31,720,10,36,2,4,1,2,,500.0,500.0,0,0,0,0,1,"700 False alarm or false call, other",N None,86 Investigate,86 Investigate,"00 Action taken, other",1 Detector alerted occupants,429 Multifamily dwelling,00 Other area of fire origin,1 Intentional,UU Undetermined,,UU Undetermined,UU Undetermined,N None,1 Enclosed building,2 In normal use,1.0,,NO,,,,,1 Present,1 Smoke,2 Detector operated,"1 Detector alerted occupants, occupants responded",,N None Present,1 Wet - pipe sprinkler system,1 System operated and was effective,,1.0,1.0,Outer Richmond,"-122.476789, 37.775158",2023-10-06 15:10:44,2025-06-01 02:18:08
23134736,0,231347360,1390 Market Street,2023-10-06,232792177,2023-10-06 14:56:06,2023-10-06 14:57:27,2023-10-06 15:02:57,San Francisco,94102,B02,36,3111,3,10,0,0,0,0,,500.0,500.0,0,0,0,0,1,"730 System malfunction, other",N None,63 Restore fire alarm system,86 Investigate,"00 Action taken, other",1 Detector alerted occupants,429 Multifamily dwelling,00 Other area of fire origin,1 Intentional,UU Undetermined,,UU Undetermined,UU Undetermined,N None,1 Enclosed building,2 In normal use,1.0,,NO,,,,,1 Present,1 Smoke,2 Detector operated,"1 Detector alerted occupants, occupants responded",,N None Present,1 Wet - pipe sprinkler system,1 System operated and was effective,,1.0,6.0,Tenderloin,"-122.417343, 37.777072",2023-10-06 15:02:57,2025-06-01 02:18:08
23134737,0,231347370,45 Oakwood Street,2023-10-06,232792183,2023-10-06 14:57:37,2023-10-06 15:02:37,2023-10-06 15:09:33,San Francisco,94110,B02,7,5422,2,5,0,0,0,0,,500.0,500.0,0,0,0,0,1,412 Gas leak (natural gas or LPG),N None,86 Investigate,86 Investigate,"00 Action taken, other",1 Detector alerted occupants,"960 Street, other",00 Other area of fire origin,1 Intentional,UU Undetermined,,UU Undetermined,UU Undetermined,N None,1 Enclosed building,2 In normal use,1.0,,NO,,,,,1 Present,1 Smoke,2 Detector operated,"1 Detector alerted occupants, occupants responded",,N None Present,1 Wet - pipe sprinkler system,1 System operated and was effective,,1.0,8.0,Mission,"-122.424866, 37.760771",2023-10-06 15:09:33,2025-06-01 02:18:08
23134740,0,231347400,1221 Greenwich Street,2023-10-06,232792193,2023-10-06 14:58:47,2023-10-06 15:06:20,2023-10-06 15:21:50,San Francisco,94109,B01,28,1612,3,10,0,0,0,0,,500.0,500.0,0,0,0,0,1,735 Alarm system sounded due to malfunction,N None,86 Investigate,86 Investigate,"00 Action taken, other",1 Detector alerted occupants,429 Multifamily dwelling,00 Other area of fire origin,1 Intentional,UU Undetermined,,UU Undetermined,UU Undetermined,N None,1 Enclosed building,2 In normal use,1.0,,NO,,,,,1 Present,1 Smoke,2 Detector operated,"1 Detector alerted occupants, occupants responded",,N None Present,1 Wet - pipe sprinkler system,1 System operated and was effective,,1.0,3.0,Russian Hill,"-122.419738, 37.800956",2023-10-06 15:21:50,2025-06-01 02:18:08
23134742,0,231347420,35th Avenue,2023-10-06,232792199,2023-10-06 15:01:09,2023-10-06 15:03:56,2023-10-06 16:32:11,San Francisco,94122,B08,23,7564,1,4,1,2,0,0,,500.0,500.0,0,0,0,0,1,"500 Service Call, other",N None,"70 Assistance, other",86 Investigate,"00 Action taken, other",1 Detector alerted occupants,"962 Residential street, road or residential driveway",00 Other area of fire origin,1 Intentional,UU Undetermined,,UU Undetermined,UU Undetermined,N None,1 Enclosed building,2 In normal use,1.0,,NO,,,,,1 Present,1 Smoke,2 Detector operated,"1 Detector alerted occupants, occupants responded",,N None Present,1 Wet - pipe sprinkler system,1 System operated and was effective,,1.0,4.0,Sunset/Parkside,"-122.49414, 37.760943",2023-10-06 16:32:11,2025-06-01 02:18:08
23134744,0,231347440,Lyell Street,2023-10-06,232792222,2023-10-06 15:06:06,2023-10-06 15:15:38,2023-10-06 15:16:10,San Francisco,94112,B09,32,8137,1,4,0,0,0,0,,500.0,500.0,0,0,0,0,1,"700 False alarm or false call, other",N None,86 Investigate,86 Investigate,"00 Action taken, other",1 Detector alerted occupants,"962 Residential street, road or residential driveway",00 Other area of fire origin,1 Intentional,UU Undetermined,,UU Undetermined,UU Undetermined,N None,1 Enclosed building,2 In normal use,1.0,,NO,,,,,1 Present,1 Smoke,2 Detector operated,"1 Detector alerted occupants, occupants responded",,N None Present,1 Wet - pipe sprinkler system,1 System operated and was effective,,1.0,8.0,Outer Mission,"-122.431956, 37.732993",2023-10-06 15:16:10,2025-06-01 02:18:08
23134745,0,231347450,319 Murray Street,2023-10-06,232792229,2023-10-06 15:07:29,2023-10-06 15:18:01,2023-10-06 15:19:18,San Francisco,94112,B06,32,5641,1,4,0,0,0,0,,500.0,500.0,0,0,0,0,1,"700 False alarm or false call, other",N None,86 Investigate,86 Investigate,"00 Action taken, other",1 Detector alerted occupants,419 1 or 2 family dwelling,00 Other area of fire origin,1 Intentional,UU Undetermined,,UU Undetermined,UU Undetermined,N None,1 Enclosed building,2 In normal use,1.0,,NO,,,,,1 Present,1 Smoke,2 Detector operated,"1 Detector alerted occupants, occupants responded",,N None Present,1 Wet - pipe sprinkler system,1 System operated and was effective,,1.0,9.0,Bernal Heights,"-122.422049, 37.734095",2023-10-06 15:19:18,2025-06-01 02:18:08
23134757,0,231347570,735 Davis Street,2023-10-06,232792291,2023-10-06 15:20:45,2023-10-06 15:26:19,2023-10-06 15:34:28,San Francisco,94111,B01,13,1131,3,10,0,0,0,0,,500.0,500.0,0,0,0,0,1,"743 Smoke detector activation, no fire  -  unintentional",N None,63 Restore fire alarm system,86 Investigate,"00 Action taken, other",1 Detector alerted occupants,429 Multifamily dwelling,00 Other area of fire origin,1 Intentional,UU Undetermined,,UU Undetermined,UU Undetermined,N None,1 Enclosed building,2 In normal use,1.0,,NO,,,,,1 Present,1 Smoke,2 Detector operated,"1 Detector alerted occupants, occupants responded",,N None Present,1 Wet - pipe sprinkler system,1 System operated and was effective,,1.0,3.0,Financial District/South Beach,"-122.398853, 37.79922",2023-10-06 15:34:28,2025-06-01 02:18:08
23134759,0,231347590,1740 Beach Street,2023-10-06,232792294,2023-10-06 15:21:14,2023-10-06 15:23:55,2023-10-06 15:42:55,San Francisco,94123,B04,16,3556,9,33,1,2,1,2,,500.0,500.0,0,0,0,0,1,"113 Cooking fire, confined to container",N None,73 Provide manpower,86 Investigate,"00 Action taken, other",1 Detector alerted occupants,429 Multifamily dwelling,00 Other area of fire origin,1 Intentional,UU Undetermined,,UU Undetermined,UU Undetermined,N None,1 Enclosed building,2 In normal use,1.0,,NO,,,,,1 Present,1 Smoke,2 Detector operated,"1 Detector alerted occupants, occupants responded",,N None Present,1 Wet - pipe sprinkler system,1 System operated and was effective,,1.0,2.0,Marina,"-122.437802, 37.804332",2023-10-06 15:42:55,2025-06-01 02:18:08
23134762,0,231347620,Clayton Street,2023-10-06,232792338,2023-10-06 15:33:04,2023-10-06 15:37:07,2023-10-06 15:38:15,San Francisco,94117,B05,21,4524,2,9,0,0,0,0,,500.0,500.0,0,0,0,0,1,"711 Municipal alarm system, malicious false alarm",N None,86 Investigate,86 Investigate,"00 Action taken, other",1 Detector alerted occupants,"962 Residential street, road or residential driveway",00 Other area of fire origin,1 Intentional,UU Undetermined,,UU Undetermined,UU Undetermined,N None,1 Enclosed building,2 In normal use,1.0,,NO,,,,,1 Present,1 Smoke,2 Detector operated,"1 Detector alerted occupants, occupants responded",,N None Present,1 Wet - pipe sprinkler system,1 System operated and was effective,,1.0,5.0,Haight Ashbury,"-122.44896, 37.771667",2023-10-06 15:38:15,2025-06-01 02:18:08
23134769,0,231347690,19th Street,2023-10-06,232792397,2023-10-06 15:44:43,2023-10-06 15:48:20,2023-10-06 15:56:04,San Francisco,94110,B06,7,5432,3,11,0,0,0,0,,500.0,500.0,0,0,0,0,1,"151 Outside rubbish, trash or waste fire",N None,11 Extinguishment by fire service personnel,86 Investigate,"00 Action taken, other",1 Detector alerted occupants,963 Street or road in commercial area,00 Other area of fire origin,1 Intentional,UU Undetermined,,UU Undetermined,UU Undetermined,N None,1 Enclosed building,2 In normal use,1.0,,NO,,,,,1 Present,1 Smoke,2 Detector operated,"1 Detector alerted occupants, occupants responded",,N None Present,1 Wet - pipe sprinkler system,1 System operated and was effective,,1.0,9.0,Mission,"-122.414845, 37.7605",2023-10-06 15:56:04,2025-06-01 02:18:08
23134773,0,231347730,550 Buena Vista Avenue West,2023-10-06,232792407,2023-10-06 15:46:20,2023-10-06 15:51:17,2023-10-06 16:04:34,San Francisco,94117,B05,12,5142,1,4,0,0,0,0,,500.0,500.0,0,0,0,0,1,"600 Good intent call, other",N None,86 Investigate,86 Investigate,"00 Action taken, other",1 Detector alerted occupants,419 1 or 2 family dwelling,00 Other area of fire origin,1 Intentional,UU Undetermined,,UU Undetermined,UU Undetermined,N None,1 Enclosed building,2 In normal use,1.0,,NO,,,,,1 Present,1 Smoke,2 Detector operated,"1 Detector alerted occupants, occupants responded",,N None Present,1 Wet - pipe sprinkler system,1 System operated and was effective,,1.0,8.0,Haight Ashbury,"-122.441379, 37.768564",2023-10-06 16:04:34,2025-06-01 02:18:08
23134775,0,231347750,Potrero Avenue,2023-10-06,232792431,2023-10-06 15:50:23,2023-10-06 15:58:04,2023-10-06 16:08:54,San Francisco,94110,B10,9,2624,1,4,0,0,0,0,,500.0,500.0,0,0,0,0,1,"150 Outside rubbish fire, other",N None,11 Extinguishment by fire service personnel,86 Investigate,"00 Action taken, other",1 Detector alerted occupants,NNN None,00 Other area of fire origin,1 Intentional,UU Undetermined,,UU Undetermined,UU Undetermined,N None,1 Enclosed building,2 In normal use,1.0,,NO,,,,,1 Present,1 Smoke,2 Detector operated,"1 Detector alerted occupants, occupants responded",,N None Present,1 Wet - pipe sprinkler system,1 System operated and was effective,,1.0,9.0,Bernal Heights,"-122.405096, 37.74911",2023-10-06 16:08:54,2025-06-01 02:18:08
23134783,0,231347830,3901 Clement Street,2023-10-06,232792485,2023-10-06 16:03:01,2023-10-06 16:09:21,2023-10-06 16:12:58,San Francisco,94121,B07,34,7256,1,5,0,0,0,0,,500.0,500.0,0,0,0,0,1,"500 Service Call, other",N None,"00 Action taken, other",86 Investigate,"00 Action taken, other",1 Detector alerted occupants,"000 Property Use, other",00 Other area of fire origin,1 Intentional,UU Undetermined,,UU Undetermined,UU Undetermined,N None,1 Enclosed building,2 In normal use,1.0,,NO,,,,,1 Present,1 Smoke,2 Detector operated,"1 Detector alerted occupants, occupants responded",,N None Present,1 Wet - pipe sprinkler system,1 System operated and was effective,,1.0,1.0,Outer Richmond,"-122.501024, 37.781204",2023-10-06 16:12:58,2025-06-01 02:18:08
23134784,0,231347840,500 Church Street,2023-10-06,232792488,2023-10-06 16:03:55,2023-10-06 16:12:11,2023-10-06 16:32:14,San Francisco,94114,B02,6,5421,1,5,0,0,0,0,,500.0,500.0,0,0,0,0,1,"500 Service Call, other",N None,"00 Action taken, other",86 Investigate,"00 Action taken, other",1 Detector alerted occupants,549 Specialty shop,00 Other area of fire origin,1 Intentional,UU Undetermined,,UU Undetermined,UU Undetermined,N None,1 Enclosed building,2 In normal use,1.0,,NO,,,,,1 Present,1 Smoke,2 Detector operated,"1 Detector alerted occupants, occupants responded",,N None Present,1 Wet - pipe sprinkler system,1 System operated and was effective,,1.0,8.0,Castro/Upper Market,"-122.428589, 37.762816",2023-10-06 16:32:14,2025-06-01 02:18:08
23134787,0,231347870,1321 Mission Street,2023-10-06,232792497,2023-10-06 16:05:49,2023-10-06 16:18:16,2023-10-06 16:28:55,San Francisco,94103,B02,36,2336,1,5,0,0,0,0,,500.0,500.0,0,0,0,0,1,554 Assist invalid,N None,71 Assist physically disabled,86 Investigate,"00 Action taken, other",1 Detector alerted occupants,"439 Boarding/rooming house, residential hotels",00 Other area of fire origin,1 Intentional,UU Undetermined,,UU Undetermined,UU Undetermined,N None,1 Enclosed building,2 In normal use,1.0,,NO,,,,,1 Present,1 Smoke,2 Detector operated,"1 Detector alerted occupants, occupants responded",,N None Present,1 Wet - pipe sprinkler system,1 System operated and was effective,,1.0,6.0,South of Market,"-122.414897, 37.775982",2023-10-06 16:28:55,2025-06-01 02:18:08
23134789,0,231347890,Alemany Bl,2023-10-06,232792512,2023-10-06 16:10:01,2023-10-06 16:15:13,2023-10-06 16:21:44,San Francisco,94112,B09,32,8263,1,4,0,0,0,0,,500.0,500.0,0,0,0,0,1,444 Power line down,N None,45 Remove hazard,86 Investigate,"00 Action taken, other",1 Detector alerted occupants,"962 Residential street, road or residential driveway",00 Other area of fire origin,1 Intentional,UU Undetermined,,UU Undetermined,UU Undetermined,N None,1 Enclosed building,2 In normal use,1.0,,NO,,,,,1 Present,1 Smoke,2 Detector operated,"1 Detector alerted occupants, occupants responded",,N None Present,1 Wet - pipe sprinkler system,1 System operated and was effective,,1.0,11.0,Outer Mission,"-122.433977, 37.729304",2023-10-06 16:21:44,2025-06-01 02:18:08
23134798,0,231347980,969 Treat Avenue,2023-10-06,232792551,2023-10-06 16:19:10,2023-10-06 16:24:03,2023-10-06 16:39:21,San Francisco,94110,B06,7,5477,3,10,0,0,0,0,,500.0,500.0,0,0,0,0,1,"743 Smoke detector activation, no fire  -  unintentional",N None,86 Investigate,86 Investigate,"00 Action taken, other",1 Detector alerted occupants,211 Preschool,00 Other area of fire origin,1 Intentional,UU Undetermined,,UU Undetermined,UU Undetermined,N None,1 Enclosed building,2 In normal use,1.0,,NO,,,,,1 Present,1 Smoke,2 Detector operated,"1 Detector alerted occupants, occupants responded",,N None Present,1 Wet - pipe sprinkler system,1 System operated and was effective,,1.0,9.0,Mission,"-122.413106, 37.754687",2023-10-06 16:39:21,2025-06-01 02:18:08
23134802,0,231348020,100 Van Ness Avenue,2023-10-06,232792572,2023-10-06 16:23:21,2023-10-06 16:30:22,2023-10-06 16:37:00,San Francisco,94102,B02,36,3166,1,5,0,0,0,0,,500.0,500.0,0,0,0,0,1,"600 Good intent call, other",N None,86 Investigate,86 Investigate,"00 Action taken, other",1 Detector alerted occupants,"449 Hotel/motel, commercial",00 Other area of fire origin,1 Intentional,UU Undetermined,,UU Undetermined,UU Undetermined,N None,1 Enclosed building,2 In normal use,1.0,,NO,,,,,1 Present,1 Smoke,2 Detector operated,"1 Detector alerted occupants, occupants responded",,N None Present,1 Wet - pipe sprinkler system,1 System operated and was effective,,1.0,5.0,Tenderloin,"-122.419436, 37.776449",2023-10-06 16:37:00,2025-06-01 02:18:08
23134803,0,231348030,3715 California Street,2023-10-06,232792573,2023-10-06 16:23:24,2023-10-06 16:27:55,2023-10-06 16:38:52,San Francisco,94118,B07,10,4436,3,10,0,0,0,0,,500.0,500.0,0,0,0,0,1,"700 False alarm or false call, other",N None,86 Investigate,86 Investigate,"00 Action taken, other",1 Detector alerted occupants,429 Multifamily dwelling,00 Other area of fire origin,1 Intentional,UU Undetermined,,UU Undetermined,UU Undetermined,N None,1 Enclosed building,2 In normal use,1.0,,NO,,,,,1 Present,1 Smoke,2 Detector operated,"1 Detector alerted occupants, occupants responded",,N None Present,1 Wet - pipe sprinkler system,1 System operated and was effective,,1.0,2.0,Presidio Heights,"-122.454915, 37.786156",2023-10-06 16:38:52,2025-06-01 02:18:08
23134804,0,231348040,655 Sutter Street,2023-10-06,232792585,2023-10-06 16:25:47,2023-10-06 16:30:43,2023-10-06 16:38:11,San Francisco,94108,B01,41,1412,3,11,0,0,0,0,,500.0,500.0,0,0,0,0,1,"700 False alarm or false call, other",N None,86 Investigate,86 Investigate,"00 Action taken, other",1 Detector alerted occupants,"400 Residential, other",00 Other area of fire origin,1 Intentional,UU Undetermined,,UU Undetermined,UU Undetermined,N None,1 Enclosed building,2 In normal use,1.0,,NO,,,,,1 Present,1 Smoke,2 Detector operated,"1 Detector alerted occupants, occupants responded",,N None Present,1 Wet - pipe sprinkler system,1 System operated and was effective,,1.0,3.0,Nob Hill,"-122.411129, 37.788835",2023-10-06 16:38:11,2025-06-01 02:18:08
23134806,0,231348060,886 Noe Street,2023-10-06,232792596,2023-10-06 16:29:14,2023-10-06 16:33:42,2023-10-06 16:38:22,San Francisco,94114,B06,24,5466,4,12,0,0,0,0,,500.0,500.0,0,0,0,0,1,733 Smoke detector activation due to malfunction,N None,86 Investigate,86 Investigate,"00 Action taken, other",1 Detector alerted occupants,429 Multifamily dwelling,00 Other area of fire origin,1 Intentional,UU Undetermined,,UU Undetermined,UU Undetermined,N None,1 Enclosed building,2 In normal use,1.0,,NO,,,,,1 Present,1 Smoke,2 Detector operated,"1 Detector alerted occupants, occupants responded",,N None Present,1 Wet - pipe sprinkler system,1 System operated and was effective,,1.0,8.0,Noe Valley,"-122.432286, 37.754837",2023-10-06 16:38:22,2025-06-01 02:18:08
23134813,0,231348130,399 The Embarcadero Sou,2023-10-06,232792675,2023-10-06 16:49:18,2023-10-06 16:51:24,2023-10-06 16:56:10,San Francisco,94107,B03,35,920,6,22,0,0,0,0,,500.0,500.0,0,0,0,0,1,"743 Smoke detector activation, no fire  -  unintentional",N None,63 Restore fire alarm system,86 Investigate,"00 Action taken, other",1 Detector alerted occupants,161 Restaurant or cafeteria,00 Other area of fire origin,1 Intentional,UU Undetermined,,UU Undetermined,UU Undetermined,N None,1 Enclosed building,2 In normal use,1.0,,NO,,,,,1 Present,1 Smoke,2 Detector operated,"1 Detector alerted occupants, occupants responded",,N None Present,1 Wet - pipe sprinkler system,1 System operated and was effective,,1.0,6.0,Financial District/South Beach,"-122.389043, 37.790401",2023-10-06 16:56:10,2025-06-01 02:18:08
23134832,0,231348320,2049 San Jose Avenue,2023-10-06,232792803,2023-10-06 17:23:25,2023-10-06 17:30:00,2023-10-06 17:41:53,San Francisco,94112,B09,15,8311,1,5,0,0,0,0,,500.0,500.0,0,0,0,0,1,522 Water or steam leak,N None,64 Shut down system,86 Investigate,"00 Action taken, other",1 Detector alerted occupants,419 1 or 2 family dwelling,00 Other area of fire origin,1 Intentional,UU Undetermined,,UU Undetermined,UU Undetermined,N None,1 Enclosed building,2 In normal use,1.0,,NO,,,,,1 Present,1 Smoke,2 Detector operated,"1 Detector alerted occupants, occupants responded",,N None Present,1 Wet - pipe sprinkler system,1 System operated and was effective,,1.0,11.0,Outer Mission,"-122.443818, 37.723959",2023-10-06 17:41:53,2025-06-01 02:18:08
23134837,0,231348370,1090 Folsom Street,2023-10-06,232792819,2023-10-06 17:25:46,2023-10-06 17:32:35,2023-10-06 19:14:09,San Francisco,94103,B03,1,2313,1,4,1,2,0,0,,500.0,500.0,0,0,0,0,1,323 Motor vehicle/pedestrian accident (MV Ped),N None,"30 Emergency medical services, other",86 Investigate,"00 Action taken, other",1 Detector alerted occupants,963 Street or road in commercial area,00 Other area of fire origin,1 Intentional,UU Undetermined,,UU Undetermined,UU Undetermined,N None,1 Enclosed building,2 In normal use,1.0,,NO,,,,,1 Present,1 Smoke,2 Detector operated,"1 Detector alerted occupants, occupants responded",,N None Present,1 Wet - pipe sprinkler system,1 System operated and was effective,,1.0,6.0,South of Market,"-122.407653, 37.776992",2023-10-06 19:14:09,2025-06-01 02:18:08
23134843,0,231348430,631 Folsom Street,2023-10-06,232792866,2023-10-06 17:34:49,2023-10-06 17:40:09,2023-10-06 18:35:39,San Francisco,94107,B03,35,2147,3,10,0,0,0,0,,500.0,500.0,0,0,0,0,1,"745 Alarm system activation, no fire  -  unintentional",N None,86 Investigate,86 Investigate,"00 Action taken, other",1 Detector alerted occupants,429 Multifamily dwelling,00 Other area of fire origin,1 Intentional,UU Undetermined,,UU Undetermined,UU Undetermined,N None,1 Enclosed building,2 In normal use,1.0,,NO,,,,,1 Present,1 Smoke,2 Detector operated,"1 Detector alerted occupants, occupants responded",,N None Present,1 Wet - pipe sprinkler system,1 System operated and was effective,,1.0,6.0,Financial District/South Beach,"-122.397324, 37.78496",2023-10-06 18:35:39,2025-06-01 02:18:08
23134845,0,231348450,833 Market Street,2023-10-06,232792880,2023-10-06 17:38:07,2023-10-06 17:41:32,2023-10-06 17:55:27,San Francisco,94103,B03,1,2212,3,11,0,0,0,0,,500.0,500.0,0,0,0,0,1,735 Alarm system sounded due to malfunction,N None,86 Investigate,86 Investigate,"00 Action taken, other",1 Detector alerted occupants,"439 Boarding/rooming house, residential hotels",00 Other area of fire origin,1 Intentional,UU Undetermined,,UU Undetermined,UU Undetermined,N None,1 Enclosed building,2 In normal use,1.0,,NO,,,,,1 Present,1 Smoke,2 Detector operated,"1 Detector alerted occupants, occupants responded",,N None Present,1 Wet - pipe sprinkler system,1 System operated and was effective,,1.0,6.0,South of Market,"-122.406412, 37.785194",2023-10-06 17:55:27,2025-06-01 02:18:08
23134848,0,231348480,1000 Market Street,2023-10-06,232792904,2023-10-06 17:41:56,2023-10-06 17:48:56,2023-10-06 17:59:50,San Francisco,94102,B03,1,1454,3,11,0,0,0,0,,500.0,500.0,0,0,0,0,1,"743 Smoke detector activation, no fire  -  unintentional",N None,86 Investigate,86 Investigate,"00 Action taken, other",1 Detector alerted occupants,"400 Residential, other",00 Other area of fire origin,1 Intentional,UU Undetermined,,UU Undetermined,UU Undetermined,N None,1 Enclosed building,2 In normal use,1.0,,NO,,,,,1 Present,1 Smoke,2 Detector operated,"1 Detector alerted occupants, occupants responded",,N None Present,1 Wet - pipe sprinkler system,1 System operated and was effective,,1.0,5.0,Tenderloin,"-122.410989, 37.782044",2023-10-06 17:59:50,2025-06-01 02:18:08
23134856,0,231348560,211 John F Shelley Drive,2023-10-06,232792985,2023-10-06 18:02:39,2023-10-06 18:07:47,2023-10-06 18:17:48,San Francisco,94134,B09,42,6346,1,4,0,0,0,0,,500.0,500.0,0,0,0,0,1,622 No incident found on arrival at dispatch address,N None,86 Investigate,86 Investigate,"00 Action taken, other",1 Detector alerted occupants,"960 Street, other",00 Other area of fire origin,1 Intentional,UU Undetermined,,UU Undetermined,UU Undetermined,N None,1 Enclosed building,2 In normal use,1.0,,NO,,,,,1 Present,1 Smoke,2 Detector operated,"1 Detector alerted occupants, occupants responded",,N None Present,1 Wet - pipe sprinkler system,1 System operated and was effective,,1.0,9.0,McLaren Park,"-122.423178, 37.721956",2023-10-06 18:17:48,2025-06-01 02:18:08
23134862,0,231348620,Parnassus Avenue,2023-10-06,232793026,2023-10-06 18:13:45,2023-10-06 18:16:08,2023-10-06 19:41:39,San Francisco,94117,B05,12,5153,1,4,1,2,0,0,,500.0,500.0,0,0,0,0,1,322 Motor vehicle accident with injuries,N None,"30 Emergency medical services, other",86 Investigate,"00 Action taken, other",1 Detector alerted occupants,"400 Residential, other",00 Other area of fire origin,1 Intentional,UU Undetermined,,UU Undetermined,UU Undetermined,N None,1 Enclosed building,2 In normal use,1.0,,NO,,,,,1 Present,1 Smoke,2 Detector operated,"1 Detector alerted occupants, occupants responded",,N None Present,1 Wet - pipe sprinkler system,1 System operated and was effective,,1.0,8.0,Inner Sunset,"-122.453517, 37.764395",2023-10-06 19:41:39,2025-06-01 02:18:08
23134863,0,231348630,55 Mason Street,2023-10-06,232793040,2023-10-06 18:16:55,2023-10-06 18:19:32,2023-10-06 18:23:53,San Francisco,94102,B03,1,1365,3,11,0,0,0,0,,500.0,500.0,0,0,0,0,1,"714 Central station, malicious false alarm",N None,86 Investigate,86 Investigate,"00 Action taken, other",1 Detector alerted occupants,"449 Hotel/motel, commercial",00 Other area of fire origin,1 Intentional,UU Undetermined,,UU Undetermined,UU Undetermined,N None,1 Enclosed building,2 In normal use,1.0,,NO,,,,,1 Present,1 Smoke,2 Detector operated,"1 Detector alerted occupants, occupants responded",,N None Present,1 Wet - pipe sprinkler system,1 System operated and was effective,,1.0,5.0,Tenderloin,"-122.409608, 37.784029",2023-10-06 18:23:53,2025-06-01 02:18:08
23134867,0,231348670,530 Lake Street,2023-10-06,232793065,2023-10-06 18:22:05,2023-10-06 18:26:02,2023-10-06 18:35:13,San Francisco,94118,B07,31,7126,3,10,0,0,0,0,,500.0,500.0,0,0,0,0,1,"700 False alarm or false call, other",N None,86 Investigate,86 Investigate,"00 Action taken, other",1 Detector alerted occupants,429 Multifamily dwelling,00 Other area of fire origin,1 Intentional,UU Undetermined,,UU Undetermined,UU Undetermined,N None,1 Enclosed building,2 In normal use,1.0,,NO,,,,,1 Present,1 Smoke,2 Detector operated,"1 Detector alerted occupants, occupants responded",,N None Present,1 Wet - pipe sprinkler system,1 System operated and was effective,,1.0,1.0,Inner Richmond,"-122.465058, 37.786723",2023-10-06 18:35:13,2025-06-01 02:18:08
23134874,0,231348740,2 280sb San Jose Msn Of,2023-10-06,232793095,2023-10-06 18:31:13,2023-10-06 18:39:23,2023-10-06 18:55:45,San Francisco,94112,B09,15,8313,1,4,0,0,0,0,,500.0,500.0,0,0,0,0,1,"150 Outside rubbish fire, other",N None,11 Extinguishment by fire service personnel,86 Investigate,"00 Action taken, other",1 Detector alerted occupants,"921 Bridge, trestle",00 Other area of fire origin,1 Intentional,UU Undetermined,,UU Undetermined,UU Undetermined,N None,1 Enclosed building,2 In normal use,1.0,,NO,,,,,1 Present,1 Smoke,2 Detector operated,"1 Detector alerted occupants, occupants responded",,N None Present,1 Wet - pipe sprinkler system,1 System operated and was effective,,1.0,11.0,Oceanview/Merced/Ingleside,"-122.451349, 37.71427",2023-10-06 18:55:45,2025-06-01 02:18:08
23134875,0,231348750,20 Franklin Street,2023-10-06,232793102,2023-10-06 18:34:32,2023-10-06 18:37:14,2023-10-06 18:51:47,San Francisco,94102,B02,36,3212,3,11,0,0,0,0,,500.0,500.0,0,0,0,0,1,"113 Cooking fire, confined to container",N None,86 Investigate,86 Investigate,"00 Action taken, other",1 Detector alerted occupants,429 Multifamily dwelling,00 Other area of fire origin,1 Intentional,UU Undetermined,,UU Undetermined,UU Undetermined,N None,1 Enclosed building,2 In normal use,1.0,,NO,,,,,1 Present,1 Smoke,2 Detector operated,"1 Detector alerted occupants, occupants responded",,N None Present,1 Wet - pipe sprinkler system,1 System operated and was effective,,1.0,6.0,Hayes Valley,"-122.420715, 37.774501",2023-10-06 18:51:47,2025-06-01 02:18:08
23134880,0,231348800,1150 Folsom Street,2023-10-06,232793161,2023-10-06 18:53:23,2023-10-06 18:55:58,2023-10-06 19:02:30,San Francisco,94103,B02,1,2322,8,29,1,2,1,2,,500.0,500.0,0,0,0,0,1,"151 Outside rubbish, trash or waste fire",N None,11 Extinguishment by fire service personnel,86 Investigate,"00 Action taken, other",1 Detector alerted occupants,"960 Street, other",00 Other area of fire origin,1 Intentional,UU Undetermined,,UU Undetermined,UU Undetermined,N None,1 Enclosed building,2 In normal use,1.0,,NO,,,,,1 Present,1 Smoke,2 Detector operated,"1 Detector alerted occupants, occupants responded",,N None Present,1 Wet - pipe sprinkler system,1 System operated and was effective,,1.0,6.0,South of Market,"-122.409013, 37.775919",2023-10-06 19:02:30,2025-06-01 02:18:08
23134888,0,231348880,Front Street,2023-10-06,232793215,2023-10-06 19:06:42,2023-10-06 19:10:17,2023-10-06 20:37:02,San Francisco,94111,B01,13,1136,1,4,1,2,0,0,,500.0,500.0,0,0,0,0,1,"311 Medical assist, assist EMS crew",N None,"30 Emergency medical services, other",86 Investigate,"00 Action taken, other",1 Detector alerted occupants,UUU Undetermined,00 Other area of fire origin,1 Intentional,UU Undetermined,,UU Undetermined,UU Undetermined,N None,1 Enclosed building,2 In normal use,1.0,,NO,,,,,1 Present,1 Smoke,2 Detector operated,"1 Detector alerted occupants, occupants responded",,N None Present,1 Wet - pipe sprinkler system,1 System operated and was effective,,1.0,3.0,Financial District/South Beach,"-122.398786, 37.79336",2023-10-06 20:37:02,2025-06-01 02:18:08
23134890,0,231348900,364 Eddy Street,2023-10-06,232793228,2023-10-06 19:10:06,2023-10-06 19:14:10,2023-10-06 19:19:36,San Francisco,94109,B02,3,1545,3,11,0,0,0,0,,500.0,500.0,0,0,0,0,1,"700 False alarm or false call, other",N None,86 Investigate,86 Investigate,"00 Action taken, other",1 Detector alerted occupants,429 Multifamily dwelling,00 Other area of fire origin,1 Intentional,UU Undetermined,,UU Undetermined,UU Undetermined,N None,1 Enclosed building,2 In normal use,1.0,,NO,,,,,1 Present,1 Smoke,2 Detector operated,"1 Detector alerted occupants, occupants responded",,N None Present,1 Wet - pipe sprinkler system,1 System operated and was effective,,1.0,5.0,Tenderloin,"-122.413644, 37.784092",2023-10-06 19:19:36,2025-06-01 02:18:08
23134893,0,231348930,Scott Street,2023-10-06,232793248,2023-10-06 19:16:30,2023-10-06 19:19:51,2023-10-06 19:51:33,San Francisco,94117,B05,21,4143,1,4,0,0,0,0,,500.0,500.0,0,0,0,0,1,"200 Overpressure rupture, explosion, overheat other",N None,84 Refer to proper authority,86 Investigate,"00 Action taken, other",1 Detector alerted occupants,"962 Residential street, road or residential driveway",00 Other area of fire origin,1 Intentional,UU Undetermined,,UU Undetermined,UU Undetermined,N None,1 Enclosed building,2 In normal use,1.0,,NO,,,,,1 Present,1 Smoke,2 Detector operated,"1 Detector alerted occupants, occupants responded",,N None Present,1 Wet - pipe sprinkler system,1 System operated and was effective,,1.0,5.0,Haight Ashbury,"-122.435185, 37.770548",2023-10-06 19:51:33,2025-06-01 02:18:08
23134896,0,231348960,670 Natoma Street,2023-10-06,232793297,2023-10-06 19:31:48,2023-10-06 19:36:40,2023-10-06 19:38:34,San Francisco,94103,B03,1,2314,3,10,0,0,0,0,,500.0,500.0,0,0,0,0,1,733 Smoke detector activation due to malfunction,N None,86 Investigate,86 Investigate,"00 Action taken, other",1 Detector alerted occupants,429 Multifamily dwelling,00 Other area of fire origin,1 Intentional,UU Undetermined,,UU Undetermined,UU Undetermined,N None,1 Enclosed building,2 In normal use,1.0,,NO,,,,,1 Present,1 Smoke,2 Detector operated,"1 Detector alerted occupants, occupants responded",,N None Present,1 Wet - pipe sprinkler system,1 System operated and was effective,,1.0,6.0,South of Market,"-122.411561, 37.77723",2023-10-06 19:38:34,2025-06-01 02:18:08
23134897,0,231348970,3298 Van Ness Avenue,2023-10-06,232793300,2023-10-06 19:32:22,2023-10-06 19:37:45,2023-10-06 20:07:49,San Francisco,94109,B04,28,3143,1,4,0,0,0,0,,500.0,500.0,0,0,0,0,1,"500 Service Call, other",N None,"10 Fire control or extinguishment, other",86 Investigate,"00 Action taken, other",1 Detector alerted occupants,"400 Residential, other",00 Other area of fire origin,1 Intentional,UU Undetermined,,UU Undetermined,UU Undetermined,N None,1 Enclosed building,2 In normal use,1.0,,NO,,,,,1 Present,1 Smoke,2 Detector operated,"1 Detector alerted occupants, occupants responded",,N None Present,1 Wet - pipe sprinkler system,1 System operated and was effective,,1.0,2.0,Marina,"-122.426623, 37.808016",2023-10-06 20:07:49,2025-06-01 02:18:08
23134898,0,231348980,34 6th Street,2023-10-06,232793303,2023-10-06 19:33:52,2023-10-06 19:38:43,2023-10-06 19:50:10,San Francisco,94103,B02,1,2248,11,40,1,2,1,2,,500.0,500.0,0,0,0,0,1,"210 Overpressure rupture from steam, other",N None,64 Shut down system,86 Investigate,"00 Action taken, other",1 Detector alerted occupants,429 Multifamily dwelling,00 Other area of fire origin,1 Intentional,UU Undetermined,,UU Undetermined,UU Undetermined,N None,1 Enclosed building,2 In normal use,1.0,,NO,,,,,1 Present,1 Smoke,2 Detector operated,"1 Detector alerted occupants, occupants responded",,N None Present,1 Wet - pipe sprinkler system,1 System operated and was effective,,1.0,6.0,South of Market,"-122.409857, 37.781459",2023-10-06 19:50:10,2025-06-01 02:18:08
23134900,0,231349000,1216 28th Avenue,2023-10-06,232793306,2023-10-06 19:34:39,2023-10-06 19:39:57,2023-10-06 19:53:12,San Francisco,94122,B08,22,7512,3,10,0,0,0,0,,500.0,500.0,0,0,0,0,1,"700 False alarm or false call, other",N None,86 Investigate,86 Investigate,"00 Action taken, other",1 Detector alerted occupants,429 Multifamily dwelling,00 Other area of fire origin,1 Intentional,UU Undetermined,,UU Undetermined,UU Undetermined,N None,1 Enclosed building,2 In normal use,1.0,,NO,,,,,1 Present,1 Smoke,2 Detector operated,"1 Detector alerted occupants, occupants responded",,N None Present,1 Wet - pipe sprinkler system,1 System operated and was effective,,1.0,4.0,Sunset/Parkside,"-122.486792, 37.764668",2023-10-06 19:53:12,2025-06-01 02:18:08
23134902,0,231349020,550 North Point Street,2023-10-06,232793320,2023-10-06 19:40:12,2023-10-06 19:44:15,2023-10-06 20:00:20,San Francisco,94133,B01,28,1433,3,11,0,0,0,0,,500.0,500.0,0,0,0,0,1,"700 False alarm or false call, other",N None,86 Investigate,86 Investigate,"00 Action taken, other",1 Detector alerted occupants,"449 Hotel/motel, commercial",00 Other area of fire origin,1 Intentional,UU Undetermined,,UU Undetermined,UU Undetermined,N None,1 Enclosed building,2 In normal use,1.0,,NO,,,,,1 Present,1 Smoke,2 Detector operated,"1 Detector alerted occupants, occupants responded",,N None Present,1 Wet - pipe sprinkler system,1 System operated and was effective,,1.0,3.0,North Beach,"-122.416266, 37.806402",2023-10-06 20:00:20,2025-06-01 02:18:08
23134903,0,231349030,452 Balboa Street,2023-10-06,232793324,2023-10-06 19:41:18,2023-10-06 19:45:09,2023-10-06 19:57:22,San Francisco,94118,B07,31,7123,1,4,0,0,0,0,,500.0,500.0,0,0,0,0,1,"500 Service Call, other",N None,86 Investigate,86 Investigate,"00 Action taken, other",1 Detector alerted occupants,"160 Eating, drinking places, other",00 Other area of fire origin,1 Intentional,UU Undetermined,,UU Undetermined,UU Undetermined,N None,1 Enclosed building,2 In normal use,1.0,,NO,,,,,1 Present,1 Smoke,2 Detector operated,"1 Detector alerted occupants, occupants responded",,N None Present,1 Wet - pipe sprinkler system,1 System operated and was effective,,1.0,1.0,Inner Richmond,"-122.46351, 37.777324",2023-10-06 19:57:22,2025-06-01 02:18:08
23134904,0,231349040,580 Stevenson Street,2023-10-06,232793327,2023-10-06 19:41:56,2023-10-06 19:50:07,2023-10-06 19:50:35,San Francisco,94103,B02,1,2248,1,4,0,0,0,0,,500.0,500.0,0,0,0,0,1,"700 False alarm or false call, other",N None,"00 Action taken, other",86 Investigate,"00 Action taken, other",1 Detector alerted occupants,NNN None,00 Other area of fire origin,1 Intentional,UU Undetermined,,UU Undetermined,UU Undetermined,N None,1 Enclosed building,2 In normal use,1.0,,NO,,,,,1 Present,1 Smoke,2 Detector operated,"1 Detector alerted occupants, occupants responded",,N None Present,1 Wet - pipe sprinkler system,1 System operated and was effective,,1.0,6.0,South of Market,"-122.411546, 37.780407",2023-10-06 19:50:35,2025-06-01 02:18:08
23134906,0,231349060,75 Moss Street,2023-10-06,232793336,2023-10-06 19:44:44,2023-10-06 19:48:31,2023-10-06 21:01:48,San Francisco,94103,B03,1,2313,5,19,0,0,1,1,,500.0,500.0,0,0,0,0,1,"150 Outside rubbish fire, other",N None,84 Refer to proper authority,86 Investigate,"00 Action taken, other",1 Detector alerted occupants,"960 Street, other",00 Other area of fire origin,1 Intentional,UU Undetermined,,UU Undetermined,UU Undetermined,N None,1 Enclosed building,2 In normal use,1.0,,NO,,,,,1 Present,1 Smoke,2 Detector operated,"1 Detector alerted occupants, occupants responded",,N None Present,1 Wet - pipe sprinkler system,1 System operated and was effective,,1.0,6.0,South of Market,"-122.407641, 37.777554",2023-10-06 21:01:48,2025-06-01 02:18:08
23134918,0,231349180,430 Hyde Street,2023-10-06,232793422,2023-10-06 20:12:07,2023-10-06 20:15:06,2023-10-06 20:24:30,San Francisco,94109,B02,3,1555,3,11,0,0,0,0,,500.0,500.0,0,0,0,0,1,735 Alarm system sounded due to malfunction,N None,86 Investigate,86 Investigate,"00 Action taken, other",1 Detector alerted occupants,429 Multifamily dwelling,00 Other area of fire origin,1 Intentional,UU Undetermined,,UU Undetermined,UU Undetermined,N None,1 Enclosed building,2 In normal use,1.0,,NO,,,,,1 Present,1 Smoke,2 Detector operated,"1 Detector alerted occupants, occupants responded",,N None Present,1 Wet - pipe sprinkler system,1 System operated and was effective,,1.0,5.0,Tenderloin,"-122.416053, 37.78477",2023-10-06 20:24:30,2025-06-01 02:18:08
23134919,0,231349190,1301 16th Street,2023-10-06,232793425,2023-10-06 20:12:46,2023-10-06 20:15:39,2023-10-06 20:30:24,San Francisco,94103,B03,29,2413,3,10,0,0,0,0,,500.0,500.0,0,0,0,0,1,"730 System malfunction, other",N None,63 Restore fire alarm system,86 Investigate,"00 Action taken, other",1 Detector alerted occupants,419 1 or 2 family dwelling,00 Other area of fire origin,1 Intentional,UU Undetermined,,UU Undetermined,UU Undetermined,N None,1 Enclosed building,2 In normal use,1.0,,NO,,,,,1 Present,1 Smoke,2 Detector operated,"1 Detector alerted occupants, occupants responded",,N None Present,1 Wet - pipe sprinkler system,1 System operated and was effective,,1.0,10.0,Mission Bay,"-122.399845, 37.766178",2023-10-06 20:30:24,2025-06-01 02:18:08
23134922,0,231349220,"312 Lower Fort Mason St, Fm",2023-10-06,232793437,2023-10-06 20:15:28,2023-10-06 20:19:54,2023-10-06 20:34:20,Fort Mason,94123,B04,16,3343,1,4,0,0,0,0,,500.0,500.0,0,0,0,0,1,"150 Outside rubbish fire, other",N None,86 Investigate,"10 Fire control or extinguishment, other","00 Action taken, other",1 Detector alerted occupants,931 Open land or field,00 Other area of fire origin,1 Intentional,UU Undetermined,,UU Undetermined,UU Undetermined,N None,1 Enclosed building,2 In normal use,1.0,,NO,,,,,1 Present,1 Smoke,2 Detector operated,"1 Detector alerted occupants, occupants responded",,N None Present,1 Wet - pipe sprinkler system,1 System operated and was effective,,1.0,2.0,Marina,"-122.431487, 37.806794",2023-10-06 20:34:20,2025-06-01 02:18:08
23134925,0,231349250,651 Larch Street,2023-10-06,232793442,2023-10-06 20:17:07,2023-10-06 20:21:14,2023-10-06 20:25:29,San Francisco,94115,B02,5,3426,3,10,0,0,0,0,,500.0,500.0,0,0,0,0,1,"745 Alarm system activation, no fire  -  unintentional",N None,86 Investigate,86 Investigate,"00 Action taken, other",1 Detector alerted occupants,429 Multifamily dwelling,00 Other area of fire origin,1 Intentional,UU Undetermined,,UU Undetermined,UU Undetermined,N None,1 Enclosed building,2 In normal use,1.0,,NO,,,,,1 Present,1 Smoke,2 Detector operated,"1 Detector alerted occupants, occupants responded",,N None Present,1 Wet - pipe sprinkler system,1 System operated and was effective,,1.0,5.0,Western Addition,"-122.42813, 37.781424",2023-10-06 20:25:29,2025-06-01 02:18:08
23134926,0,231349260,24 Wentworth Place,2023-10-06,232793451,2023-10-06 20:22:32,2023-10-06 20:25:44,2023-10-06 20:59:54,San Francisco,94108,B01,13,1245,3,11,0,0,0,0,,500.0,500.0,0,0,0,0,1,"700 False alarm or false call, other",N None,86 Investigate,86 Investigate,"00 Action taken, other",1 Detector alerted occupants,"400 Residential, other",00 Other area of fire origin,1 Intentional,UU Undetermined,,UU Undetermined,UU Undetermined,N None,1 Enclosed building,2 In normal use,1.0,,NO,,,,,1 Present,1 Smoke,2 Detector operated,"1 Detector alerted occupants, occupants responded",,N None Present,1 Wet - pipe sprinkler system,1 System operated and was effective,,1.0,3.0,Chinatown,"-122.406011, 37.795448",2023-10-06 20:59:54,2025-06-01 02:18:08
23134936,0,231349360,200 Brannan Street,2023-10-06,232793513,2023-10-06 20:40:16,2023-10-06 20:47:31,2023-10-06 20:50:14,San Francisco,94107,B03,35,2134,1,4,0,0,0,0,,500.0,500.0,0,0,0,0,1,"151 Outside rubbish, trash or waste fire",N None,11 Extinguishment by fire service personnel,86 Investigate,"00 Action taken, other",1 Detector alerted occupants,"960 Street, other",00 Other area of fire origin,1 Intentional,UU Undetermined,,UU Undetermined,UU Undetermined,N None,1 Enclosed building,2 In normal use,1.0,,NO,,,,,1 Present,1 Smoke,2 Detector operated,"1 Detector alerted occupants, occupants responded",,N None Present,1 Wet - pipe sprinkler system,1 System operated and was effective,,1.0,6.0,Financial District/South Beach,"-122.389972, 37.783609",2023-10-06 20:50:14,2025-06-01 02:18:08
23134938,0,231349380,106 6th Street,2023-10-06,232793527,2023-10-06 20:44:27,2023-10-06 20:49:44,2023-10-06 21:01:41,San Francisco,94103,B03,1,2251,1,4,0,0,0,0,,500.0,500.0,0,0,0,0,1,"700 False alarm or false call, other",N None,86 Investigate,86 Investigate,"00 Action taken, other",1 Detector alerted occupants,429 Multifamily dwelling,00 Other area of fire origin,1 Intentional,UU Undetermined,,UU Undetermined,UU Undetermined,N None,1 Enclosed building,2 In normal use,1.0,,NO,,,,,1 Present,1 Smoke,2 Detector operated,"1 Detector alerted occupants, occupants responded",,N None Present,1 Wet - pipe sprinkler system,1 System operated and was effective,,1.0,6.0,South of Market,"-122.408662, 37.78063",2023-10-06 21:01:41,2025-06-01 02:18:08
23134942,0,231349420,"100 Macarthur Av, Fm",2023-10-06,232793546,2023-10-06 20:50:05,2023-10-06 20:56:01,2023-10-06 21:17:43,Fort Mason,94123,B04,16,3344,1,4,0,0,0,0,,500.0,500.0,0,0,0,0,1,"150 Outside rubbish fire, other",N None,86 Investigate,"10 Fire control or extinguishment, other","00 Action taken, other",1 Detector alerted occupants,931 Open land or field,00 Other area of fire origin,1 Intentional,UU Undetermined,,UU Undetermined,UU Undetermined,N None,1 Enclosed building,2 In normal use,1.0,,NO,,,,,1 Present,1 Smoke,2 Detector operated,"1 Detector alerted occupants, occupants responded",,N None Present,1 Wet - pipe sprinkler system,1 System operated and was effective,,1.0,2.0,Marina,"-122.430411, 37.804684",2023-10-06 21:17:43,2025-06-01 02:18:08
23134948,0,231349480,19th Avenue,2023-10-06,232793568,2023-10-06 20:56:02,2023-10-06 21:00:01,2023-10-06 21:02:41,San Francisco,94122,B08,40,7421,1,4,0,0,0,0,,500.0,500.0,0,0,0,0,1,"700 False alarm or false call, other",N None,86 Investigate,86 Investigate,"00 Action taken, other",1 Detector alerted occupants,"960 Street, other",00 Other area of fire origin,1 Intentional,UU Undetermined,,UU Undetermined,UU Undetermined,N None,1 Enclosed building,2 In normal use,1.0,,NO,,,,,1 Present,1 Smoke,2 Detector operated,"1 Detector alerted occupants, occupants responded",,N None Present,1 Wet - pipe sprinkler system,1 System operated and was effective,,1.0,7.0,Sunset/Parkside,"-122.476294, 37.752376",2023-10-06 21:02:41,2025-06-01 02:18:08
23134949,0,231349490,34 6th Street,2023-10-06,232793580,2023-10-06 21:00:10,2023-10-06 21:02:57,2023-10-06 21:10:01,San Francisco,94103,B02,1,2248,4,15,0,0,0,0,,500.0,500.0,0,0,0,0,1,"743 Smoke detector activation, no fire  -  unintentional",N None,86 Investigate,86 Investigate,"00 Action taken, other",1 Detector alerted occupants,"439 Boarding/rooming house, residential hotels",00 Other area of fire origin,1 Intentional,UU Undetermined,,UU Undetermined,UU Undetermined,N None,1 Enclosed building,2 In normal use,1.0,,NO,,,,,1 Present,1 Smoke,2 Detector operated,"1 Detector alerted occupants, occupants responded",,N None Present,1 Wet - pipe sprinkler system,1 System operated and was effective,,1.0,6.0,South of Market,"-122.409857, 37.781459",2023-10-06 21:10:01,2025-06-01 02:18:08
23134952,0,231349520,6 Locksley Avenue,2023-10-06,232793608,2023-10-06 21:10:10,2023-10-06 21:15:20,2023-10-06 21:22:08,San Francisco,94122,B08,22,7331,1,5,0,0,0,0,,500.0,500.0,0,0,0,0,1,"500 Service Call, other",N None,"70 Assistance, other",86 Investigate,"00 Action taken, other",1 Detector alerted occupants,429 Multifamily dwelling,00 Other area of fire origin,1 Intentional,UU Undetermined,,UU Undetermined,UU Undetermined,N None,1 Enclosed building,2 In normal use,1.0,,NO,,,,,1 Present,1 Smoke,2 Detector operated,"1 Detector alerted occupants, occupants responded",,N None Present,1 Wet - pipe sprinkler system,1 System operated and was effective,,1.0,7.0,Inner Sunset,"-122.462957, 37.759559",2023-10-06 21:22:08,2025-06-01 02:18:08
23134958,0,231349580,522 Carter Street,2023-10-06,232793630,2023-10-06 21:17:33,2023-10-06 21:32:59,2023-10-06 21:47:34,San Francisco,94134,B09,43,6245,1,5,0,0,0,0,,500.0,500.0,0,0,0,0,1,554 Assist invalid,N None,71 Assist physically disabled,86 Investigate,"00 Action taken, other",1 Detector alerted occupants,429 Multifamily dwelling,00 Other area of fire origin,1 Intentional,UU Undetermined,,UU Undetermined,UU Undetermined,N None,1 Enclosed building,2 In normal use,1.0,,NO,,,,,1 Present,1 Smoke,2 Detector operated,"1 Detector alerted occupants, occupants responded",,N None Present,1 Wet - pipe sprinkler system,1 System operated and was effective,,1.0,11.0,Excelsior,"-122.423602, 37.708902",2023-10-06 21:47:34,2025-06-01 02:18:08
23134964,0,231349640,990 Polk Street,2023-10-06,232793663,2023-10-06 21:27:47,2023-10-06 21:29:00,2023-10-06 21:46:30,San Francisco,94109,B04,3,3116,4,15,2,3,0,0,,500.0,500.0,0,0,0,0,1,324 Motor vehicle accident with no injuries.,N None,86 Investigate,86 Investigate,"00 Action taken, other",1 Detector alerted occupants,NNN None,00 Other area of fire origin,1 Intentional,UU Undetermined,,UU Undetermined,UU Undetermined,N None,1 Enclosed building,2 In normal use,1.0,,NO,,,,,1 Present,1 Smoke,2 Detector operated,"1 Detector alerted occupants, occupants responded",,N None Present,1 Wet - pipe sprinkler system,1 System operated and was effective,,1.0,5.0,Tenderloin,"-122.419628, 37.785783",2023-10-06 21:46:30,2025-06-01 02:18:08
23134975,0,231349750,1638 18th Avenue,2023-10-06,232793728,2023-10-06 21:47:30,2023-10-06 21:53:48,2023-10-06 21:58:18,San Francisco,94122,B08,22,7372,2,8,0,0,0,0,,500.0,500.0,0,0,0,0,1,322 Motor vehicle accident with injuries,N None,75 Provide equipment,86 Investigate,"00 Action taken, other",1 Detector alerted occupants,"960 Street, other",00 Other area of fire origin,1 Intentional,UU Undetermined,,UU Undetermined,UU Undetermined,N None,1 Enclosed building,2 In normal use,1.0,,NO,,,,,1 Present,1 Smoke,2 Detector operated,"1 Detector alerted occupants, occupants responded",,N None Present,1 Wet - pipe sprinkler system,1 System operated and was effective,,1.0,7.0,Inner Sunset,"-122.475528, 37.75728",2023-10-06 21:58:18,2025-06-01 02:18:08
23134980,0,231349800,430 Hyde Street,2023-10-06,232793751,2023-10-06 21:58:16,2023-10-06 22:00:05,2023-10-06 22:22:59,San Francisco,94109,B02,3,1555,3,11,0,0,0,0,,500.0,500.0,0,0,0,0,1,735 Alarm system sounded due to malfunction,N None,86 Investigate,86 Investigate,"00 Action taken, other",1 Detector alerted occupants,429 Multifamily dwelling,00 Other area of fire origin,1 Intentional,UU Undetermined,,UU Undetermined,UU Undetermined,N None,1 Enclosed building,2 In normal use,1.0,,NO,,,,,1 Present,1 Smoke,2 Detector operated,"1 Detector alerted occupants, occupants responded",,N None Present,1 Wet - pipe sprinkler system,1 System operated and was effective,,1.0,5.0,Tenderloin,"-122.416053, 37.78477",2023-10-06 22:22:59,2025-06-01 02:18:08
23134987,0,231349870,Market Street,2023-10-06,232793817,2023-10-06 22:20:22,2023-10-06 22:25:20,2023-10-06 22:29:09,San Francisco,94102,B03,1,1454,1,4,0,0,0,0,,500.0,500.0,0,0,0,0,1,"151 Outside rubbish, trash or waste fire",N None,11 Extinguishment by fire service personnel,86 Investigate,"00 Action taken, other",1 Detector alerted occupants,963 Street or road in commercial area,00 Other area of fire origin,1 Intentional,UU Undetermined,,UU Undetermined,UU Undetermined,N None,1 Enclosed building,2 In normal use,1.0,,NO,,,,,1 Present,1 Smoke,2 Detector operated,"1 Detector alerted occupants, occupants responded",,N None Present,1 Wet - pipe sprinkler system,1 System operated and was effective,,1.0,6.0,South of Market,"-122.410293, 37.78223",2023-10-06 22:29:09,2025-06-01 02:18:08
23134988,0,231349880,55 Mason Street,2023-10-06,232793825,2023-10-06 22:21:56,2023-10-06 22:25:02,2023-10-06 22:36:49,San Francisco,94102,B03,1,1365,4,12,0,0,0,0,,500.0,500.0,0,0,0,0,1,"743 Smoke detector activation, no fire  -  unintentional",N None,86 Investigate,86 Investigate,"00 Action taken, other",1 Detector alerted occupants,"449 Hotel/motel, commercial",00 Other area of fire origin,1 Intentional,UU Undetermined,,UU Undetermined,UU Undetermined,N None,1 Enclosed building,2 In normal use,1.0,,NO,,,,,1 Present,1 Smoke,2 Detector operated,"1 Detector alerted occupants, occupants responded",,N None Present,1 Wet - pipe sprinkler system,1 System operated and was effective,,1.0,5.0,Tenderloin,"-122.409608, 37.784029",2023-10-06 22:36:49,2025-06-01 02:18:08
23134997,0,231349970,430 Hyde Street,2023-10-06,232793893,2023-10-06 22:49:09,2023-10-06 22:52:42,2023-10-06 23:13:00,San Francisco,94109,B02,3,1555,3,11,0,0,0,0,,500.0,500.0,0,0,0,0,1,735 Alarm system sounded due to malfunction,N None,86 Investigate,86 Investigate,"00 Action taken, other",1 Detector alerted occupants,"400 Residential, other",00 Other area of fire origin,1 Intentional,UU Undetermined,,UU Undetermined,UU Undetermined,N None,1 Enclosed building,2 In normal use,1.0,,NO,,,,,1 Present,1 Smoke,2 Detector operated,"1 Detector alerted occupants, occupants responded",,N None Present,1 Wet - pipe sprinkler system,1 System operated and was effective,,1.0,5.0,Tenderloin,"-122.416053, 37.78477",2023-10-06 23:13:00,2025-06-01 02:18:08
23135001,0,231350010,494 44th Avenue,2023-10-06,232793926,2023-10-06 23:01:26,2023-10-06 23:05:04,2023-10-06 23:12:48,San Francisco,94121,B07,34,7265,3,10,0,0,0,0,,500.0,500.0,0,0,0,0,1,736 CO detector activation due to malfunction,N None,63 Restore fire alarm system,86 Investigate,"00 Action taken, other",1 Detector alerted occupants,419 1 or 2 family dwelling,00 Other area of fire origin,1 Intentional,UU Undetermined,,UU Undetermined,UU Undetermined,N None,1 Enclosed building,2 In normal use,1.0,,NO,,,,,1 Present,1 Smoke,2 Detector operated,"1 Detector alerted occupants, occupants responded",,N None Present,1 Wet - pipe sprinkler system,1 System operated and was effective,,1.0,1.0,Outer Richmond,"-122.505013, 37.779302",2023-10-06 23:12:48,2025-06-01 02:18:08
23135002,0,231350020,Monterey Bl,2023-10-06,232793949,2023-10-06 23:10:58,2023-10-06 23:16:44,2023-10-06 23:26:47,San Francisco,94131,B09,26,8214,1,5,0,0,0,0,,500.0,500.0,0,0,0,0,1,"500 Service Call, other",N None,45 Remove hazard,86 Investigate,"00 Action taken, other",1 Detector alerted occupants,"962 Residential street, road or residential driveway",00 Other area of fire origin,1 Intentional,UU Undetermined,,UU Undetermined,UU Undetermined,N None,1 Enclosed building,2 In normal use,1.0,,NO,,,,,1 Present,1 Smoke,2 Detector operated,"1 Detector alerted occupants, occupants responded",,N None Present,1 Wet - pipe sprinkler system,1 System operated and was effective,,1.0,7.0,West of Twin Peaks,"-122.442022, 37.731575",2023-10-06 23:26:47,2025-06-01 02:18:08
23135005,0,231350050,6th Street,2023-10-06,232793968,2023-10-06 23:17:31,2023-10-06 23:20:54,2023-10-06 23:53:34,San Francisco,94103,B03,1,2252,1,4,1,2,0,0,,500.0,500.0,0,0,0,0,1,322 Motor vehicle accident with injuries,N None,31 Provide first aid & check for injuries,86 Investigate,"00 Action taken, other",1 Detector alerted occupants,963 Street or road in commercial area,00 Other area of fire origin,1 Intentional,UU Undetermined,,UU Undetermined,UU Undetermined,N None,1 Enclosed building,2 In normal use,1.0,,NO,,,,,1 Present,1 Smoke,2 Detector operated,"1 Detector alerted occupants, occupants responded",,N None Present,1 Wet - pipe sprinkler system,1 System operated and was effective,,1.0,6.0,South of Market,"-122.407163, 37.779738",2023-10-06 23:53:34,2025-06-01 02:18:08
23135020,0,231350200,900 Beach Street,2023-10-06,232794055,2023-10-06 23:51:03,2023-10-07 00:00:22,2023-10-07 00:00:23,San Francisco,94109,B01,28,3135,1,4,0,0,0,0,,500.0,500.0,0,0,0,0,1,"500 Service Call, other",N None,"10 Fire control or extinguishment, other",86 Investigate,"00 Action taken, other",1 Detector alerted occupants,"400 Residential, other",00 Other area of fire origin,1 Intentional,UU Undetermined,,UU Undetermined,UU Undetermined,N None,1 Enclosed building,2 In normal use,1.0,,NO,,,,,1 Present,1 Smoke,2 Detector operated,"1 Detector alerted occupants, occupants responded",,N None Present,1 Wet - pipe sprinkler system,1 System operated and was effective,,1.0,2.0,Russian Hill,"-122.42389, 37.806272",2023-10-07 00:00:23,2025-06-01 02:18:08
23135022,0,231350220,1290 Grove Street,2023-10-06,232794072,2023-10-06 23:59:27,2023-10-07 00:01:37,2023-10-07 00:10:09,San Francisco,94117,B05,21,4146,1,5,0,0,0,0,,500.0,500.0,0,0,0,0,1,353 Removal of victim(s) from stalled elevator,N None,73 Provide manpower,86 Investigate,"00 Action taken, other",1 Detector alerted occupants,429 Multifamily dwelling,00 Other area of fire origin,1 Intentional,UU Undetermined,,UU Undetermined,UU Undetermined,N None,1 Enclosed building,2 In normal use,1.0,,NO,,,,,1 Present,1 Smoke,2 Detector operated,"1 Detector alerted occupants, occupants responded",,N None Present,1 Wet - pipe sprinkler system,1 System operated and was effective,,1.0,5.0,Hayes Valley,"-122.437796, 37.776019",2023-10-07 00:10:09,2025-06-01 02:18:08
23135023,0,231350230,Eddy Street,2023-10-07,232800003,2023-10-07 00:01:18,2023-10-07 00:06:12,2023-10-07 00:09:43,San Francisco,94109,B02,3,1643,1,4,0,0,0,0,,500.0,500.0,0,0,0,0,1,"500 Service Call, other",N None,86 Investigate,86 Investigate,"00 Action taken, other",1 Detector alerted occupants,"962 Residential street, road or residential driveway",00 Other area of fire origin,1 Intentional,UU Undetermined,,UU Undetermined,UU Undetermined,N None,1 Enclosed building,2 In normal use,1.0,,NO,,,,,1 Present,1 Smoke,2 Detector operated,"1 Detector alerted occupants, occupants responded",,N None Present,1 Wet - pipe sprinkler system,1 System operated and was effective,,1.0,5.0,Tenderloin,"-122.417531, 37.78331",2023-10-07 00:09:43,2025-06-01 02:18:08
23135025,0,231350250,Market Street,2023-10-07,232800014,2023-10-07 00:05:28,2023-10-07 00:10:48,2023-10-07 00:19:35,San Francisco,94104,B01,13,1236,1,4,0,0,0,0,,500.0,500.0,0,0,0,0,1,"150 Outside rubbish fire, other",N None,11 Extinguishment by fire service personnel,86 Investigate,"00 Action taken, other",1 Detector alerted occupants,UUU Undetermined,00 Other area of fire origin,1 Intentional,UU Undetermined,,UU Undetermined,UU Undetermined,N None,1 Enclosed building,2 In normal use,1.0,,NO,,,,,1 Present,1 Smoke,2 Detector operated,"1 Detector alerted occupants, occupants responded",,N None Present,1 Wet - pipe sprinkler system,1 System operated and was effective,,1.0,3.0,Financial District/South Beach,"-122.40207, 37.78872",2023-10-07 00:19:35,2025-06-01 02:18:08
23135037,0,231350370,785 Brannan Street,2023-10-07,232800089,2023-10-07 00:35:17,2023-10-07 00:42:45,2023-10-07 00:50:45,San Francisco,94103,B03,8,2276,1,5,0,0,0,0,,500.0,500.0,0,0,0,0,1,553 Public service,N None,73 Provide manpower,86 Investigate,"00 Action taken, other",1 Detector alerted occupants,429 Multifamily dwelling,00 Other area of fire origin,1 Intentional,UU Undetermined,,UU Undetermined,UU Undetermined,N None,1 Enclosed building,2 In normal use,1.0,,NO,,,,,1 Present,1 Smoke,2 Detector operated,"1 Detector alerted occupants, occupants responded",,N None Present,1 Wet - pipe sprinkler system,1 System operated and was effective,,1.0,6.0,South of Market,"-122.402765, 37.773303",2023-10-07 00:50:45,2025-06-01 02:18:08
23135051,0,231350510,2329 Mission Street,2023-10-07,232800215,2023-10-07 01:46:11,2023-10-07 01:50:34,2023-10-07 01:55:00,San Francisco,94110,B06,7,5446,3,10,0,0,0,0,,500.0,500.0,0,0,0,0,1,733 Smoke detector activation due to malfunction,N None,86 Investigate,86 Investigate,"00 Action taken, other",1 Detector alerted occupants,"500 Mercantile, business, other",00 Other area of fire origin,1 Intentional,UU Undetermined,,UU Undetermined,UU Undetermined,N None,1 Enclosed building,2 In normal use,1.0,,NO,,,,,1 Present,1 Smoke,2 Detector operated,"1 Detector alerted occupants, occupants responded",,N None Present,1 Wet - pipe sprinkler system,1 System operated and was effective,,1.0,9.0,Mission,"-122.419074, 37.759752",2023-10-07 01:55:00,2025-06-01 02:18:08
23135052,0,231350520,255 Woodside Avenue,2023-10-07,232800219,2023-10-07 01:48:08,2023-10-07 01:53:18,2023-10-07 02:12:37,San Francisco,94127,B08,39,8645,1,4,0,0,0,0,,500.0,500.0,0,0,0,0,1,"651 Smoke scare, odor of smoke",N None,86 Investigate,86 Investigate,"00 Action taken, other",1 Detector alerted occupants,429 Multifamily dwelling,00 Other area of fire origin,1 Intentional,UU Undetermined,,UU Undetermined,UU Undetermined,N None,1 Enclosed building,2 In normal use,1.0,,NO,,,,,1 Present,1 Smoke,2 Detector operated,"1 Detector alerted occupants, occupants responded",,N None Present,1 Wet - pipe sprinkler system,1 System operated and was effective,,1.0,7.0,Twin Peaks,"-122.454494, 37.746096",2023-10-07 02:12:37,2025-06-01 02:18:08
23135054,0,231350540,363 Noe Street,2023-10-07,232800224,2023-10-07 01:49:45,2023-10-07 01:53:30,2023-10-07 02:01:30,San Francisco,94114,B05,6,5252,3,11,0,0,0,0,,500.0,500.0,0,0,0,0,1,"743 Smoke detector activation, no fire  -  unintentional",N None,86 Investigate,86 Investigate,"00 Action taken, other",1 Detector alerted occupants,429 Multifamily dwelling,00 Other area of fire origin,1 Intentional,UU Undetermined,,UU Undetermined,UU Undetermined,N None,1 Enclosed building,2 In normal use,1.0,,NO,,,,,1 Present,1 Smoke,2 Detector operated,"1 Detector alerted occupants, occupants responded",,N None Present,1 Wet - pipe sprinkler system,1 System operated and was effective,,1.0,8.0,Castro/Upper Market,"-122.432911, 37.76322",2023-10-07 02:01:30,2025-06-01 02:18:08
23135069,0,231350690,1376 South Van Ness Avenue,2023-10-07,232800305,2023-10-07 02:42:11,2023-10-07 02:47:06,2023-10-07 03:59:53,San Francisco,94110,B06,11,5534,1,4,1,2,0,0,,500.0,500.0,0,0,0,0,1,322 Motor vehicle accident with injuries,N None,"30 Emergency medical services, other",86 Investigate,"00 Action taken, other",1 Detector alerted occupants,"962 Residential street, road or residential driveway",00 Other area of fire origin,1 Intentional,UU Undetermined,,UU Undetermined,UU Undetermined,N None,1 Enclosed building,2 In normal use,1.0,,NO,,,,,1 Present,1 Smoke,2 Detector operated,"1 Detector alerted occupants, occupants responded",,N None Present,1 Wet - pipe sprinkler system,1 System operated and was effective,,1.0,9.0,Mission,"-122.416236, 37.751164",2023-10-07 03:59:53,2025-06-01 02:18:08
23135075,0,231350750,Division Street,2023-10-07,232800321,2023-10-07 02:49:28,2023-10-07 02:55:18,2023-10-07 02:56:30,San Francisco,94103,B03,29,2326,1,4,0,0,0,0,,500.0,500.0,0,0,0,0,1,"500 Service Call, other",N None,86 Investigate,86 Investigate,"00 Action taken, other",1 Detector alerted occupants,0000 Tent/Encampment,00 Other area of fire origin,1 Intentional,UU Undetermined,,UU Undetermined,UU Undetermined,N None,1 Enclosed building,2 In normal use,1.0,,NO,,,,,1 Present,1 Smoke,2 Detector operated,"1 Detector alerted occupants, occupants responded",,N None Present,1 Wet - pipe sprinkler system,1 System operated and was effective,,1.0,6.0,South of Market,"-122.404992, 37.769717",2023-10-07 02:56:30,2025-06-01 02:18:08
23135080,0,231350800,44 Mcallister Street,2023-10-07,232800359,2023-10-07 03:19:18,2023-10-07 03:25:05,2023-10-07 03:44:28,San Francisco,94102,B03,36,1455,3,11,0,0,0,0,,500.0,500.0,0,0,0,0,1,735 Alarm system sounded due to malfunction,N None,86 Investigate,86 Investigate,"00 Action taken, other",1 Detector alerted occupants,429 Multifamily dwelling,00 Other area of fire origin,1 Intentional,UU Undetermined,,UU Undetermined,UU Undetermined,N None,1 Enclosed building,2 In normal use,1.0,,NO,,,,,1 Present,1 Smoke,2 Detector operated,"1 Detector alerted occupants, occupants responded",,N None Present,1 Wet - pipe sprinkler system,1 System operated and was effective,,1.0,5.0,Tenderloin,"-122.412981, 37.781086",2023-10-07 03:44:28,2025-06-01 02:18:08
23135082,0,231350820,106 6th Street,2023-10-07,232800372,2023-10-07 03:31:27,2023-10-07 03:38:27,2023-10-07 03:46:42,San Francisco,94103,B03,1,2251,3,10,0,0,0,0,,500.0,500.0,0,0,0,0,1,736 CO detector activation due to malfunction,N None,86 Investigate,86 Investigate,"00 Action taken, other",1 Detector alerted occupants,"439 Boarding/rooming house, residential hotels",00 Other area of fire origin,1 Intentional,UU Undetermined,,UU Undetermined,UU Undetermined,N None,1 Enclosed building,2 In normal use,1.0,,NO,,,,,1 Present,1 Smoke,2 Detector operated,"1 Detector alerted occupants, occupants responded",,N None Present,1 Wet - pipe sprinkler system,1 System operated and was effective,,1.0,6.0,South of Market,"-122.408662, 37.78063",2023-10-07 03:46:42,2025-06-01 02:18:08
23135090,0,231350900,Van Ness Avenue,2023-10-07,232800422,2023-10-07 04:22:55,2023-10-07 04:27:07,2023-10-07 04:31:04,San Francisco,94102,B02,36,3166,1,4,0,0,0,0,,500.0,500.0,0,0,0,0,1,"151 Outside rubbish, trash or waste fire",N None,11 Extinguishment by fire service personnel,86 Investigate,"00 Action taken, other",1 Detector alerted occupants,"960 Street, other",00 Other area of fire origin,1 Intentional,UU Undetermined,,UU Undetermined,UU Undetermined,N None,1 Enclosed building,2 In normal use,1.0,,NO,,,,,1 Present,1 Smoke,2 Detector operated,"1 Detector alerted occupants, occupants responded",,N None Present,1 Wet - pipe sprinkler system,1 System operated and was effective,,1.0,5.0,Hayes Valley,"-122.419698, 37.777301",2023-10-07 04:31:04,2025-06-01 02:18:08
23135091,0,231350910,2500 24th Street,2023-10-07,232800425,2023-10-07 04:26:51,2023-10-07 04:31:50,2023-10-07 04:48:40,San Francisco,94110,B10,9,2562,3,10,0,0,0,0,,500.0,500.0,0,0,0,0,1,"711 Municipal alarm system, malicious false alarm",N None,86 Investigate,86 Investigate,"00 Action taken, other",1 Detector alerted occupants,"882 Parking garage, general vehicle",00 Other area of fire origin,1 Intentional,UU Undetermined,,UU Undetermined,UU Undetermined,N None,1 Enclosed building,2 In normal use,1.0,,NO,,,,,1 Present,1 Smoke,2 Detector operated,"1 Detector alerted occupants, occupants responded",,N None Present,1 Wet - pipe sprinkler system,1 System operated and was effective,,1.0,10.0,Mission,"-122.404458, 37.753185",2023-10-07 04:48:40,2025-06-01 02:18:08
23135095,0,231350950,473 Ellis St #301,2023-10-07,232800447,2023-10-07 04:52:59,2023-10-07 04:56:40,2023-10-07 05:04:41,San Francisco,94102,B03,3,1461,3,11,0,0,0,0,,500.0,500.0,0,0,0,0,1,"743 Smoke detector activation, no fire  -  unintentional",N None,86 Investigate,86 Investigate,"00 Action taken, other",1 Detector alerted occupants,429 Multifamily dwelling,00 Other area of fire origin,1 Intentional,UU Undetermined,,UU Undetermined,UU Undetermined,N None,1 Enclosed building,2 In normal use,1.0,,NO,,,,,1 Present,1 Smoke,2 Detector operated,"1 Detector alerted occupants, occupants responded",,N None Present,1 Wet - pipe sprinkler system,1 System operated and was effective,,1.0,5.0,Tenderloin,"0, 0",2023-10-07 05:04:41,2025-06-01 02:18:08
23135096,0,231350960,250 Geary Street,2023-10-07,232800448,2023-10-07 04:55:14,2023-10-07 04:59:55,2023-10-07 05:17:16,San Francisco,94102,B01,2,1323,3,10,0,0,0,0,,500.0,500.0,0,0,0,0,1,154 Dumpster or other outside trash receptacle fire,N None,86 Investigate,86 Investigate,"00 Action taken, other",1 Detector alerted occupants,"900 Outside or special property, other",00 Other area of fire origin,1 Intentional,UU Undetermined,,UU Undetermined,UU Undetermined,N None,1 Enclosed building,2 In normal use,1.0,,NO,,,,,1 Present,1 Smoke,2 Detector operated,"1 Detector alerted occupants, occupants responded",,N None Present,1 Wet - pipe sprinkler system,1 System operated and was effective,,1.0,3.0,Financial District/South Beach,"-122.407438, 37.787516",2023-10-07 05:17:16,2025-06-01 02:18:08
23135103,0,231351030,3000 Sloat Bl,2023-10-07,232800483,2023-10-07 05:36:27,2023-10-07 05:46:38,2023-10-07 06:08:38,San Francisco,94132,B08,23,7733,1,4,0,0,0,0,,500.0,500.0,0,0,0,0,1,"550 Public service assistance, other",N None,86 Investigate,86 Investigate,"00 Action taken, other",1 Detector alerted occupants,"962 Residential street, road or residential driveway",00 Other area of fire origin,1 Intentional,UU Undetermined,,UU Undetermined,UU Undetermined,N None,1 Enclosed building,2 In normal use,1.0,,NO,,,,,1 Present,1 Smoke,2 Detector operated,"1 Detector alerted occupants, occupants responded",,N None Present,1 Wet - pipe sprinkler system,1 System operated and was effective,,1.0,7.0,Lakeshore,"-122.505539842, 37.735210391",2023-10-07 06:08:38,2025-06-01 02:18:08
23135107,0,231351070,201 King Street,2023-10-07,232800516,2023-10-07 06:12:04,2023-10-07 06:16:48,2023-10-07 06:24:31,San Francisco,94107,B03,8,2171,1,4,0,0,0,0,,500.0,500.0,0,0,0,0,1,"151 Outside rubbish, trash or waste fire",N None,86 Investigate,86 Investigate,"00 Action taken, other",1 Detector alerted occupants,NNN None,00 Other area of fire origin,1 Intentional,UU Undetermined,,UU Undetermined,UU Undetermined,N None,1 Enclosed building,2 In normal use,1.0,,NO,,,,,1 Present,1 Smoke,2 Detector operated,"1 Detector alerted occupants, occupants responded",,N None Present,1 Wet - pipe sprinkler system,1 System operated and was effective,,1.0,6.0,Mission Bay,"-122.391847, 37.778028",2023-10-07 06:24:31,2025-06-01 02:18:08
23135108,0,231351080,950 Mason Street,2023-10-07,232800522,2023-10-07 06:16:46,2023-10-07 06:20:32,2023-10-07 06:25:14,San Francisco,94108,B01,41,1414,3,11,0,0,0,0,,500.0,500.0,0,0,0,0,1,735 Alarm system sounded due to malfunction,N None,63 Restore fire alarm system,86 Investigate,"00 Action taken, other",1 Detector alerted occupants,429 Multifamily dwelling,00 Other area of fire origin,1 Intentional,UU Undetermined,,UU Undetermined,UU Undetermined,N None,1 Enclosed building,2 In normal use,1.0,,NO,,,,,1 Present,1 Smoke,2 Detector operated,"1 Detector alerted occupants, occupants responded",,N None Present,1 Wet - pipe sprinkler system,1 System operated and was effective,,1.0,3.0,Nob Hill,"-122.410093, 37.792425",2023-10-07 06:25:14,2025-06-01 02:18:08
23135113,0,231351130,19th Avenue,2023-10-07,232800534,2023-10-07 06:27:54,2023-10-07 06:32:31,2023-10-07 06:39:54,San Francisco,94132,B08,19,8427,4,15,1,1,1,4,,500.0,500.0,0,0,0,0,1,324 Motor vehicle accident with no injuries.,N None,86 Investigate,86 Investigate,"00 Action taken, other",1 Detector alerted occupants,"962 Residential street, road or residential driveway",00 Other area of fire origin,1 Intentional,UU Undetermined,,UU Undetermined,UU Undetermined,N None,1 Enclosed building,2 In normal use,1.0,,NO,,,,,1 Present,1 Smoke,2 Detector operated,"1 Detector alerted occupants, occupants responded",,N None Present,1 Wet - pipe sprinkler system,1 System operated and was effective,,1.0,11.0,Oceanview/Merced/Ingleside,"-122.47257, 37.717173",2023-10-07 06:39:54,2025-06-01 02:18:08
23135120,0,231351200,Otis Street,2023-10-07,232800573,2023-10-07 06:53:30,2023-10-07 06:59:17,2023-10-07 07:02:24,San Francisco,94103,B02,36,5116,1,4,0,0,0,0,,500.0,500.0,0,0,0,0,1,"151 Outside rubbish, trash or waste fire",N None,11 Extinguishment by fire service personnel,86 Investigate,"00 Action taken, other",1 Detector alerted occupants,"960 Street, other",00 Other area of fire origin,1 Intentional,UU Undetermined,,UU Undetermined,UU Undetermined,N None,1 Enclosed building,2 In normal use,1.0,,NO,,,,,1 Present,1 Smoke,2 Detector operated,"1 Detector alerted occupants, occupants responded",,N None Present,1 Wet - pipe sprinkler system,1 System operated and was effective,,1.0,6.0,Mission,"-122.419672, 37.772302",2023-10-07 07:02:24,2025-06-01 02:18:08
23135121,0,231351210,364 Santa Ana Avenue,2023-10-07,232800575,2023-10-07 06:55:07,2023-10-07 07:03:28,2023-10-07 07:12:28,San Francisco,94127,B09,39,8552,1,5,0,0,0,0,,500.0,500.0,0,0,0,0,1,554 Assist invalid,N None,71 Assist physically disabled,86 Investigate,"00 Action taken, other",1 Detector alerted occupants,419 1 or 2 family dwelling,00 Other area of fire origin,1 Intentional,UU Undetermined,,UU Undetermined,UU Undetermined,N None,1 Enclosed building,2 In normal use,1.0,,NO,,,,,1 Present,1 Smoke,2 Detector operated,"1 Detector alerted occupants, occupants responded",,N None Present,1 Wet - pipe sprinkler system,1 System operated and was effective,,1.0,7.0,West of Twin Peaks,"-122.468197, 37.73035",2023-10-07 07:12:28,2025-06-01 02:18:08
23135127,0,231351270,20th Avenue,2023-10-07,232800653,2023-10-07 07:44:23,2023-10-07 07:48:50,2023-10-07 08:44:02,San Francisco,94121,B07,31,7164,1,4,1,2,0,0,,500.0,500.0,0,0,0,0,1,322 Motor vehicle accident with injuries,N None,"30 Emergency medical services, other",86 Investigate,"00 Action taken, other",1 Detector alerted occupants,"960 Street, other",00 Other area of fire origin,1 Intentional,UU Undetermined,,UU Undetermined,UU Undetermined,N None,1 Enclosed building,2 In normal use,1.0,,NO,,,,,1 Present,1 Smoke,2 Detector operated,"1 Detector alerted occupants, occupants responded",,N None Present,1 Wet - pipe sprinkler system,1 System operated and was effective,,1.0,1.0,Outer Richmond,"-122.479384, 37.780332",2023-10-07 08:44:02,2025-06-01 02:18:08
23135130,0,231351300,1188 Folsom Street,2023-10-07,232800668,2023-10-07 07:51:25,2023-10-07 07:59:13,2023-10-07 08:16:36,San Francisco,94103,B02,1,2322,1,5,0,0,0,0,,500.0,500.0,0,0,0,0,1,"550 Public service assistance, other",N None,86 Investigate,86 Investigate,"00 Action taken, other",1 Detector alerted occupants,429 Multifamily dwelling,00 Other area of fire origin,1 Intentional,UU Undetermined,,UU Undetermined,UU Undetermined,N None,1 Enclosed building,2 In normal use,1.0,,NO,,,,,1 Present,1 Smoke,2 Detector operated,"1 Detector alerted occupants, occupants responded",,N None Present,1 Wet - pipe sprinkler system,1 System operated and was effective,,1.0,6.0,South of Market,"-122.409874, 37.775239",2023-10-07 08:16:36,2025-06-01 02:18:08
23135131,0,231351310,Geary Bl,2023-10-07,232800669,2023-10-07 07:51:38,2023-10-07 07:58:28,2023-10-07 08:00:08,San Francisco,94109,B04,3,3222,1,4,0,0,0,0,,500.0,500.0,0,0,0,0,1,"700 False alarm or false call, other",N None,"00 Action taken, other",86 Investigate,"00 Action taken, other",1 Detector alerted occupants,"000 Property Use, other",00 Other area of fire origin,1 Intentional,UU Undetermined,,UU Undetermined,UU Undetermined,N None,1 Enclosed building,2 In normal use,1.0,,NO,,,,,1 Present,1 Smoke,2 Detector operated,"1 Detector alerted occupants, occupants responded",,N None Present,1 Wet - pipe sprinkler system,1 System operated and was effective,,1.0,2.0,Western Addition,"-122.424689, 37.785334",2023-10-07 08:00:08,2025-06-01 02:18:08
23135132,0,231351320,Franklin Street,2023-10-07,232800673,2023-10-07 07:52:18,2023-10-07 07:57:59,2023-10-07 08:07:00,San Francisco,94109,B02,3,3221,1,4,0,0,0,0,,500.0,500.0,0,0,0,0,1,"151 Outside rubbish, trash or waste fire",N None,11 Extinguishment by fire service personnel,86 Investigate,"00 Action taken, other",1 Detector alerted occupants,"962 Residential street, road or residential driveway",00 Other area of fire origin,1 Intentional,UU Undetermined,,UU Undetermined,UU Undetermined,N None,1 Enclosed building,2 In normal use,1.0,,NO,,,,,1 Present,1 Smoke,2 Detector operated,"1 Detector alerted occupants, occupants responded",,N None Present,1 Wet - pipe sprinkler system,1 System operated and was effective,,1.0,2.0,Western Addition,"-122.422841, 37.784545",2023-10-07 08:07:00,2025-06-01 02:18:08
23135134,0,231351340,Ingalls Street,2023-10-07,232800682,2023-10-07 07:59:48,2023-10-07 08:07:00,2023-10-07 08:13:01,San Francisco,94124,B10,17,6572,1,4,0,0,0,0,,500.0,500.0,0,0,0,0,1,552 Police matter,N None,75 Provide equipment,86 Investigate,"00 Action taken, other",1 Detector alerted occupants,UUU Undetermined,00 Other area of fire origin,1 Intentional,UU Undetermined,,UU Undetermined,UU Undetermined,N None,1 Enclosed building,2 In normal use,1.0,,NO,,,,,1 Present,1 Smoke,2 Detector operated,"1 Detector alerted occupants, occupants responded",,N None Present,1 Wet - pipe sprinkler system,1 System operated and was effective,,1.0,10.0,Bayview Hunters Point,"-122.379904, 37.73072",2023-10-07 08:13:01,2025-06-01 02:18:08
23135135,0,231351350,328 Tehama Street,2023-10-07,232800689,2023-10-07 08:03:04,2023-10-07 08:07:29,2023-10-07 08:18:24,San Francisco,94103,B03,1,2214,3,10,0,0,0,0,,500.0,500.0,0,0,0,0,1,"700 False alarm or false call, other",N None,63 Restore fire alarm system,86 Investigate,"00 Action taken, other",1 Detector alerted occupants,"439 Boarding/rooming house, residential hotels",00 Other area of fire origin,1 Intentional,UU Undetermined,,UU Undetermined,UU Undetermined,N None,1 Enclosed building,2 In normal use,1.0,,NO,,,,,1 Present,1 Smoke,2 Detector operated,"1 Detector alerted occupants, occupants responded",,N None Present,1 Wet - pipe sprinkler system,1 System operated and was effective,,1.0,6.0,South of Market,"-122.403113, 37.782197",2023-10-07 08:18:24,2025-06-01 02:18:08
23135137,0,231351370,Washington Street,2023-10-07,232800715,2023-10-07 08:16:43,2023-10-07 08:21:29,2023-10-07 08:25:08,San Francisco,94133,B01,2,1415,1,4,0,0,0,0,,500.0,500.0,0,0,0,0,1,622 No incident found on arrival at dispatch address,N None,86 Investigate,86 Investigate,"00 Action taken, other",1 Detector alerted occupants,963 Street or road in commercial area,00 Other area of fire origin,1 Intentional,UU Undetermined,,UU Undetermined,UU Undetermined,N None,1 Enclosed building,2 In normal use,1.0,,NO,,,,,1 Present,1 Smoke,2 Detector operated,"1 Detector alerted occupants, occupants responded",,N None Present,1 Wet - pipe sprinkler system,1 System operated and was effective,,1.0,3.0,Chinatown,"-122.41054, 37.794631",2023-10-07 08:25:08,2025-06-01 02:18:08
23135140,0,231351400,380 Eddy Street,2023-10-07,232800738,2023-10-07 08:27:09,2023-10-07 08:32:15,2023-10-07 08:37:21,San Francisco,94109,B02,3,1545,1,5,0,0,0,0,,500.0,500.0,0,0,0,0,1,"510 Person in distress, other",N None,"70 Assistance, other",86 Investigate,"00 Action taken, other",1 Detector alerted occupants,429 Multifamily dwelling,00 Other area of fire origin,1 Intentional,UU Undetermined,,UU Undetermined,UU Undetermined,N None,1 Enclosed building,2 In normal use,1.0,,NO,,,,,1 Present,1 Smoke,2 Detector operated,"1 Detector alerted occupants, occupants responded",,N None Present,1 Wet - pipe sprinkler system,1 System operated and was effective,,1.0,5.0,Tenderloin,"-122.413943, 37.784054",2023-10-07 08:37:21,2025-06-01 02:18:08
23135142,0,231351420,2566 Pine Street,2023-10-07,232800746,2023-10-07 08:30:29,2023-10-07 08:33:53,2023-10-07 08:37:03,San Francisco,94115,B04,38,3651,3,10,0,0,0,0,,500.0,500.0,0,0,0,0,1,"700 False alarm or false call, other",N None,86 Investigate,86 Investigate,"00 Action taken, other",1 Detector alerted occupants,UUU Undetermined,00 Other area of fire origin,1 Intentional,UU Undetermined,,UU Undetermined,UU Undetermined,N None,1 Enclosed building,2 In normal use,1.0,,NO,,,,,1 Present,1 Smoke,2 Detector operated,"1 Detector alerted occupants, occupants responded",,N None Present,1 Wet - pipe sprinkler system,1 System operated and was effective,,1.0,2.0,Pacific Heights,"-122.438031, 37.787463",2023-10-07 08:37:03,2025-06-01 02:18:08
23135145,0,231351450,1531 Jones Street,2023-10-07,232800758,2023-10-07 08:35:41,2023-10-07 08:40:00,2023-10-07 08:56:24,San Francisco,94109,B01,41,1511,1,4,0,0,0,0,,500.0,500.0,0,0,0,0,1,"600 Good intent call, other",N None,86 Investigate,86 Investigate,"00 Action taken, other",1 Detector alerted occupants,429 Multifamily dwelling,00 Other area of fire origin,1 Intentional,UU Undetermined,,UU Undetermined,UU Undetermined,N None,1 Enclosed building,2 In normal use,1.0,,NO,,,,,1 Present,1 Smoke,2 Detector operated,"1 Detector alerted occupants, occupants responded",,N None Present,1 Wet - pipe sprinkler system,1 System operated and was effective,,1.0,3.0,Nob Hill,"-122.414973, 37.795276",2023-10-07 08:56:24,2025-06-01 02:18:08
23135146,0,231351460,334 Chestnut Street,2023-10-07,232800764,2023-10-07 08:38:12,2023-10-07 08:41:00,2023-10-07 08:47:37,San Francisco,94133,B01,28,1336,1,4,0,0,0,0,,500.0,500.0,0,0,0,0,1,"651 Smoke scare, odor of smoke",N None,86 Investigate,86 Investigate,"00 Action taken, other",1 Detector alerted occupants,419 1 or 2 family dwelling,00 Other area of fire origin,1 Intentional,UU Undetermined,,UU Undetermined,UU Undetermined,N None,1 Enclosed building,2 In normal use,1.0,,NO,,,,,1 Present,1 Smoke,2 Detector operated,"1 Detector alerted occupants, occupants responded",,N None Present,1 Wet - pipe sprinkler system,1 System operated and was effective,,1.0,3.0,North Beach,"-122.408872, 37.80437",2023-10-07 08:47:37,2025-06-01 02:18:08
23135156,0,231351560,1480 Van Ness Avenue,2023-10-07,232800842,2023-10-07 09:07:22,2023-10-07 09:11:20,2023-10-07 09:19:08,San Francisco,94109,B04,3,3156,4,14,1,1,0,0,,500.0,500.0,0,0,0,0,1,322 Motor vehicle accident with injuries,N None,32 Provide basic life support (BLS),86 Investigate,"00 Action taken, other",1 Detector alerted occupants,"500 Mercantile, business, other",00 Other area of fire origin,1 Intentional,UU Undetermined,,UU Undetermined,UU Undetermined,N None,1 Enclosed building,2 In normal use,1.0,,NO,,,,,1 Present,1 Smoke,2 Detector operated,"1 Detector alerted occupants, occupants responded",,N None Present,1 Wet - pipe sprinkler system,1 System operated and was effective,,1.0,3.0,Nob Hill,"-122.422025, 37.789276",2023-10-07 09:19:08,2025-06-01 02:18:08
23135158,0,231351580,900 Market Street,2023-10-07,232800860,2023-10-07 09:15:30,2023-10-07 09:21:08,2023-10-07 09:24:18,San Francisco,94103,B03,1,1364,1,4,0,0,0,0,,500.0,500.0,0,0,0,0,1,"151 Outside rubbish, trash or waste fire",N None,"10 Fire control or extinguishment, other",86 Investigate,"00 Action taken, other",1 Detector alerted occupants,963 Street or road in commercial area,00 Other area of fire origin,1 Intentional,UU Undetermined,,UU Undetermined,UU Undetermined,N None,1 Enclosed building,2 In normal use,1.0,,NO,,,,,1 Present,1 Smoke,2 Detector operated,"1 Detector alerted occupants, occupants responded",,N None Present,1 Wet - pipe sprinkler system,1 System operated and was effective,,1.0,3.0,Tenderloin,"-122.408109, 37.784317",2023-10-07 09:24:18,2025-06-01 02:18:08
23135171,0,231351710,450 Folsom Street,2023-10-07,232800957,2023-10-07 09:44:34,2023-10-07 09:53:48,2023-10-07 10:01:50,San Francisco,94105,B03,35,2137,1,5,0,0,0,0,,500.0,500.0,0,0,0,0,1,554 Assist invalid,N None,73 Provide manpower,86 Investigate,"00 Action taken, other",1 Detector alerted occupants,"400 Residential, other",00 Other area of fire origin,1 Intentional,UU Undetermined,,UU Undetermined,UU Undetermined,N None,1 Enclosed building,2 In normal use,1.0,,NO,,,,,1 Present,1 Smoke,2 Detector operated,"1 Detector alerted occupants, occupants responded",,N None Present,1 Wet - pipe sprinkler system,1 System operated and was effective,,1.0,6.0,Financial District/South Beach,"-122.394234, 37.787593",2023-10-07 10:01:50,2025-06-01 02:18:08
23135177,0,231351770,10 Wilder Street,2023-10-07,232800986,2023-10-07 09:53:42,2023-10-07 10:01:33,2023-10-07 10:06:08,San Francisco,94131,B06,32,8146,1,4,0,0,0,0,,1.0,1.0,0,0,0,0,1,"151 Outside rubbish, trash or waste fire",N None,11 Extinguishment by fire service personnel,86 Investigate,"00 Action taken, other",1 Detector alerted occupants,963 Street or road in commercial area,00 Other area of fire origin,1 Intentional,UU Undetermined,,UU Undetermined,UU Undetermined,N None,1 Enclosed building,2 In normal use,1.0,,NO,,,,,1 Present,1 Smoke,2 Detector operated,"1 Detector alerted occupants, occupants responded",,N None Present,1 Wet - pipe sprinkler system,1 System operated and was effective,,1.0,8.0,Glen Park,"-122.431872, 37.733895",2023-10-07 10:06:08,2025-06-01 02:18:08
23135180,0,231351800,430 Hyde Street,2023-10-07,232801001,2023-10-07 09:58:17,2023-10-07 10:01:29,2023-10-07 10:20:01,San Francisco,94109,B02,3,1555,3,11,0,0,0,0,,500.0,500.0,0,0,0,0,1,"730 System malfunction, other",N None,86 Investigate,86 Investigate,"00 Action taken, other",1 Detector alerted occupants,429 Multifamily dwelling,00 Other area of fire origin,1 Intentional,UU Undetermined,,UU Undetermined,UU Undetermined,N None,1 Enclosed building,2 In normal use,1.0,,NO,,,,,1 Present,1 Smoke,2 Detector operated,"1 Detector alerted occupants, occupants responded",,N None Present,1 Wet - pipe sprinkler system,1 System operated and was effective,,1.0,5.0,Tenderloin,"-122.416053, 37.78477",2023-10-07 10:20:01,2025-06-01 02:18:08
23135190,0,231351900,750 Sutter Street,2023-10-07,232801056,2023-10-07 10:16:26,2023-10-07 10:21:44,2023-10-07 10:37:22,San Francisco,94109,B01,3,1463,1,4,0,0,0,0,,500.0,500.0,0,0,0,0,1,"150 Outside rubbish fire, other",N None,"10 Fire control or extinguishment, other",86 Investigate,"00 Action taken, other",1 Detector alerted occupants,"449 Hotel/motel, commercial",00 Other area of fire origin,U Cause undetermined after investigation,NN None,,43 Hot ember or ash,"70 Organic materials, other",N None,1 Enclosed building,2 In normal use,1.0,,NO,,,,,1 Present,1 Smoke,2 Detector operated,"1 Detector alerted occupants, occupants responded",,N None Present,1 Wet - pipe sprinkler system,1 System operated and was effective,,1.0,3.0,Nob Hill,"-122.412746, 37.788768",2023-10-07 10:37:22,2025-06-01 02:18:08
23135192,0,231351920,1650 Valencia Street,2023-10-07,232801060,2023-10-07 10:19:21,2023-10-07 10:20:42,2023-10-07 10:29:19,San Francisco,94110,B06,11,5611,3,10,0,0,0,0,,500.0,500.0,0,0,0,0,1,"745 Alarm system activation, no fire  -  unintentional",N None,86 Investigate,86 Investigate,"00 Action taken, other",1 Detector alerted occupants,429 Multifamily dwelling,00 Other area of fire origin,1 Intentional,UU Undetermined,,UU Undetermined,UU Undetermined,N None,1 Enclosed building,2 In normal use,1.0,,NO,,,,,1 Present,1 Smoke,2 Detector operated,"1 Detector alerted occupants, occupants responded",,N None Present,1 Wet - pipe sprinkler system,1 System operated and was effective,,1.0,9.0,Bernal Heights,"-122.420195, 37.746321",2023-10-07 10:29:19,2025-06-01 02:18:08
23135193,0,231351930,Miramar Avenue,2023-10-07,232801069,2023-10-07 10:21:58,2023-10-07 10:26:50,2023-10-07 10:39:14,San Francisco,94112,B09,15,8474,1,5,0,0,0,0,,500.0,500.0,0,0,0,0,1,"500 Service Call, other",N None,73 Provide manpower,86 Investigate,"00 Action taken, other",1 Detector alerted occupants,"960 Street, other",00 Other area of fire origin,1 Intentional,UU Undetermined,,UU Undetermined,UU Undetermined,N None,1 Enclosed building,2 In normal use,1.0,,NO,,,,,1 Present,1 Smoke,2 Detector operated,"1 Detector alerted occupants, occupants responded",,N None Present,1 Wet - pipe sprinkler system,1 System operated and was effective,,1.0,7.0,West of Twin Peaks,"-122.458199, 37.725726",2023-10-07 10:39:14,2025-06-01 02:18:08
23135194,0,231351940,1547 9th Avenue,2023-10-07,232801070,2023-10-07 10:22:10,2023-10-07 10:28:38,2023-10-07 10:49:12,San Francisco,94122,B08,22,7335,3,10,0,0,0,0,,500.0,500.0,0,0,0,0,1,"700 False alarm or false call, other",N None,86 Investigate,86 Investigate,"00 Action taken, other",1 Detector alerted occupants,429 Multifamily dwelling,00 Other area of fire origin,1 Intentional,UU Undetermined,,UU Undetermined,UU Undetermined,N None,1 Enclosed building,2 In normal use,1.0,,NO,,,,,1 Present,1 Smoke,2 Detector operated,"1 Detector alerted occupants, occupants responded",,N None Present,1 Wet - pipe sprinkler system,1 System operated and was effective,,1.0,7.0,Inner Sunset,"-122.466076, 37.759427",2023-10-07 10:49:12,2025-06-01 02:18:08
23135202,0,231352020,3986 24th Street,2023-10-07,232801113,2023-10-07 10:34:42,2023-10-07 10:43:00,2023-10-07 10:54:49,San Francisco,94114,B06,11,5522,1,5,0,0,0,0,,500.0,500.0,0,0,0,0,1,511 Lock - out,N None,52 Forcible entry,86 Investigate,"00 Action taken, other",1 Detector alerted occupants,419 1 or 2 family dwelling,00 Other area of fire origin,1 Intentional,UU Undetermined,,UU Undetermined,UU Undetermined,N None,1 Enclosed building,2 In normal use,1.0,,NO,,,,,1 Present,1 Smoke,2 Detector operated,"1 Detector alerted occupants, occupants responded",,N None Present,1 Wet - pipe sprinkler system,1 System operated and was effective,,1.0,8.0,Noe Valley,"-122.431548, 37.751526",2023-10-07 10:54:49,2025-06-01 02:18:08
23135204,0,231352040,205 Jones Street,2023-10-07,232801116,2023-10-07 10:36:12,2023-10-07 10:38:04,2023-10-07 10:56:02,San Francisco,94102,B03,3,1456,4,15,0,0,0,0,,500.0,500.0,0,0,0,0,1,"700 False alarm or false call, other",N None,86 Investigate,86 Investigate,"00 Action taken, other",1 Detector alerted occupants,"439 Boarding/rooming house, residential hotels",00 Other area of fire origin,1 Intentional,UU Undetermined,,UU Undetermined,UU Undetermined,N None,1 Enclosed building,2 In normal use,1.0,,NO,,,,,1 Present,1 Smoke,2 Detector operated,"1 Detector alerted occupants, occupants responded",,N None Present,1 Wet - pipe sprinkler system,1 System operated and was effective,,1.0,5.0,Tenderloin,"-122.41252, 37.783093",2023-10-07 10:56:02,2025-06-01 02:18:08
23135206,0,231352060,470 Bayshore Bl,2023-10-07,232801131,2023-10-07 10:40:10,2023-10-07 10:49:52,2023-10-07 10:51:48,San Francisco,94124,B10,42,6374,1,4,0,0,0,0,,500.0,500.0,0,0,0,0,1,"651 Smoke scare, odor of smoke",N None,86 Investigate,86 Investigate,"00 Action taken, other",1 Detector alerted occupants,"960 Street, other",00 Other area of fire origin,1 Intentional,UU Undetermined,,UU Undetermined,UU Undetermined,N None,1 Enclosed building,2 In normal use,1.0,,NO,,,,,1 Present,1 Smoke,2 Detector operated,"1 Detector alerted occupants, occupants responded",,N None Present,1 Wet - pipe sprinkler system,1 System operated and was effective,,1.0,9.0,Bayview Hunters Point,"-122.407038, 37.739816",2023-10-07 10:51:48,2025-06-01 02:18:08
23135213,0,231352130,Grove Street,2023-10-07,232801185,2023-10-07 10:58:54,2023-10-07 11:02:45,2023-10-07 11:11:36,San Francisco,94102,B02,36,3214,1,4,0,0,0,0,,500.0,500.0,0,0,0,0,1,"118 Trash or rubbish fire, contained",N None,11 Extinguishment by fire service personnel,86 Investigate,"00 Action taken, other",U Unknown,"960 Street, other",00 Other area of fire origin,1 Intentional,UU Undetermined,,UU Undetermined,UU Undetermined,N None,1 Enclosed building,2 In normal use,1.0,,NO,,,,,1 Present,1 Smoke,2 Detector operated,"1 Detector alerted occupants, occupants responded",,N None Present,1 Wet - pipe sprinkler system,1 System operated and was effective,,1.0,5.0,Hayes Valley,"-122.421523, 37.778021",2023-10-07 11:11:36,2025-06-01 02:18:08
23135214,0,231352140,Arch Street,2023-10-07,232801188,2023-10-07 10:59:26,2023-10-07 11:05:38,2023-10-07 12:14:44,San Francisco,94132,B09,33,8412,1,4,2,2,0,0,,500.0,500.0,0,0,0,0,1,322 Motor vehicle accident with injuries,N None,31 Provide first aid & check for injuries,86 Investigate,"00 Action taken, other",1 Detector alerted occupants,"960 Street, other",00 Other area of fire origin,1 Intentional,UU Undetermined,,UU Undetermined,UU Undetermined,N None,1 Enclosed building,2 In normal use,1.0,,NO,,,,,1 Present,1 Smoke,2 Detector operated,"1 Detector alerted occupants, occupants responded",,N None Present,1 Wet - pipe sprinkler system,1 System operated and was effective,,1.0,7.0,Oceanview/Merced/Ingleside,"-122.467025, 37.711495",2023-10-07 12:14:44,2025-06-01 02:18:08
23135215,0,231352150,500 Skyline Bl,2023-10-07,232801200,2023-10-07 11:05:09,2023-10-07 11:11:26,2023-10-07 12:25:47,San Francisco,94132,B08,19,8772,5,19,2,3,0,0,,500.0,500.0,0,0,0,0,1,"300 Rescue, EMS incident, other",N None,"22 Rescue, remove from harm",86 Investigate,"00 Action taken, other",1 Detector alerted occupants,937 Beach,00 Other area of fire origin,1 Intentional,UU Undetermined,,UU Undetermined,UU Undetermined,N None,1 Enclosed building,2 In normal use,1.0,,NO,,,,,1 Present,1 Smoke,2 Detector operated,"1 Detector alerted occupants, occupants responded",,N None Present,1 Wet - pipe sprinkler system,1 System operated and was effective,,1.0,7.0,Lakeshore,"-122.503794849, 37.713825637",2023-10-07 12:25:47,2025-06-01 02:18:08
23135216,0,231352160,3088 21st Street,2023-10-07,232801203,2023-10-07 11:05:46,2023-10-07 11:09:18,2023-10-07 11:15:33,San Francisco,94110,B06,7,5455,3,10,0,0,0,0,,500.0,500.0,0,0,0,0,1,"113 Cooking fire, confined to container",N None,86 Investigate,86 Investigate,"00 Action taken, other",1 Detector alerted occupants,"400 Residential, other",00 Other area of fire origin,1 Intentional,UU Undetermined,,UU Undetermined,UU Undetermined,N None,1 Enclosed building,2 In normal use,1.0,,NO,,,,,1 Present,1 Smoke,2 Detector operated,"1 Detector alerted occupants, occupants responded",,N None Present,1 Wet - pipe sprinkler system,1 System operated and was effective,,1.0,9.0,Mission,"-122.41645, 37.757253",2023-10-07 11:15:33,2025-06-01 02:18:08
23135217,0,231352170,875 Stevenson Street,2023-10-07,232801205,2023-10-07 11:06:08,2023-10-07 11:09:36,2023-10-07 11:31:25,San Francisco,94103,B02,36,2338,3,11,0,0,0,0,,500.0,500.0,0,0,0,0,1,"712 Direct tie to FD, malicious false alarm",N None,86 Investigate,86 Investigate,"00 Action taken, other",1 Detector alerted occupants,599 Business office,00 Other area of fire origin,1 Intentional,UU Undetermined,,UU Undetermined,UU Undetermined,N None,1 Enclosed building,2 In normal use,1.0,,NO,,,,,1 Present,1 Smoke,2 Detector operated,"1 Detector alerted occupants, occupants responded",,N None Present,1 Wet - pipe sprinkler system,1 System operated and was effective,,1.0,6.0,South of Market,"-122.416606, 37.776227",2023-10-07 11:31:25,2025-06-01 02:18:08
23135218,0,231352180,2095 Bancroft Avenue,2023-10-07,232801207,2023-10-07 11:07:03,2023-10-07 11:17:35,2023-10-07 11:21:18,San Francisco,94124,B10,42,6361,1,5,0,0,0,0,,500.0,500.0,0,0,0,0,1,554 Assist invalid,N None,73 Provide manpower,86 Investigate,"00 Action taken, other",1 Detector alerted occupants,419 1 or 2 family dwelling,00 Other area of fire origin,1 Intentional,UU Undetermined,,UU Undetermined,UU Undetermined,N None,1 Enclosed building,2 In normal use,1.0,,NO,,,,,1 Present,1 Smoke,2 Detector operated,"1 Detector alerted occupants, occupants responded",,N None Present,1 Wet - pipe sprinkler system,1 System operated and was effective,,1.0,10.0,Bayview Hunters Point,"-122.402135, 37.730893",2023-10-07 11:21:18,2025-06-01 02:18:08
23135224,0,231352240,776 Geary Street,2023-10-07,232801265,2023-10-07 11:20:55,2023-10-07 11:24:20,2023-10-07 11:37:41,San Francisco,94109,B04,3,1556,1,5,0,0,0,0,,500.0,500.0,0,0,0,0,1,"510 Person in distress, other",N None,"70 Assistance, other",86 Investigate,"00 Action taken, other",1 Detector alerted occupants,429 Multifamily dwelling,00 Other area of fire origin,1 Intentional,UU Undetermined,,UU Undetermined,UU Undetermined,N None,1 Enclosed building,2 In normal use,1.0,,NO,,,,,1 Present,1 Smoke,2 Detector operated,"1 Detector alerted occupants, occupants responded",,N None Present,1 Wet - pipe sprinkler system,1 System operated and was effective,,1.0,3.0,Tenderloin,"-122.41605, 37.786429",2023-10-07 11:37:41,2025-06-01 02:18:08
23135226,0,231352260,151 Alice B Toklas Place,2023-10-07,232801285,2023-10-07 11:25:39,2023-10-07 11:31:43,2023-10-07 12:04:38,San Francisco,94109,B04,3,3116,1,5,0,0,0,0,,500.0,500.0,0,0,0,0,1,353 Removal of victim(s) from stalled elevator,N None,86 Investigate,86 Investigate,"00 Action taken, other",1 Detector alerted occupants,429 Multifamily dwelling,00 Other area of fire origin,1 Intentional,UU Undetermined,,UU Undetermined,UU Undetermined,N None,1 Enclosed building,2 In normal use,1.0,,NO,,,,,1 Present,1 Smoke,2 Detector operated,"1 Detector alerted occupants, occupants responded",,N None Present,1 Wet - pipe sprinkler system,1 System operated and was effective,,1.0,5.0,Tenderloin,"-122.420467, 37.785258",2023-10-07 12:04:38,2025-06-01 02:18:08
23135231,0,231352310,1 Cabrillo Street,2023-10-07,232801301,2023-10-07 11:32:19,2023-10-07 11:43:05,2023-10-07 11:53:22,San Francisco,94118,B07,31,7121,1,5,0,0,0,0,,500.0,500.0,0,0,0,0,1,554 Assist invalid,N None,71 Assist physically disabled,86 Investigate,"00 Action taken, other",1 Detector alerted occupants,429 Multifamily dwelling,00 Other area of fire origin,1 Intentional,UU Undetermined,,UU Undetermined,UU Undetermined,N None,1 Enclosed building,2 In normal use,1.0,,NO,,,,,1 Present,1 Smoke,2 Detector operated,"1 Detector alerted occupants, occupants responded",,N None Present,1 Wet - pipe sprinkler system,1 System operated and was effective,,1.0,1.0,Inner Richmond,"-122.458544, 37.775544",2023-10-07 11:53:22,2025-06-01 02:18:08
23135240,0,231352400,1188 Mission Street,2023-10-07,232801388,2023-10-07 12:01:35,2023-10-07 12:05:48,2023-10-07 12:19:28,San Francisco,94103,B02,1,2318,3,11,0,0,0,0,,500.0,500.0,0,0,0,0,1,442 Overheated motor,N None,86 Investigate,86 Investigate,"00 Action taken, other",1 Detector alerted occupants,"439 Boarding/rooming house, residential hotels",00 Other area of fire origin,1 Intentional,UU Undetermined,,UU Undetermined,UU Undetermined,N None,1 Enclosed building,2 In normal use,1.0,,NO,,,,,1 Present,1 Smoke,2 Detector operated,"1 Detector alerted occupants, occupants responded",,N None Present,1 Wet - pipe sprinkler system,1 System operated and was effective,,1.0,6.0,South of Market,"-122.413031, 37.777656",2023-10-07 12:19:28,2025-06-01 02:18:08
23135242,0,231352420,61 Turner Tr,2023-10-07,232801404,2023-10-07 12:06:39,2023-10-07 12:14:00,2023-10-07 12:34:56,San Francisco,94107,B10,37,2542,1,5,0,0,0,0,,500.0,500.0,0,0,0,0,1,"520 Water problem, other",N None,"70 Assistance, other",86 Investigate,"00 Action taken, other",1 Detector alerted occupants,429 Multifamily dwelling,00 Other area of fire origin,1 Intentional,UU Undetermined,,UU Undetermined,UU Undetermined,N None,1 Enclosed building,2 In normal use,1.0,,NO,,,,,1 Present,1 Smoke,2 Detector operated,"1 Detector alerted occupants, occupants responded",,N None Present,1 Wet - pipe sprinkler system,1 System operated and was effective,,1.0,10.0,Potrero Hill,"-122.395021, 37.756551",2023-10-07 12:34:56,2025-06-01 02:18:08
23135258,0,231352580,958 Clay Street,2023-10-07,232801498,2023-10-07 12:34:02,2023-10-07 12:40:02,2023-10-07 14:18:33,San Francisco,94108,B01,2,1355,1,4,1,2,0,0,,500.0,500.0,0,0,0,0,1,322 Motor vehicle accident with injuries,N None,86 Investigate,32 Provide basic life support (BLS),"00 Action taken, other",1 Detector alerted occupants,963 Street or road in commercial area,00 Other area of fire origin,1 Intentional,UU Undetermined,,UU Undetermined,UU Undetermined,N None,1 Enclosed building,2 In normal use,1.0,,NO,,,,,1 Present,1 Smoke,2 Detector operated,"1 Detector alerted occupants, occupants responded",,N None Present,1 Wet - pipe sprinkler system,1 System operated and was effective,,1.0,3.0,Chinatown,"-122.408891, 37.794003",2023-10-07 14:18:33,2025-06-01 02:18:08
23135262,0,231352620,2095 Bancroft Avenue,2023-10-07,232801521,2023-10-07 12:43:00,2023-10-07 12:51:19,2023-10-07 15:30:05,San Francisco,94124,B10,42,6361,1,5,1,2,0,0,,500.0,500.0,0,0,0,0,1,554 Assist invalid,N None,32 Provide basic life support (BLS),86 Investigate,"00 Action taken, other",1 Detector alerted occupants,419 1 or 2 family dwelling,00 Other area of fire origin,1 Intentional,UU Undetermined,,UU Undetermined,UU Undetermined,N None,1 Enclosed building,2 In normal use,1.0,,NO,,,,,1 Present,1 Smoke,2 Detector operated,"1 Detector alerted occupants, occupants responded",,N None Present,1 Wet - pipe sprinkler system,1 System operated and was effective,,1.0,10.0,Bayview Hunters Point,"-122.402135, 37.730893",2023-10-07 15:30:05,2025-06-01 02:18:08
23135267,0,231352670,2998 26th Avenue,2023-10-07,232801554,2023-10-07 12:51:42,2023-10-07 12:55:58,2023-10-07 13:05:59,San Francisco,94132,B08,19,8735,3,10,0,0,0,0,,500.0,500.0,0,0,0,0,1,733 Smoke detector activation due to malfunction,N None,86 Investigate,86 Investigate,"00 Action taken, other",1 Detector alerted occupants,419 1 or 2 family dwelling,00 Other area of fire origin,1 Intentional,UU Undetermined,,UU Undetermined,UU Undetermined,N None,1 Enclosed building,2 In normal use,1.0,,NO,,,,,1 Present,1 Smoke,2 Detector operated,"1 Detector alerted occupants, occupants responded",,N None Present,1 Wet - pipe sprinkler system,1 System operated and was effective,,1.0,4.0,Sunset/Parkside,"-122.481793, 37.732503",2023-10-07 13:05:59,2025-06-01 02:18:08
23135269,0,231352690,1650 Jackson Street,2023-10-07,232801562,2023-10-07 12:54:04,2023-10-07 12:56:21,2023-10-07 13:05:54,San Francisco,94109,B04,41,3153,3,10,0,0,0,0,,500.0,500.0,0,0,0,0,1,"745 Alarm system activation, no fire  -  unintentional",N None,86 Investigate,86 Investigate,"00 Action taken, other",1 Detector alerted occupants,"400 Residential, other",00 Other area of fire origin,1 Intentional,UU Undetermined,,UU Undetermined,UU Undetermined,N None,1 Enclosed building,2 In normal use,1.0,,NO,,,,,1 Present,1 Smoke,2 Detector operated,"1 Detector alerted occupants, occupants responded",,N None Present,1 Wet - pipe sprinkler system,1 System operated and was effective,,1.0,3.0,Russian Hill,"-122.422256, 37.794104",2023-10-07 13:05:54,2025-06-01 02:18:08
23135270,0,231352700,988 Howard Street,2023-10-07,232801568,2023-10-07 12:55:13,2023-10-07 13:03:09,2023-10-07 13:09:04,San Francisco,94103,B03,1,2252,1,5,0,0,0,0,,500.0,500.0,0,0,0,0,1,554 Assist invalid,N None,73 Provide manpower,86 Investigate,"00 Action taken, other",1 Detector alerted occupants,"400 Residential, other",00 Other area of fire origin,1 Intentional,UU Undetermined,,UU Undetermined,UU Undetermined,N None,1 Enclosed building,2 In normal use,1.0,,NO,,,,,1 Present,1 Smoke,2 Detector operated,"1 Detector alerted occupants, occupants responded",,N None Present,1 Wet - pipe sprinkler system,1 System operated and was effective,,1.0,6.0,South of Market,"-122.407139, 37.780076",2023-10-07 13:09:04,2025-06-01 02:18:08
23135272,0,231352720,124 Kirkwood Avenue,2023-10-07,232801587,2023-10-07 12:59:36,2023-10-07 13:04:47,2023-10-07 13:05:53,San Francisco,94124,B10,17,6665,1,4,1,2,0,0,,500.0,500.0,0,0,0,0,1,323 Motor vehicle/pedestrian accident (MV Ped),N None,33 Provide advanced life support (ALS),86 Investigate,"00 Action taken, other",1 Detector alerted occupants,UUU Undetermined,00 Other area of fire origin,1 Intentional,UU Undetermined,,UU Undetermined,UU Undetermined,N None,1 Enclosed building,2 In normal use,1.0,,NO,,,,,1 Present,1 Smoke,2 Detector operated,"1 Detector alerted occupants, occupants responded",,N None Present,1 Wet - pipe sprinkler system,1 System operated and was effective,,1.0,10.0,Bayview Hunters Point,"-122.372536, 37.728403",2023-10-07 13:05:53,2025-06-01 02:18:08
23135274,0,231352740,143 Tara Street,2023-10-07,232801622,2023-10-07 13:07:38,2023-10-07 13:10:37,2023-10-07 13:15:28,San Francisco,94112,B09,15,8315,3,11,0,0,0,0,,500.0,500.0,0,0,0,0,1,"745 Alarm system activation, no fire  -  unintentional",N None,86 Investigate,86 Investigate,"00 Action taken, other",1 Detector alerted occupants,419 1 or 2 family dwelling,00 Other area of fire origin,1 Intentional,UU Undetermined,,UU Undetermined,UU Undetermined,N None,1 Enclosed building,2 In normal use,1.0,,NO,,,,,1 Present,1 Smoke,2 Detector operated,"1 Detector alerted occupants, occupants responded",,N None Present,1 Wet - pipe sprinkler system,1 System operated and was effective,,1.0,11.0,Oceanview/Merced/Ingleside,"-122.448864, 37.720653",2023-10-07 13:15:28,2025-06-01 02:18:08
23135277,0,231352770,1005 Powell Street,2023-10-07,232801634,2023-10-07 13:09:50,2023-10-07 13:14:09,2023-10-07 13:18:59,San Francisco,94108,B01,2,1355,3,10,0,0,0,0,,500.0,500.0,0,0,0,0,1,"745 Alarm system activation, no fire  -  unintentional",N None,86 Investigate,86 Investigate,"00 Action taken, other",1 Detector alerted occupants,"400 Residential, other",00 Other area of fire origin,1 Intentional,UU Undetermined,,UU Undetermined,UU Undetermined,N None,1 Enclosed building,2 In normal use,1.0,,NO,,,,,1 Present,1 Smoke,2 Detector operated,"1 Detector alerted occupants, occupants responded",,N None Present,1 Wet - pipe sprinkler system,1 System operated and was effective,,1.0,3.0,Nob Hill,"-122.409649, 37.793939",2023-10-07 13:18:59,2025-06-01 02:18:08
23135284,0,231352840,1224 Mendell Street,2023-10-07,232801694,2023-10-07 13:22:49,2023-10-07 13:26:30,2023-10-07 13:36:52,San Francisco,94124,B10,17,6515,8,28,1,2,1,2,,500.0,500.0,0,0,0,0,1,"700 False alarm or false call, other",N None,86 Investigate,86 Investigate,"00 Action taken, other",1 Detector alerted occupants,429 Multifamily dwelling,00 Other area of fire origin,1 Intentional,UU Undetermined,,UU Undetermined,UU Undetermined,N None,1 Enclosed building,2 In normal use,1.0,,NO,,,,,1 Present,1 Smoke,2 Detector operated,"1 Detector alerted occupants, occupants responded",,N None Present,1 Wet - pipe sprinkler system,1 System operated and was effective,,1.0,10.0,Bayview Hunters Point,"-122.389454, 37.735712",2023-10-07 13:36:52,2025-06-01 02:18:08
23135295,0,231352950,2 Lobos Street,2023-10-07,232801754,2023-10-07 13:39:45,2023-10-07 13:47:24,2023-10-07 14:02:48,San Francisco,94112,B09,33,8372,1,5,0,0,0,0,,500.0,500.0,0,0,0,0,1,"500 Service Call, other",N None,73 Provide manpower,86 Investigate,"00 Action taken, other",1 Detector alerted occupants,419 1 or 2 family dwelling,00 Other area of fire origin,1 Intentional,UU Undetermined,,UU Undetermined,UU Undetermined,N None,1 Enclosed building,2 In normal use,1.0,,NO,,,,,1 Present,1 Smoke,2 Detector operated,"1 Detector alerted occupants, occupants responded",,N None Present,1 Wet - pipe sprinkler system,1 System operated and was effective,,1.0,11.0,Oceanview/Merced/Ingleside,"-122.452608, 37.714993",2023-10-07 14:02:48,2025-06-01 02:18:08
23135299,0,231352990,111 Bay Street,2023-10-07,232801790,2023-10-07 13:51:24,2023-10-07 13:55:09,2023-10-07 14:05:25,San Francisco,94133,B01,28,1255,1,4,1,2,0,0,,500.0,500.0,0,0,0,0,1,322 Motor vehicle accident with injuries,N None,"30 Emergency medical services, other",86 Investigate,"00 Action taken, other",1 Detector alerted occupants,"960 Street, other",00 Other area of fire origin,1 Intentional,UU Undetermined,,UU Undetermined,UU Undetermined,N None,1 Enclosed building,2 In normal use,1.0,,NO,,,,,1 Present,1 Smoke,2 Detector operated,"1 Detector alerted occupants, occupants responded",,N None Present,1 Wet - pipe sprinkler system,1 System operated and was effective,,1.0,3.0,North Beach,"-122.409493, 37.806131",2023-10-07 14:05:25,2025-06-01 02:18:08
23135303,0,231353030,Page Street,2023-10-07,232801811,2023-10-07 13:57:15,2023-10-07 14:00:59,2023-10-07 16:39:55,San Francisco,94102,B02,36,3212,1,4,0,0,1,1,,0.0,0.0,0,0,0,0,1,1600 Tent/Encampment fire,N None,11 Extinguishment by fire service personnel,86 Investigate,"00 Action taken, other",1 Detector alerted occupants,"962 Residential street, road or residential driveway","90 Outside area, other",U Cause undetermined after investigation,UU Undetermined,,UU Undetermined,UU Undetermined,N None,1 Enclosed building,2 In normal use,1.0,,NO,,,,,1 Present,1 Smoke,2 Detector operated,"1 Detector alerted occupants, occupants responded",,N None Present,1 Wet - pipe sprinkler system,1 System operated and was effective,,1.0,6.0,Hayes Valley,"-122.422408, 37.774084",2023-10-07 20:06:15,2025-06-01 02:18:08
23135304,0,231353040,463 Jackson Street,2023-10-07,232801824,2023-10-07 14:01:49,2023-10-07 14:05:13,2023-10-07 14:21:36,San Francisco,94133,B01,13,1232,3,10,0,0,0,0,,500.0,500.0,0,0,0,0,1,"700 False alarm or false call, other",N None,"00 Action taken, other",86 Investigate,"00 Action taken, other",1 Detector alerted occupants,"500 Mercantile, business, other",00 Other area of fire origin,1 Intentional,UU Undetermined,,UU Undetermined,UU Undetermined,N None,1 Enclosed building,2 In normal use,1.0,,NO,,,,,1 Present,1 Smoke,2 Detector operated,"1 Detector alerted occupants, occupants responded",,N None Present,1 Wet - pipe sprinkler system,1 System operated and was effective,,1.0,3.0,Chinatown,"-122.403014, 37.796409",2023-10-07 14:21:36,2025-06-01 02:18:08
23135314,0,231353140,2127 Taylor Street,2023-10-07,232801921,2023-10-07 14:27:57,2023-10-07 14:32:08,2023-10-07 14:41:18,San Francisco,94133,B01,28,1435,3,10,0,0,0,0,,500.0,500.0,0,0,0,0,1,"743 Smoke detector activation, no fire  -  unintentional",N None,63 Restore fire alarm system,86 Investigate,"00 Action taken, other",1 Detector alerted occupants,429 Multifamily dwelling,00 Other area of fire origin,1 Intentional,UU Undetermined,,UU Undetermined,UU Undetermined,N None,1 Enclosed building,2 In normal use,1.0,,NO,,,,,1 Present,1 Smoke,2 Detector operated,"1 Detector alerted occupants, occupants responded",,N None Present,1 Wet - pipe sprinkler system,1 System operated and was effective,,1.0,3.0,Russian Hill,"-122.414637, 37.801956",2023-10-07 14:41:18,2025-06-01 02:18:08
23135317,0,231353170,250 21st Avenue,2023-10-07,232801938,2023-10-07 14:32:54,2023-10-07 14:36:40,2023-10-07 14:41:14,San Francisco,94121,B07,14,7173,3,10,0,0,0,0,,500.0,500.0,0,0,0,0,1,"743 Smoke detector activation, no fire  -  unintentional",N None,62 Restore sprinkler or fire protection system,86 Investigate,"00 Action taken, other",1 Detector alerted occupants,429 Multifamily dwelling,00 Other area of fire origin,1 Intentional,UU Undetermined,,UU Undetermined,UU Undetermined,N None,1 Enclosed building,2 In normal use,1.0,,NO,,,,,1 Present,1 Smoke,2 Detector operated,"1 Detector alerted occupants, occupants responded",,N None Present,1 Wet - pipe sprinkler system,1 System operated and was effective,,1.0,1.0,Outer Richmond,"-122.480571, 37.78313",2023-10-07 14:41:14,2025-06-01 02:18:08
23135321,0,231353210,1001 Franklin Street,2023-10-07,232801956,2023-10-07 14:39:12,2023-10-07 14:41:06,2023-10-07 14:53:47,San Francisco,94109,B02,3,3221,8,29,1,2,1,2,,500.0,500.0,0,0,0,0,1,"150 Outside rubbish fire, other",N None,86 Investigate,86 Investigate,"00 Action taken, other",1 Detector alerted occupants,963 Street or road in commercial area,00 Other area of fire origin,1 Intentional,UU Undetermined,,UU Undetermined,UU Undetermined,N None,1 Enclosed building,2 In normal use,1.0,,NO,,,,,1 Present,1 Smoke,2 Detector operated,"1 Detector alerted occupants, occupants responded",,N None Present,1 Wet - pipe sprinkler system,1 System operated and was effective,,1.0,2.0,Western Addition,"-122.422754, 37.783677",2023-10-07 14:53:47,2025-06-01 02:18:08
23135322,0,231353220,Columbus Avenue,2023-10-07,232801957,2023-10-07 14:39:36,2023-10-07 14:39:36,2023-10-07 14:44:33,San Francisco,94133,B01,28,1525,1,5,0,0,0,0,,500.0,500.0,0,0,0,0,1,"331 Lock - in (if lock out , use 511 )",N None,"22 Rescue, remove from harm",86 Investigate,"00 Action taken, other",1 Detector alerted occupants,"960 Street, other",00 Other area of fire origin,1 Intentional,UU Undetermined,,UU Undetermined,UU Undetermined,N None,1 Enclosed building,2 In normal use,1.0,,NO,,,,,1 Present,1 Smoke,2 Detector operated,"1 Detector alerted occupants, occupants responded",,N None Present,1 Wet - pipe sprinkler system,1 System operated and was effective,,1.0,3.0,Russian Hill,"-122.41958, 37.80678",2023-10-07 14:44:33,2025-06-01 02:18:08
23135324,0,231353240,Chestnut Street,2023-10-07,232801964,2023-10-07 14:40:41,2023-10-07 14:45:52,2023-10-07 15:02:53,San Francisco,94123,B04,16,3661,1,4,1,2,0,0,,500.0,500.0,0,0,0,0,1,"300 Rescue, EMS incident, other",N None,"30 Emergency medical services, other",86 Investigate,"00 Action taken, other",1 Detector alerted occupants,NNN None,00 Other area of fire origin,1 Intentional,UU Undetermined,,UU Undetermined,UU Undetermined,N None,1 Enclosed building,2 In normal use,1.0,,NO,,,,,1 Present,1 Smoke,2 Detector operated,"1 Detector alerted occupants, occupants responded",,N None Present,1 Wet - pipe sprinkler system,1 System operated and was effective,,1.0,2.0,Marina,"-122.439505, 37.800403",2023-10-07 15:02:53,2025-06-01 02:18:08
23135336,0,231353360,54 Lobos Street,2023-10-07,232802012,2023-10-07 14:55:20,2023-10-07 14:59:52,2023-10-07 15:05:02,San Francisco,94112,B09,33,8372,1,4,0,0,0,0,,500.0,500.0,0,0,0,0,1,"151 Outside rubbish, trash or waste fire",N None,"10 Fire control or extinguishment, other",86 Investigate,"00 Action taken, other",1 Detector alerted occupants,419 1 or 2 family dwelling,00 Other area of fire origin,1 Intentional,NN None,,"60 Heat from other open flame or smoking materials, other","72 Light vegetation  -  not crop, including grass",N None,1 Enclosed building,2 In normal use,1.0,,NO,,,,,1 Present,1 Smoke,2 Detector operated,"1 Detector alerted occupants, occupants responded",,N None Present,1 Wet - pipe sprinkler system,1 System operated and was effective,,1.0,11.0,Oceanview/Merced/Ingleside,"-122.454437, 37.714983",2023-10-07 15:05:02,2025-06-01 02:18:08
23135341,0,231353410,1740 Polk Street,2023-10-07,232802085,2023-10-07 15:17:50,2023-10-07 15:22:27,2023-10-07 15:29:23,San Francisco,94109,B04,41,3124,3,10,0,0,0,0,,500.0,500.0,0,0,0,0,1,"745 Alarm system activation, no fire  -  unintentional",N None,86 Investigate,86 Investigate,"00 Action taken, other",1 Detector alerted occupants,"400 Residential, other",00 Other area of fire origin,1 Intentional,UU Undetermined,,UU Undetermined,UU Undetermined,N None,1 Enclosed building,2 In normal use,1.0,,NO,,,,,1 Present,1 Smoke,2 Detector operated,"1 Detector alerted occupants, occupants responded",,N None Present,1 Wet - pipe sprinkler system,1 System operated and was effective,,1.0,3.0,Russian Hill,"-122.421045, 37.792764",2023-10-07 15:29:23,2025-06-01 02:18:08
23135342,0,231353420,2176 Sutter Street,2023-10-07,232802088,2023-10-07 15:18:02,2023-10-07 15:22:05,2023-10-07 16:45:22,San Francisco,94115,B04,38,3646,1,4,1,2,0,0,,500.0,500.0,0,0,0,0,1,"311 Medical assist, assist EMS crew",N None,"70 Assistance, other",86 Investigate,"00 Action taken, other",1 Detector alerted occupants,"500 Mercantile, business, other",00 Other area of fire origin,1 Intentional,UU Undetermined,,UU Undetermined,UU Undetermined,N None,1 Enclosed building,2 In normal use,1.0,,NO,,,,,1 Present,1 Smoke,2 Detector operated,"1 Detector alerted occupants, occupants responded",,N None Present,1 Wet - pipe sprinkler system,1 System operated and was effective,,1.0,2.0,Pacific Heights,"-122.436158, 37.785787",2023-10-07 16:45:22,2025-06-01 02:18:08
23135346,0,231353460,1030 Irving Street,2023-10-07,232802131,2023-10-07 15:27:16,2023-10-07 15:30:10,2023-10-07 15:45:33,San Francisco,94122,B08,22,7345,2,8,0,0,0,0,,500.0,500.0,0,0,0,0,1,322 Motor vehicle accident with injuries,N None,73 Provide manpower,86 Investigate,"00 Action taken, other",1 Detector alerted occupants,"960 Street, other",00 Other area of fire origin,1 Intentional,UU Undetermined,,UU Undetermined,UU Undetermined,N None,1 Enclosed building,2 In normal use,1.0,,NO,,,,,1 Present,1 Smoke,2 Detector operated,"1 Detector alerted occupants, occupants responded",,N None Present,1 Wet - pipe sprinkler system,1 System operated and was effective,,1.0,7.0,Inner Sunset,"-122.468817, 37.763994",2023-10-07 15:45:33,2025-06-01 02:18:08
23135348,0,231353480,351 Geary Street,2023-10-07,232802142,2023-10-07 15:31:13,2023-10-07 15:34:41,2023-10-07 15:45:05,San Francisco,94102,B01,3,1411,3,10,0,0,0,0,,500.0,500.0,0,0,0,0,1,735 Alarm system sounded due to malfunction,N None,63 Restore fire alarm system,86 Investigate,"00 Action taken, other",1 Detector alerted occupants,429 Multifamily dwelling,00 Other area of fire origin,1 Intentional,UU Undetermined,,UU Undetermined,UU Undetermined,N None,1 Enclosed building,2 In normal use,1.0,,NO,,,,,1 Present,1 Smoke,2 Detector operated,"1 Detector alerted occupants, occupants responded",,N None Present,1 Wet - pipe sprinkler system,1 System operated and was effective,,1.0,3.0,Tenderloin,"-122.409055, 37.787185",2023-10-07 15:45:05,2025-06-01 02:18:08
23135360,0,231353600,2409 Taraval Street,2023-10-07,232802236,2023-10-07 15:52:59,2023-10-07 15:57:40,2023-10-07 16:01:14,San Francisco,94116,B08,18,7546,3,10,0,0,0,0,,500.0,500.0,0,0,0,0,1,"745 Alarm system activation, no fire  -  unintentional",N None,86 Investigate,86 Investigate,"00 Action taken, other",1 Detector alerted occupants,"342 Doctor, dentist or oral surgeon office",00 Other area of fire origin,1 Intentional,UU Undetermined,,UU Undetermined,UU Undetermined,N None,1 Enclosed building,2 In normal use,1.0,,NO,,,,,1 Present,1 Smoke,2 Detector operated,"1 Detector alerted occupants, occupants responded",,N None Present,1 Wet - pipe sprinkler system,1 System operated and was effective,,1.0,4.0,Sunset/Parkside,"-122.491921, 37.742267",2023-10-07 16:01:14,2025-06-01 02:18:08
23135363,0,231353630,473 Ellis Street,2023-10-07,232802270,2023-10-07 16:02:09,2023-10-07 16:04:18,2023-10-07 16:17:14,San Francisco,94102,B03,3,1461,3,11,0,0,0,0,,500.0,500.0,0,0,0,0,1,733 Smoke detector activation due to malfunction,N None,63 Restore fire alarm system,86 Investigate,"00 Action taken, other",1 Detector alerted occupants,429 Multifamily dwelling,00 Other area of fire origin,1 Intentional,UU Undetermined,,UU Undetermined,UU Undetermined,N None,1 Enclosed building,2 In normal use,1.0,,NO,,,,,1 Present,1 Smoke,2 Detector operated,"1 Detector alerted occupants, occupants responded",,N None Present,1 Wet - pipe sprinkler system,1 System operated and was effective,,1.0,5.0,Tenderloin,"-122.413923, 37.784437",2023-10-07 16:17:14,2025-06-01 02:18:08
23135373,0,231353730,290 Holladay Avenue,2023-10-07,232802336,2023-10-07 16:14:52,2023-10-07 16:18:33,2023-10-07 16:25:06,San Francisco,94110,B06,9,5672,3,10,0,0,0,0,,500.0,500.0,0,0,0,0,1,736 CO detector activation due to malfunction,N None,86 Investigate,86 Investigate,"00 Action taken, other",1 Detector alerted occupants,419 1 or 2 family dwelling,00 Other area of fire origin,1 Intentional,UU Undetermined,,UU Undetermined,UU Undetermined,N None,1 Enclosed building,2 In normal use,1.0,,NO,,,,,1 Present,1 Smoke,2 Detector operated,"1 Detector alerted occupants, occupants responded",,N None Present,1 Wet - pipe sprinkler system,1 System operated and was effective,,1.0,9.0,Bernal Heights,"-122.405592, 37.745219",2023-10-07 16:25:06,2025-06-01 02:18:08
23135387,0,231353870,228 Mangels Avenue,2023-10-07,232802434,2023-10-07 16:37:08,2023-10-07 16:43:48,2023-10-07 16:48:09,San Francisco,94131,B09,26,8216,3,11,0,0,0,0,,500.0,500.0,0,0,0,0,1,"745 Alarm system activation, no fire  -  unintentional",N None,86 Investigate,86 Investigate,"00 Action taken, other",1 Detector alerted occupants,419 1 or 2 family dwelling,00 Other area of fire origin,1 Intentional,UU Undetermined,,UU Undetermined,UU Undetermined,N None,1 Enclosed building,2 In normal use,1.0,,NO,,,,,1 Present,1 Smoke,2 Detector operated,"1 Detector alerted occupants, occupants responded",,N None Present,1 Wet - pipe sprinkler system,1 System operated and was effective,,1.0,7.0,West of Twin Peaks,"-122.442702, 37.733164",2023-10-07 16:48:09,2025-06-01 02:18:08
23135393,0,231353930,2435 California Street,2023-10-07,232802530,2023-10-07 17:00:55,2023-10-07 17:03:57,2023-10-07 18:51:32,San Francisco,94115,B04,38,3616,1,4,1,2,0,0,,500.0,500.0,0,0,0,0,1,"311 Medical assist, assist EMS crew",N None,"30 Emergency medical services, other",86 Investigate,"00 Action taken, other",1 Detector alerted occupants,UUU Undetermined,00 Other area of fire origin,1 Intentional,UU Undetermined,,UU Undetermined,UU Undetermined,N None,1 Enclosed building,2 In normal use,1.0,,NO,,,,,1 Present,1 Smoke,2 Detector operated,"1 Detector alerted occupants, occupants responded",,N None Present,1 Wet - pipe sprinkler system,1 System operated and was effective,,1.0,2.0,Pacific Heights,"-122.434551, 37.788669",2023-10-07 18:51:32,2025-06-01 02:18:08
23135398,0,231353980,611 2nd Street,2023-10-07,232802542,2023-10-07 17:06:01,2023-10-07 17:10:45,2023-10-07 17:35:34,San Francisco,94107,B03,8,2153,1,5,0,0,0,0,,500.0,500.0,0,0,0,0,1,353 Removal of victim(s) from stalled elevator,N None,86 Investigate,86 Investigate,"00 Action taken, other",1 Detector alerted occupants,"439 Boarding/rooming house, residential hotels",00 Other area of fire origin,1 Intentional,UU Undetermined,,UU Undetermined,UU Undetermined,N None,1 Enclosed building,2 In normal use,1.0,,NO,,,,,1 Present,1 Smoke,2 Detector operated,"1 Detector alerted occupants, occupants responded",,N None Present,1 Wet - pipe sprinkler system,1 System operated and was effective,,1.0,6.0,Financial District/South Beach,"-122.391814, 37.781729",2023-10-07 17:35:34,2025-06-01 02:18:08
23135407,0,231354070,158 Southwood Drive,2023-10-07,232802578,2023-10-07 17:13:12,2023-10-07 17:16:23,2023-10-07 17:19:39,San Francisco,94112,B09,15,8474,8,29,1,2,1,2,,500.0,500.0,0,0,0,0,1,"700 False alarm or false call, other",N None,86 Investigate,86 Investigate,"00 Action taken, other",1 Detector alerted occupants,419 1 or 2 family dwelling,00 Other area of fire origin,1 Intentional,UU Undetermined,,UU Undetermined,UU Undetermined,N None,1 Enclosed building,2 In normal use,1.0,,NO,,,,,1 Present,1 Smoke,2 Detector operated,"1 Detector alerted occupants, occupants responded",,N None Present,1 Wet - pipe sprinkler system,1 System operated and was effective,,1.0,7.0,West of Twin Peaks,"-122.459203, 37.725398",2023-10-07 17:19:39,2025-06-01 02:18:08
23135414,0,231354140,Geneva Avenue,2023-10-07,232802609,2023-10-07 17:20:15,2023-10-07 17:24:28,2023-10-07 18:35:34,San Francisco,94134,B09,43,6245,4,15,4,7,0,0,,500.0,500.0,0,0,0,0,1,322 Motor vehicle accident with injuries,N None,"30 Emergency medical services, other",86 Investigate,"00 Action taken, other",1 Detector alerted occupants,"960 Street, other",00 Other area of fire origin,1 Intentional,UU Undetermined,,UU Undetermined,UU Undetermined,N None,1 Enclosed building,2 In normal use,1.0,,NO,,,,,1 Present,1 Smoke,2 Detector operated,"1 Detector alerted occupants, occupants responded",,N None Present,1 Wet - pipe sprinkler system,1 System operated and was effective,,1.0,11.0,Excelsior,"-122.426191, 37.71097",2023-10-07 18:35:34,2025-06-01 02:18:08
23135421,0,231354210,Forest Knolls Drive,2023-10-07,232802651,2023-10-07 17:31:48,2023-10-07 17:33:55,2023-10-07 17:40:24,San Francisco,94131,B08,20,5366,9,32,1,2,1,2,,500.0,500.0,0,0,0,0,1,"650 Steam, other gas mistaken for smoke, other",N None,86 Investigate,86 Investigate,"00 Action taken, other",1 Detector alerted occupants,"400 Residential, other",00 Other area of fire origin,1 Intentional,UU Undetermined,,UU Undetermined,UU Undetermined,N None,1 Enclosed building,2 In normal use,1.0,,NO,,,,,1 Present,1 Smoke,2 Detector operated,"1 Detector alerted occupants, occupants responded",,N None Present,1 Wet - pipe sprinkler system,1 System operated and was effective,,1.0,7.0,Inner Sunset,"-122.45556, 37.755277",2023-10-07 17:40:24,2025-06-01 02:18:08
23135422,0,231354220,2930 Van Ness Avenue,2023-10-07,232802654,2023-10-07 17:32:06,2023-10-07 17:42:21,2023-10-07 17:50:00,San Francisco,94109,B04,28,3144,1,4,0,0,0,0,,500.0,500.0,0,0,0,0,1,"600 Good intent call, other",N None,74 Provide apparatus,86 Investigate,"00 Action taken, other",1 Detector alerted occupants,429 Multifamily dwelling,00 Other area of fire origin,1 Intentional,UU Undetermined,,UU Undetermined,UU Undetermined,N None,1 Enclosed building,2 In normal use,1.0,,NO,,,,,1 Present,1 Smoke,2 Detector operated,"1 Detector alerted occupants, occupants responded",,N None Present,1 Wet - pipe sprinkler system,1 System operated and was effective,,1.0,2.0,Russian Hill,"-122.424712, 37.8026",2023-10-07 17:50:00,2025-06-01 02:18:08
23135431,0,231354310,200 Corbett Avenue,2023-10-07,232802688,2023-10-07 17:44:31,2023-10-07 17:47:22,2023-10-07 17:52:25,San Francisco,94114,B05,24,5265,3,10,0,0,0,0,,500.0,500.0,0,0,0,0,1,"743 Smoke detector activation, no fire  -  unintentional",N None,86 Investigate,86 Investigate,"00 Action taken, other",1 Detector alerted occupants,419 1 or 2 family dwelling,00 Other area of fire origin,1 Intentional,UU Undetermined,,UU Undetermined,UU Undetermined,N None,1 Enclosed building,2 In normal use,1.0,,NO,,,,,1 Present,1 Smoke,2 Detector operated,"1 Detector alerted occupants, occupants responded",,N None Present,1 Wet - pipe sprinkler system,1 System operated and was effective,,1.0,8.0,Castro/Upper Market,"-122.442994, 37.761754",2023-10-07 17:52:25,2025-06-01 02:18:08
23135432,0,231354320,44 Mcallister Street,2023-10-07,232802692,2023-10-07 17:44:35,2023-10-07 17:49:44,2023-10-07 18:02:00,San Francisco,94102,B03,36,1455,1,4,0,0,0,0,,500.0,500.0,0,0,0,0,1,"500 Service Call, other",N None,86 Investigate,86 Investigate,"00 Action taken, other",1 Detector alerted occupants,429 Multifamily dwelling,00 Other area of fire origin,1 Intentional,UU Undetermined,,UU Undetermined,UU Undetermined,N None,1 Enclosed building,2 In normal use,1.0,,NO,,,,,1 Present,1 Smoke,2 Detector operated,"1 Detector alerted occupants, occupants responded",,N None Present,1 Wet - pipe sprinkler system,1 System operated and was effective,,1.0,5.0,Tenderloin,"-122.412981, 37.781086",2023-10-07 18:02:00,2025-06-01 02:18:08
23135442,0,231354420,2306 Union Street,2023-10-07,232802771,2023-10-07 18:08:00,2023-10-07 18:11:21,2023-10-07 18:16:32,San Francisco,94123,B04,16,3655,3,10,0,0,0,0,,500.0,500.0,0,0,0,0,1,"700 False alarm or false call, other",N None,"80 Information, investigation & enforcement, other",86 Investigate,"00 Action taken, other",1 Detector alerted occupants,429 Multifamily dwelling,00 Other area of fire origin,1 Intentional,UU Undetermined,,UU Undetermined,UU Undetermined,N None,1 Enclosed building,2 In normal use,1.0,,NO,,,,,1 Present,1 Smoke,2 Detector operated,"1 Detector alerted occupants, occupants responded",,N None Present,1 Wet - pipe sprinkler system,1 System operated and was effective,,1.0,2.0,Marina,"-122.437328, 37.796924",2023-10-07 18:16:32,2025-06-01 02:18:08
23135451,0,231354510,415 27th Street,2023-10-07,232802850,2023-10-07 18:26:58,2023-10-07 18:39:34,2023-10-07 19:35:28,San Francisco,94131,B06,11,5552,1,5,2,3,0,0,,500.0,500.0,0,0,0,0,1,554 Assist invalid,N None,71 Assist physically disabled,32 Provide basic life support (BLS),"00 Action taken, other",1 Detector alerted occupants,419 1 or 2 family dwelling,00 Other area of fire origin,1 Intentional,UU Undetermined,,UU Undetermined,UU Undetermined,N None,1 Enclosed building,2 In normal use,1.0,,NO,,,,,1 Present,1 Smoke,2 Detector operated,"1 Detector alerted occupants, occupants responded",,N None Present,1 Wet - pipe sprinkler system,1 System operated and was effective,,1.0,8.0,Noe Valley,"-122.429566, 37.746671",2023-10-07 19:35:28,2025-06-01 02:18:08
23135454,0,231354540,701 Taylor Street,2023-10-07,232802863,2023-10-07 18:30:49,2023-10-07 18:35:21,2023-10-07 18:41:11,San Francisco,94109,B01,41,1446,1,5,0,0,0,0,,500.0,500.0,0,0,0,0,1,"510 Person in distress, other",N None,73 Provide manpower,86 Investigate,"00 Action taken, other",1 Detector alerted occupants,429 Multifamily dwelling,00 Other area of fire origin,1 Intentional,UU Undetermined,,UU Undetermined,UU Undetermined,N None,1 Enclosed building,2 In normal use,1.0,,NO,,,,,1 Present,1 Smoke,2 Detector operated,"1 Detector alerted occupants, occupants responded",,N None Present,1 Wet - pipe sprinkler system,1 System operated and was effective,,1.0,3.0,Nob Hill,"-122.411988, 37.788865",2023-10-07 18:41:11,2025-06-01 02:18:08
23135457,0,231354570,Mission Street,2023-10-07,232802876,2023-10-07 18:34:55,2023-10-07 18:42:02,2023-10-07 18:47:11,San Francisco,94103,B02,1,2315,1,4,0,0,0,0,,500.0,500.0,0,0,0,0,1,"150 Outside rubbish fire, other",N None,11 Extinguishment by fire service personnel,86 Investigate,"00 Action taken, other",1 Detector alerted occupants,"500 Mercantile, business, other","50 Service facilities, other",U Cause undetermined after investigation,NN None,,UU Undetermined,UU Undetermined,N None,1 Enclosed building,2 In normal use,1.0,,NO,,,,,1 Present,1 Smoke,2 Detector operated,"1 Detector alerted occupants, occupants responded",,N None Present,1 Wet - pipe sprinkler system,1 System operated and was effective,,1.0,6.0,South of Market,"-122.410939, 37.779212",2023-10-07 18:47:11,2025-06-01 02:18:08
23135464,0,231354640,1778 24th Avenue,2023-10-07,232802916,2023-10-07 18:46:47,2023-10-07 18:55:02,2023-10-07 19:44:31,San Francisco,94122,B08,18,7446,1,4,1,2,0,0,,500.0,500.0,0,0,0,0,1,"311 Medical assist, assist EMS crew",N None,33 Provide advanced life support (ALS),86 Investigate,"00 Action taken, other",1 Detector alerted occupants,419 1 or 2 family dwelling,00 Other area of fire origin,1 Intentional,UU Undetermined,,UU Undetermined,UU Undetermined,N None,1 Enclosed building,2 In normal use,1.0,,NO,,,,,1 Present,1 Smoke,2 Detector operated,"1 Detector alerted occupants, occupants responded",,N None Present,1 Wet - pipe sprinkler system,1 System operated and was effective,,1.0,4.0,Sunset/Parkside,"-122.481774, 37.754428",2023-10-07 19:44:31,2025-06-01 02:18:08
23135466,0,231354660,Oakdale Avenue,2023-10-07,232802921,2023-10-07 18:47:39,2023-10-07 18:52:17,2023-10-07 19:14:52,San Francisco,94124,B10,17,6572,1,4,0,0,0,0,,500.0,500.0,0,0,0,0,1,142 Brush or brush - and - grass mixture fire,N None,11 Extinguishment by fire service personnel,86 Investigate,"00 Action taken, other",1 Detector alerted occupants,UUU Undetermined,UU Undetermined,U Cause undetermined after investigation,UU Undetermined,,UU Undetermined,UU Undetermined,N None,1 Enclosed building,2 In normal use,1.0,,NO,,,,,1 Present,1 Smoke,2 Detector operated,"1 Detector alerted occupants, occupants responded",,N None Present,1 Wet - pipe sprinkler system,1 System operated and was effective,,1.0,10.0,Bayview Hunters Point,"-122.382889, 37.730343",2023-10-07 19:14:52,2025-06-01 02:18:08
23135469,0,231354690,1000 Market Street,2023-10-07,232802951,2023-10-07 18:54:10,2023-10-07 18:57:01,2023-10-07 19:05:43,San Francisco,94102,B03,1,1454,3,11,0,0,0,0,,500.0,500.0,0,0,0,0,1,"730 System malfunction, other",N None,86 Investigate,86 Investigate,"00 Action taken, other",1 Detector alerted occupants,"439 Boarding/rooming house, residential hotels",00 Other area of fire origin,1 Intentional,UU Undetermined,,UU Undetermined,UU Undetermined,N None,1 Enclosed building,2 In normal use,1.0,,NO,,,,,1 Present,1 Smoke,2 Detector operated,"1 Detector alerted occupants, occupants responded",,N None Present,1 Wet - pipe sprinkler system,1 System operated and was effective,,1.0,5.0,Tenderloin,"-122.410989, 37.782044",2023-10-07 19:05:43,2025-06-01 02:18:08
23135483,0,231354830,363 Noe Street,2023-10-07,232803051,2023-10-07 19:22:33,2023-10-07 19:25:47,2023-10-07 19:31:00,San Francisco,94114,B05,6,5252,3,10,0,0,0,0,,500.0,500.0,0,0,0,0,1,"700 False alarm or false call, other",N None,"80 Information, investigation & enforcement, other",86 Investigate,"00 Action taken, other",1 Detector alerted occupants,429 Multifamily dwelling,00 Other area of fire origin,1 Intentional,UU Undetermined,,UU Undetermined,UU Undetermined,N None,1 Enclosed building,2 In normal use,1.0,,NO,,,,,1 Present,1 Smoke,2 Detector operated,"1 Detector alerted occupants, occupants responded",,N None Present,1 Wet - pipe sprinkler system,1 System operated and was effective,,1.0,8.0,Castro/Upper Market,"-122.432911, 37.76322",2023-10-07 19:31:00,2025-06-01 02:18:08
23135485,0,231354850,219 Denslowe Drive,2023-10-07,232803070,2023-10-07 19:28:16,2023-10-07 19:35:21,2023-10-07 21:30:50,San Francisco,94132,B08,19,8751,1,5,1,2,0,0,,500.0,500.0,0,0,0,0,1,"510 Person in distress, other",N None,31 Provide first aid & check for injuries,86 Investigate,"00 Action taken, other",1 Detector alerted occupants,419 1 or 2 family dwelling,00 Other area of fire origin,1 Intentional,UU Undetermined,,UU Undetermined,UU Undetermined,N None,1 Enclosed building,2 In normal use,1.0,,NO,,,,,1 Present,1 Smoke,2 Detector operated,"1 Detector alerted occupants, occupants responded",,N None Present,1 Wet - pipe sprinkler system,1 System operated and was effective,,1.0,7.0,West of Twin Peaks,"-122.474448, 37.720893",2023-10-07 21:30:50,2025-06-01 02:18:08
23135486,0,231354860,275 Turk Street,2023-10-07,232803073,2023-10-07 19:29:22,2023-10-07 19:33:28,2023-10-07 19:39:08,San Francisco,94102,B03,3,1456,3,10,0,0,0,0,,500.0,500.0,0,0,0,0,1,733 Smoke detector activation due to malfunction,N None,63 Restore fire alarm system,86 Investigate,"00 Action taken, other",1 Detector alerted occupants,429 Multifamily dwelling,00 Other area of fire origin,1 Intentional,UU Undetermined,,UU Undetermined,UU Undetermined,N None,1 Enclosed building,2 In normal use,1.0,,NO,,,,,1 Present,1 Smoke,2 Detector operated,"1 Detector alerted occupants, occupants responded",,N None Present,1 Wet - pipe sprinkler system,1 System operated and was effective,,1.0,5.0,Tenderloin,"-122.413597, 37.782782",2023-10-07 19:39:08,2025-06-01 02:18:08
23135490,0,231354900,900 Irving Street,2023-10-07,232803129,2023-10-07 19:47:14,2023-10-07 19:52:28,2023-10-07 20:07:09,San Francisco,94122,B08,22,7345,3,10,0,0,0,0,,500.0,500.0,0,0,0,0,1,735 Alarm system sounded due to malfunction,N None,86 Investigate,86 Investigate,"00 Action taken, other",1 Detector alerted occupants,"500 Mercantile, business, other",00 Other area of fire origin,1 Intentional,UU Undetermined,,UU Undetermined,UU Undetermined,N None,1 Enclosed building,2 In normal use,1.0,,NO,,,,,1 Present,1 Smoke,2 Detector operated,"1 Detector alerted occupants, occupants responded",,N None Present,1 Wet - pipe sprinkler system,1 System operated and was effective,,1.0,7.0,Inner Sunset,"-122.467476, 37.764053",2023-10-07 20:07:09,2025-06-01 02:18:08
23135494,0,231354940,899 Ulloa Street,2023-10-07,232803172,2023-10-07 20:02:36,2023-10-07 20:06:40,2023-10-07 21:10:39,San Francisco,94127,B08,39,8619,3,11,1,2,0,0,,500.0,500.0,0,0,0,0,1,"700 False alarm or false call, other",N None,86 Investigate,86 Investigate,"00 Action taken, other",1 Detector alerted occupants,"000 Property Use, other",00 Other area of fire origin,1 Intentional,UU Undetermined,,UU Undetermined,UU Undetermined,N None,1 Enclosed building,2 In normal use,1.0,,NO,,,,,1 Present,1 Smoke,2 Detector operated,"1 Detector alerted occupants, occupants responded",,N None Present,1 Wet - pipe sprinkler system,1 System operated and was effective,,1.0,7.0,West of Twin Peaks,"-122.465829, 37.740832",2023-10-07 21:10:39,2025-06-01 02:18:08
23135499,0,231354990,411 3rd Avenue,2023-10-07,232803187,2023-10-07 20:06:37,2023-10-07 20:11:48,2023-10-07 20:14:15,San Francisco,94118,B07,31,7117,1,4,0,0,0,0,,500.0,500.0,0,0,0,0,1,"700 False alarm or false call, other",N None,86 Investigate,86 Investigate,"00 Action taken, other",1 Detector alerted occupants,NNN None,00 Other area of fire origin,1 Intentional,UU Undetermined,,UU Undetermined,UU Undetermined,N None,1 Enclosed building,2 In normal use,1.0,,NO,,,,,1 Present,1 Smoke,2 Detector operated,"1 Detector alerted occupants, occupants responded",,N None Present,1 Wet - pipe sprinkler system,1 System operated and was effective,,1.0,1.0,Inner Richmond,"-122.461132, 37.780903",2023-10-07 20:14:15,2025-06-01 02:18:08
23135502,0,231355020,"848 Presidio Pw Nb, Prairie",2023-10-07,232803222,2023-10-07 20:15:04,2023-10-07 20:20:54,2023-10-07 20:35:54,Presidio,94123,B04,51,4325,4,14,1,1,0,0,,500.0,500.0,0,0,0,0,1,"540 Animal problem, other",N None,72 Assist animal,86 Investigate,"00 Action taken, other",1 Detector alerted occupants,"960 Street, other",00 Other area of fire origin,1 Intentional,UU Undetermined,,UU Undetermined,UU Undetermined,N None,1 Enclosed building,2 In normal use,1.0,,NO,,,,,1 Present,1 Smoke,2 Detector operated,"1 Detector alerted occupants, occupants responded",,N None Present,1 Wet - pipe sprinkler system,1 System operated and was effective,,1.0,2.0,Presidio,"-122.455033, 37.803332",2023-10-07 20:35:54,2025-06-01 02:18:08
23135503,0,231355030,3094 Cesar Chavez Street,2023-10-07,232803223,2023-10-07 20:15:04,2023-10-07 20:19:36,2023-10-07 20:25:28,San Francisco,94110,B06,9,5622,1,4,0,0,0,0,,500.0,500.0,0,0,0,0,1,"151 Outside rubbish, trash or waste fire",N None,11 Extinguishment by fire service personnel,86 Investigate,"00 Action taken, other",1 Detector alerted occupants,"960 Street, other",00 Other area of fire origin,1 Intentional,UU Undetermined,,UU Undetermined,UU Undetermined,N None,1 Enclosed building,2 In normal use,1.0,,NO,,,,,1 Present,1 Smoke,2 Detector operated,"1 Detector alerted occupants, occupants responded",,N None Present,1 Wet - pipe sprinkler system,1 System operated and was effective,,1.0,9.0,Mission,"-122.411339, 37.748369",2023-10-07 20:25:28,2025-06-01 02:18:08
23135508,0,231355080,Castro Street,2023-10-07,232803278,2023-10-07 20:34:43,2023-10-07 20:36:11,2023-10-07 20:43:38,San Francisco,94114,B05,6,5417,3,10,0,0,0,0,,500.0,500.0,0,0,0,0,1,"710 Malicious, mischievous false call, other",N None,63 Restore fire alarm system,86 Investigate,"00 Action taken, other",1 Detector alerted occupants,922 Tunnel,00 Other area of fire origin,1 Intentional,UU Undetermined,,UU Undetermined,UU Undetermined,N None,1 Enclosed building,2 In normal use,1.0,,NO,,,,,1 Present,1 Smoke,2 Detector operated,"1 Detector alerted occupants, occupants responded",,N None Present,1 Wet - pipe sprinkler system,1 System operated and was effective,,1.0,8.0,Castro/Upper Market,"-122.435188, 37.762671",2023-10-07 20:43:38,2025-06-01 02:18:08
23135509,0,231355090,942 Mission Street,2023-10-07,232803285,2023-10-07 20:36:40,2023-10-07 20:41:29,2023-10-07 20:43:34,San Francisco,94103,B03,1,2251,1,5,0,0,0,0,,500.0,500.0,0,0,0,0,1,"555 Defective elevator, no occupants",N None,86 Investigate,86 Investigate,"00 Action taken, other",1 Detector alerted occupants,"400 Residential, other",00 Other area of fire origin,1 Intentional,UU Undetermined,,UU Undetermined,UU Undetermined,N None,1 Enclosed building,2 In normal use,1.0,,NO,,,,,1 Present,1 Smoke,2 Detector operated,"1 Detector alerted occupants, occupants responded",,N None Present,1 Wet - pipe sprinkler system,1 System operated and was effective,,1.0,6.0,South of Market,"-122.407582, 37.781959",2023-10-07 20:43:34,2025-06-01 02:18:08
23135513,0,231355130,Barneveld Avenue,2023-10-07,232803325,2023-10-07 20:50:41,2023-10-07 20:54:13,2023-10-07 22:48:37,San Francisco,94124,B10,42,6381,1,4,1,2,0,0,,500.0,500.0,0,0,0,0,1,322 Motor vehicle accident with injuries,N None,31 Provide first aid & check for injuries,86 Investigate,"00 Action taken, other",1 Detector alerted occupants,"960 Street, other",00 Other area of fire origin,1 Intentional,UU Undetermined,,UU Undetermined,UU Undetermined,N None,1 Enclosed building,2 In normal use,1.0,,NO,,,,,1 Present,1 Smoke,2 Detector operated,"1 Detector alerted occupants, occupants responded",,N None Present,1 Wet - pipe sprinkler system,1 System operated and was effective,,1.0,10.0,Bayview Hunters Point,"-122.40426, 37.738712",2023-10-07 22:48:37,2025-06-01 02:18:08
23135517,0,231355170,95 Laguna Street,2023-10-07,232803372,2023-10-07 21:04:37,2023-10-07 21:11:19,2023-10-07 21:17:35,San Francisco,94102,B02,6,3416,1,5,0,0,0,0,,500.0,500.0,0,0,0,0,1,"600 Good intent call, other",N None,"70 Assistance, other",86 Investigate,"00 Action taken, other",1 Detector alerted occupants,"460 Dormitory - type residence, other",00 Other area of fire origin,1 Intentional,UU Undetermined,,UU Undetermined,UU Undetermined,N None,1 Enclosed building,2 In normal use,1.0,,NO,,,,,1 Present,1 Smoke,2 Detector operated,"1 Detector alerted occupants, occupants responded",,N None Present,1 Wet - pipe sprinkler system,1 System operated and was effective,,1.0,8.0,Hayes Valley,"-122.425363, 37.771552",2023-10-07 21:17:35,2025-06-01 02:18:08
23135520,0,231355200,101 28th Street,2023-10-07,232803393,2023-10-07 21:11:18,2023-10-07 21:15:10,2023-10-07 21:31:48,San Francisco,94131,B06,11,5562,1,5,0,0,0,0,,500.0,500.0,0,0,0,0,1,"550 Public service assistance, other",N None,73 Provide manpower,75 Provide equipment,"00 Action taken, other",1 Detector alerted occupants,429 Multifamily dwelling,00 Other area of fire origin,1 Intentional,UU Undetermined,,UU Undetermined,UU Undetermined,N None,1 Enclosed building,2 In normal use,1.0,,NO,,,,,1 Present,1 Smoke,2 Detector operated,"1 Detector alerted occupants, occupants responded",,N None Present,1 Wet - pipe sprinkler system,1 System operated and was effective,,1.0,8.0,Noe Valley,"-122.42462, 37.745364",2023-10-07 21:31:48,2025-06-01 02:18:08
23135538,0,231355380,888 Ofarrell Street,2023-10-07,232803516,2023-10-07 21:46:38,2023-10-07 21:50:34,2023-10-07 22:01:41,San Francisco,94109,B04,3,1642,3,10,0,0,0,0,,500.0,500.0,0,0,0,0,1,"745 Alarm system activation, no fire  -  unintentional",N None,86 Investigate,86 Investigate,"00 Action taken, other",1 Detector alerted occupants,"400 Residential, other",00 Other area of fire origin,1 Intentional,UU Undetermined,,UU Undetermined,UU Undetermined,N None,1 Enclosed building,2 In normal use,1.0,,NO,,,,,1 Present,1 Smoke,2 Detector operated,"1 Detector alerted occupants, occupants responded",,N None Present,1 Wet - pipe sprinkler system,1 System operated and was effective,,1.0,5.0,Tenderloin,"-122.419327, 37.785057",2023-10-07 22:01:41,2025-06-01 02:18:08
23135540,0,231355400,Security Pacific Place,2023-10-07,232803532,2023-10-07 21:51:38,2023-10-07 21:57:46,2023-10-07 22:11:11,San Francisco,94102,B01,13,1321,1,5,0,0,0,0,,500.0,500.0,0,0,0,0,1,"550 Public service assistance, other",N None,73 Provide manpower,86 Investigate,"00 Action taken, other",1 Detector alerted occupants,599 Business office,00 Other area of fire origin,1 Intentional,UU Undetermined,,UU Undetermined,UU Undetermined,N None,1 Enclosed building,2 In normal use,1.0,,NO,,,,,1 Present,1 Smoke,2 Detector operated,"1 Detector alerted occupants, occupants responded",,N None Present,1 Wet - pipe sprinkler system,1 System operated and was effective,,1.0,3.0,Financial District/South Beach,"-122.405349, 37.786747",2023-10-07 22:11:11,2025-06-01 02:18:08
23135541,0,231355410,14th Street,2023-10-07,232803535,2023-10-07 21:52:22,2023-10-07 21:56:43,2023-10-07 21:58:18,San Francisco,94103,B02,7,5216,1,4,0,0,0,0,,500.0,500.0,0,0,0,0,1,"600 Good intent call, other",N None,86 Investigate,86 Investigate,"00 Action taken, other",1 Detector alerted occupants,0000 Tent/Encampment,00 Other area of fire origin,1 Intentional,UU Undetermined,,UU Undetermined,UU Undetermined,N None,1 Enclosed building,2 In normal use,1.0,,NO,,,,,1 Present,1 Smoke,2 Detector operated,"1 Detector alerted occupants, occupants responded",,N None Present,1 Wet - pipe sprinkler system,1 System operated and was effective,,1.0,9.0,Mission,"-122.416709, 37.768472",2023-10-07 21:58:18,2025-06-01 02:18:08
23135542,0,231355420,322 Kearny Street,2023-10-07,232803554,2023-10-07 21:57:12,2023-10-07 22:03:00,2023-10-07 22:07:19,San Francisco,94108,B01,13,1243,3,11,0,0,0,0,,500.0,500.0,0,0,0,0,1,"740 Unintentional transmission of alarm, other",N None,63 Restore fire alarm system,86 Investigate,"00 Action taken, other",1 Detector alerted occupants,"000 Property Use, other",00 Other area of fire origin,1 Intentional,UU Undetermined,,UU Undetermined,UU Undetermined,N None,1 Enclosed building,2 In normal use,1.0,,NO,,,,,1 Present,1 Smoke,2 Detector operated,"1 Detector alerted occupants, occupants responded",,N None Present,1 Wet - pipe sprinkler system,1 System operated and was effective,,1.0,3.0,Financial District/South Beach,"-122.403998, 37.791016",2023-10-07 22:07:19,2025-06-01 02:18:08
23135544,0,231355440,925 Market Street,2023-10-07,232803557,2023-10-07 21:58:01,2023-10-07 22:03:39,2023-10-07 22:12:34,San Francisco,94103,B01,1,2247,3,10,0,0,0,0,,500.0,500.0,0,0,0,0,1,"710 Malicious, mischievous false call, other",N None,86 Investigate,86 Investigate,"00 Action taken, other",1 Detector alerted occupants,"439 Boarding/rooming house, residential hotels",00 Other area of fire origin,1 Intentional,UU Undetermined,,UU Undetermined,UU Undetermined,N None,1 Enclosed building,2 In normal use,1.0,,NO,,,,,1 Present,1 Smoke,2 Detector operated,"1 Detector alerted occupants, occupants responded",,N None Present,1 Wet - pipe sprinkler system,1 System operated and was effective,,1.0,6.0,South of Market,"-122.408449, 37.783591",2023-10-07 22:12:34,2025-06-01 02:18:08
23135545,0,231355450,5249 Mission Street,2023-10-07,232803569,2023-10-07 22:01:23,2023-10-07 22:05:58,2023-10-07 23:08:47,San Francisco,94112,B09,43,6176,1,4,1,2,0,0,,500.0,500.0,0,0,0,0,1,322 Motor vehicle accident with injuries,N None,31 Provide first aid & check for injuries,86 Investigate,"00 Action taken, other",1 Detector alerted occupants,"519 Food and beverage sales, grocery store",00 Other area of fire origin,1 Intentional,UU Undetermined,,UU Undetermined,UU Undetermined,N None,1 Enclosed building,2 In normal use,1.0,,NO,,,,,1 Present,1 Smoke,2 Detector operated,"1 Detector alerted occupants, occupants responded",,N None Present,1 Wet - pipe sprinkler system,1 System operated and was effective,,1.0,11.0,Excelsior,"-122.442108, 37.71501",2023-10-07 23:08:47,2025-06-01 02:18:08
23135550,0,231355500,1800 Folsom Street,2023-10-07,232803591,2023-10-07 22:09:08,2023-10-07 22:14:03,2023-10-07 22:15:37,San Francisco,94103,B02,7,5216,1,4,0,0,0,0,,500.0,500.0,0,0,0,0,1,"600 Good intent call, other",N None,86 Investigate,86 Investigate,"00 Action taken, other",1 Detector alerted occupants,0000 Tent/Encampment,00 Other area of fire origin,1 Intentional,UU Undetermined,,UU Undetermined,UU Undetermined,N None,1 Enclosed building,2 In normal use,1.0,,NO,,,,,1 Present,1 Smoke,2 Detector operated,"1 Detector alerted occupants, occupants responded",,N None Present,1 Wet - pipe sprinkler system,1 System operated and was effective,,1.0,9.0,Mission,"-122.416105, 37.767852",2023-10-07 22:15:37,2025-06-01 02:18:08
23135567,0,231355670,Great Hy,2023-10-07,232803699,2023-10-07 22:42:28,2023-10-07 22:54:57,2023-10-07 22:55:04,San Francisco,94116,B08,23,7726,1,4,0,0,0,0,,500.0,500.0,0,0,0,0,1,"100 Fire, other",N None,"10 Fire control or extinguishment, other",86 Investigate,"00 Action taken, other",1 Detector alerted occupants,"800 Storage, other",UU Undetermined,3 Failure of equipment or heat source,UU Undetermined,,UU Undetermined,UU Undetermined,N None,1 Enclosed building,2 In normal use,1.0,,NO,,,,,1 Present,1 Smoke,2 Detector operated,"1 Detector alerted occupants, occupants responded",,N None Present,1 Wet - pipe sprinkler system,1 System operated and was effective,,1.0,4.0,Sunset/Parkside,"-122.507941, 37.749109",2023-10-07 22:55:04,2025-06-01 02:18:08
23135577,0,231355770,300 3rd Street,2023-10-07,232803773,2023-10-07 23:04:26,2023-10-07 23:09:13,2023-10-08 00:51:03,San Francisco,94103,B03,1,2176,1,4,2,3,0,0,,500.0,500.0,0,0,0,0,1,"311 Medical assist, assist EMS crew",N None,31 Provide first aid & check for injuries,86 Investigate,"00 Action taken, other",1 Detector alerted occupants,NNN None,00 Other area of fire origin,1 Intentional,UU Undetermined,,UU Undetermined,UU Undetermined,N None,1 Enclosed building,2 In normal use,1.0,,NO,,,,,1 Present,1 Smoke,2 Detector operated,"1 Detector alerted occupants, occupants responded",,N None Present,1 Wet - pipe sprinkler system,1 System operated and was effective,,1.0,6.0,South of Market,"-122.398933, 37.783688",2023-10-08 00:51:03,2025-06-01 02:18:08
23135584,0,231355840,4251 18th Street,2023-10-07,232803800,2023-10-07 23:16:00,2023-10-07 23:20:34,2023-10-07 23:31:01,San Francisco,94114,B05,6,5415,1,5,0,0,0,0,,500.0,500.0,0,0,0,0,1,552 Police matter,N None,"60 Systems and services, other",86 Investigate,"00 Action taken, other",1 Detector alerted occupants,549 Specialty shop,00 Other area of fire origin,1 Intentional,UU Undetermined,,UU Undetermined,UU Undetermined,N None,1 Enclosed building,2 In normal use,1.0,,NO,,,,,1 Present,1 Smoke,2 Detector operated,"1 Detector alerted occupants, occupants responded",,N None Present,1 Wet - pipe sprinkler system,1 System operated and was effective,,1.0,8.0,Castro/Upper Market,"-122.436657, 37.760722",2023-10-07 23:31:01,2025-06-01 02:18:08
23135595,0,231355950,5249 Mission Street,2023-10-07,232803855,2023-10-07 23:37:20,2023-10-07 23:51:46,2023-10-07 23:53:26,San Francisco,94112,B09,43,6176,1,5,0,0,0,0,,500.0,500.0,0,0,0,0,1,"500 Service Call, other",N None,73 Provide manpower,86 Investigate,"00 Action taken, other",1 Detector alerted occupants,"960 Street, other",00 Other area of fire origin,1 Intentional,UU Undetermined,,UU Undetermined,UU Undetermined,N None,1 Enclosed building,2 In normal use,1.0,,NO,,,,,1 Present,1 Smoke,2 Detector operated,"1 Detector alerted occupants, occupants responded",,N None Present,1 Wet - pipe sprinkler system,1 System operated and was effective,,1.0,11.0,Excelsior,"-122.442108, 37.71501",2023-10-07 23:53:26,2025-06-01 02:18:08
23135596,0,231355960,1 101nb Vermont Of,2023-10-07,232803873,2023-10-07 23:43:44,2023-10-07 23:53:20,2023-10-08 01:31:15,San Francisco,94124,B10,9,6375,1,4,1,2,0,0,,500.0,500.0,0,0,0,0,1,322 Motor vehicle accident with injuries,N None,31 Provide first aid & check for injuries,86 Investigate,"00 Action taken, other",1 Detector alerted occupants,961 Highway or divided highway,00 Other area of fire origin,1 Intentional,UU Undetermined,,UU Undetermined,UU Undetermined,N None,1 Enclosed building,2 In normal use,1.0,,NO,,,,,1 Present,1 Smoke,2 Detector operated,"1 Detector alerted occupants, occupants responded",,N None Present,1 Wet - pipe sprinkler system,1 System operated and was effective,,1.0,10.0,Potrero Hill,"-122.405787, 37.761982",2023-10-08 01:31:15,2025-06-01 02:18:08
23135614,0,231356140,1200 33rd Avenue,2023-10-08,232810082,2023-10-08 00:30:14,2023-10-08 00:34:40,2023-10-08 00:48:47,San Francisco,94122,B08,23,7537,3,10,0,0,0,0,,500.0,500.0,0,0,0,0,1,735 Alarm system sounded due to malfunction,N None,86 Investigate,86 Investigate,"00 Action taken, other",1 Detector alerted occupants,"400 Residential, other",00 Other area of fire origin,1 Intentional,UU Undetermined,,UU Undetermined,UU Undetermined,N None,1 Enclosed building,2 In normal use,1.0,,NO,,,,,1 Present,1 Smoke,2 Detector operated,"1 Detector alerted occupants, occupants responded",,N None Present,1 Wet - pipe sprinkler system,1 System operated and was effective,,1.0,4.0,Sunset/Parkside,"-122.492166, 37.764712",2023-10-08 00:48:47,2025-06-01 02:18:08
23135618,0,231356180,72 Ellis Street,2023-10-08,232810111,2023-10-08 00:40:43,2023-10-08 00:46:11,2023-10-08 00:51:24,San Francisco,94103,B03,13,1322,1,5,0,0,0,0,,500.0,500.0,0,0,0,0,1,"555 Defective elevator, no occupants",N None,86 Investigate,86 Investigate,"00 Action taken, other",1 Detector alerted occupants,"400 Residential, other",00 Other area of fire origin,1 Intentional,UU Undetermined,,UU Undetermined,UU Undetermined,N None,1 Enclosed building,2 In normal use,1.0,,NO,,,,,1 Present,1 Smoke,2 Detector operated,"1 Detector alerted occupants, occupants responded",,N None Present,1 Wet - pipe sprinkler system,1 System operated and was effective,,1.0,3.0,Financial District/South Beach,"-122.407281, 37.785633",2023-10-08 00:51:24,2025-06-01 02:18:08
23135622,0,231356220,201 Toland Street,2023-10-08,232810137,2023-10-08 00:57:53,2023-10-08 01:01:53,2023-10-08 02:12:39,San Francisco,94124,B10,9,6420,1,4,0,0,1,1,,30.0,500.0,0,0,0,0,1,"151 Outside rubbish, trash or waste fire",N None,11 Extinguishment by fire service personnel,86 Investigate,"00 Action taken, other",1 Detector alerted occupants,963 Street or road in commercial area,"92 Highway, parking lot, street: on or near",1 Intentional,"10 Misuse of material or product, other",,"60 Heat from other open flame or smoking materials, other","51 Box, carton, bag, basket, barrel",N None,1 Enclosed building,2 In normal use,1.0,,NO,,,,,1 Present,1 Smoke,2 Detector operated,"1 Detector alerted occupants, occupants responded",,N None Present,1 Wet - pipe sprinkler system,1 System operated and was effective,,1.0,10.0,Bayview Hunters Point,"-122.396454, 37.746508",2023-10-09 07:43:50,2025-06-01 02:18:08
23135626,0,231356260,333 Post Street,2023-10-08,232810154,2023-10-08 01:03:29,2023-10-08 01:07:18,2023-10-08 01:14:49,San Francisco,94102,B01,2,1362,3,11,0,0,0,0,,500.0,500.0,0,0,0,0,1,"740 Unintentional transmission of alarm, other",N None,86 Investigate,86 Investigate,"00 Action taken, other",1 Detector alerted occupants,"882 Parking garage, general vehicle",00 Other area of fire origin,1 Intentional,UU Undetermined,,UU Undetermined,UU Undetermined,N None,1 Enclosed building,2 In normal use,1.0,,NO,,,,,1 Present,1 Smoke,2 Detector operated,"1 Detector alerted occupants, occupants responded",,N None Present,1 Wet - pipe sprinkler system,1 System operated and was effective,,1.0,3.0,Financial District/South Beach,"-122.407501, 37.787931",2023-10-08 01:14:49,2025-06-01 02:18:08
23135630,0,231356300,25 Cyril Magnin Street,2023-10-08,232810170,2023-10-08 01:11:49,2023-10-08 01:16:50,2023-10-08 01:30:31,San Francisco,94103,B03,1,1364,2,10,0,0,0,0,,500.0,500.0,0,0,0,0,1,"500 Service Call, other",N None,75 Provide equipment,86 Investigate,"00 Action taken, other",1 Detector alerted occupants,"519 Food and beverage sales, grocery store",00 Other area of fire origin,1 Intentional,UU Undetermined,,UU Undetermined,UU Undetermined,N None,1 Enclosed building,2 In normal use,1.0,,NO,,,,,1 Present,1 Smoke,2 Detector operated,"1 Detector alerted occupants, occupants responded",,N None Present,1 Wet - pipe sprinkler system,1 System operated and was effective,,1.0,3.0,Tenderloin,"-122.408623, 37.784667",2023-10-08 01:30:31,2025-06-01 02:18:08
23135646,0,231356460,Oakdale Avenue,2023-10-08,232810254,2023-10-08 01:58:13,2023-10-08 02:05:20,2023-10-08 02:57:46,San Francisco,94124,B10,17,6471,1,4,1,2,0,0,,500.0,500.0,0,0,0,0,1,323 Motor vehicle/pedestrian accident (MV Ped),N None,33 Provide advanced life support (ALS),86 Investigate,"00 Action taken, other",1 Detector alerted occupants,UUU Undetermined,00 Other area of fire origin,1 Intentional,UU Undetermined,,UU Undetermined,UU Undetermined,N None,1 Enclosed building,2 In normal use,1.0,,NO,,,,,1 Present,1 Smoke,2 Detector operated,"1 Detector alerted occupants, occupants responded",,N None Present,1 Wet - pipe sprinkler system,1 System operated and was effective,,1.0,10.0,Bayview Hunters Point,"-122.390698, 37.734797",2023-10-08 02:57:46,2025-06-01 02:18:08
23135647,0,231356470,1428 Steiner Street,2023-10-08,232810259,2023-10-08 02:00:49,2023-10-08 02:03:45,2023-10-08 02:13:47,San Francisco,94115,B04,5,3623,8,28,1,2,1,2,,500.0,500.0,0,0,0,0,1,"700 False alarm or false call, other",N None,86 Investigate,86 Investigate,"00 Action taken, other",1 Detector alerted occupants,429 Multifamily dwelling,00 Other area of fire origin,1 Intentional,UU Undetermined,,UU Undetermined,UU Undetermined,N None,1 Enclosed building,2 In normal use,1.0,,NO,,,,,1 Present,1 Smoke,2 Detector operated,"1 Detector alerted occupants, occupants responded",,N None Present,1 Wet - pipe sprinkler system,1 System operated and was effective,,1.0,5.0,Western Addition,"-122.434139, 37.782456",2023-10-08 02:13:47,2025-06-01 02:18:08
23135648,0,231356480,50 3rd Street,2023-10-08,232810263,2023-10-08 02:03:54,2023-10-08 02:08:01,2023-10-08 02:14:12,San Francisco,94105,B03,1,2211,3,10,0,0,0,0,,500.0,500.0,0,0,0,0,1,733 Smoke detector activation due to malfunction,N None,63 Restore fire alarm system,86 Investigate,"00 Action taken, other",1 Detector alerted occupants,"439 Boarding/rooming house, residential hotels",00 Other area of fire origin,1 Intentional,UU Undetermined,,UU Undetermined,UU Undetermined,N None,1 Enclosed building,2 In normal use,1.0,,NO,,,,,1 Present,1 Smoke,2 Detector operated,"1 Detector alerted occupants, occupants responded",,N None Present,1 Wet - pipe sprinkler system,1 System operated and was effective,,1.0,6.0,Financial District/South Beach,"-122.402889, 37.786766",2023-10-08 02:14:12,2025-06-01 02:18:08
23135654,0,231356540,"1 80eb Yerba Buena Is Of, Yb",2023-10-08,232810297,2023-10-08 02:17:03,2023-10-08 02:33:58,2023-10-08 03:41:34,Yerba Buena,94103,B03,48,2951,1,4,3,6,0,0,,500.0,500.0,0,0,0,0,1,322 Motor vehicle accident with injuries,N None,32 Provide basic life support (BLS),86 Investigate,"00 Action taken, other",1 Detector alerted occupants,961 Highway or divided highway,00 Other area of fire origin,1 Intentional,UU Undetermined,,UU Undetermined,UU Undetermined,N None,1 Enclosed building,2 In normal use,1.0,,NO,,,,,1 Present,1 Smoke,2 Detector operated,"1 Detector alerted occupants, occupants responded",,N None Present,1 Wet - pipe sprinkler system,1 System operated and was effective,,1.0,6.0,Treasure Island,"-122.363916, 37.811074",2023-10-08 03:41:34,2025-06-01 02:18:08
23135656,0,231356560,King Street,2023-10-08,232810306,2023-10-08 02:23:48,2023-10-08 02:30:11,2023-10-08 02:31:53,San Francisco,94107,B03,8,2171,1,4,0,0,0,0,,500.0,500.0,0,0,0,0,1,"500 Service Call, other",N None,"60 Systems and services, other",86 Investigate,"00 Action taken, other",1 Detector alerted occupants,"500 Mercantile, business, other",00 Other area of fire origin,1 Intentional,UU Undetermined,,UU Undetermined,UU Undetermined,N None,1 Enclosed building,2 In normal use,1.0,,NO,,,,,1 Present,1 Smoke,2 Detector operated,"1 Detector alerted occupants, occupants responded",,N None Present,1 Wet - pipe sprinkler system,1 System operated and was effective,,1.0,6.0,Mission Bay,"-122.394103, 37.776382",2023-10-08 02:31:53,2025-06-01 02:18:08
23135664,0,231356640,700 Ofarrell Street,2023-10-08,232810379,2023-10-08 03:16:09,2023-10-08 03:33:18,2023-10-08 03:39:49,San Francisco,94109,B04,3,1642,1,5,0,0,0,0,,500.0,500.0,0,0,0,0,1,"510 Person in distress, other",N None,73 Provide manpower,86 Investigate,"00 Action taken, other",1 Detector alerted occupants,429 Multifamily dwelling,00 Other area of fire origin,1 Intentional,UU Undetermined,,UU Undetermined,UU Undetermined,N None,1 Enclosed building,2 In normal use,1.0,,NO,,,,,1 Present,1 Smoke,2 Detector operated,"1 Detector alerted occupants, occupants responded",,N None Present,1 Wet - pipe sprinkler system,1 System operated and was effective,,1.0,5.0,Tenderloin,"-122.416361, 37.785432",2023-10-08 03:39:49,2025-06-01 02:18:08
23135667,0,231356670,309 Magellan Avenue,2023-10-08,232810389,2023-10-08 03:21:28,2023-10-08 03:27:41,2023-10-08 03:33:39,San Francisco,94116,B08,39,8624,3,10,0,0,0,0,,500.0,500.0,0,0,0,0,1,735 Alarm system sounded due to malfunction,N None,86 Investigate,86 Investigate,"00 Action taken, other",1 Detector alerted occupants,"400 Residential, other",00 Other area of fire origin,1 Intentional,UU Undetermined,,UU Undetermined,UU Undetermined,N None,1 Enclosed building,2 In normal use,1.0,,NO,,,,,1 Present,1 Smoke,2 Detector operated,"1 Detector alerted occupants, occupants responded",,N None Present,1 Wet - pipe sprinkler system,1 System operated and was effective,,1.0,7.0,West of Twin Peaks,"-122.462162, 37.745934",2023-10-08 03:33:39,2025-06-01 02:18:08
23135681,0,231356810,Hahn Street,2023-10-08,232810465,2023-10-08 04:38:26,2023-10-08 04:44:06,2023-10-08 05:20:44,San Francisco,94134,B09,44,6263,2,9,0,0,0,0,,13909.0,500.0,0,0,0,0,1,131 Passenger vehicle fire,N None,11 Extinguishment by fire service personnel,86 Investigate,"00 Action taken, other",1 Detector alerted occupants,"962 Residential street, road or residential driveway",81 Operator/passenger area of transportation equipment,1 Intentional,"10 Misuse of material or product, other",,"60 Heat from other open flame or smoking materials, other","92 Magazine, newspaper, writing paper",N None,1 Enclosed building,2 In normal use,1.0,,NO,,,,,1 Present,1 Smoke,2 Detector operated,"1 Detector alerted occupants, occupants responded",,N None Present,1 Wet - pipe sprinkler system,1 System operated and was effective,,1.0,10.0,Visitacion Valley,"-122.415291, 37.713504",2023-10-10 07:48:22,2025-06-01 02:18:08
23135684,0,231356840,Larkin Street,2023-10-08,232810469,2023-10-08 04:41:20,2023-10-08 04:51:13,2023-10-08 04:52:49,San Francisco,94102,B02,36,1646,1,4,0,0,0,0,,500.0,500.0,0,0,0,0,1,561 Unauthorized burning,N None,86 Investigate,86 Investigate,"00 Action taken, other",1 Detector alerted occupants,NNN None,00 Other area of fire origin,1 Intentional,UU Undetermined,,UU Undetermined,UU Undetermined,N None,1 Enclosed building,2 In normal use,1.0,,NO,,,,,1 Present,1 Smoke,2 Detector operated,"1 Detector alerted occupants, occupants responded",,N None Present,1 Wet - pipe sprinkler system,1 System operated and was effective,,1.0,5.0,Tenderloin,"-122.416583, 37.778659",2023-10-08 04:52:49,2025-06-01 02:18:08
23135687,0,231356870,19 Margaret Avenue,2023-10-08,232810478,2023-10-08 04:47:24,2023-10-08 04:54:03,2023-10-08 05:05:38,San Francisco,94112,B09,15,8323,3,11,2,3,0,0,,500.0,500.0,0,0,0,0,1,"900 Special type of incident, other",N None,"70 Assistance, other",86 Investigate,"00 Action taken, other",1 Detector alerted occupants,419 1 or 2 family dwelling,00 Other area of fire origin,1 Intentional,UU Undetermined,,UU Undetermined,UU Undetermined,N None,1 Enclosed building,2 In normal use,1.0,,NO,,,,,1 Present,1 Smoke,2 Detector operated,"1 Detector alerted occupants, occupants responded",,N None Present,1 Wet - pipe sprinkler system,1 System operated and was effective,,1.0,11.0,Oceanview/Merced/Ingleside,"-122.451764, 37.718302",2023-10-08 05:05:38,2025-06-01 02:18:08
23135688,0,231356880,66 Chicago Way,2023-10-08,232810486,2023-10-08 04:56:24,2023-10-08 05:00:02,2023-10-08 05:14:41,San Francisco,94112,B09,43,6234,10,37,1,2,1,2,,500.0,3500.0,0,0,0,0,1,"113 Cooking fire, confined to container",N None,86 Investigate,86 Investigate,"00 Action taken, other",1 Detector alerted occupants,"400 Residential, other",00 Other area of fire origin,1 Intentional,UU Undetermined,,UU Undetermined,UU Undetermined,N None,1 Enclosed building,2 In normal use,1.0,,NO,,,,,1 Present,1 Smoke,2 Detector operated,"1 Detector alerted occupants, occupants responded",,N None Present,1 Wet - pipe sprinkler system,1 System operated and was effective,,1.0,11.0,Excelsior,"-122.429355, 37.7107",2023-10-08 05:14:41,2025-06-01 02:18:08
23135689,0,231356890,1700 Silver Avenue,2023-10-08,232810504,2023-10-08 05:10:22,2023-10-08 05:12:49,2023-10-08 07:52:33,San Francisco,94124,B10,42,6364,11,38,2,4,2,3,,100000.0,10000.0,0,0,0,0,1,111 Building fire,N None,11 Extinguishment by fire service personnel,86 Investigate,"00 Action taken, other",1 Detector alerted occupants,"800 Storage, other",43 Storage: supplies or tools; dead storage,U Cause undetermined after investigation,UU Undetermined,,UU Undetermined,UU Undetermined,N None,1 Enclosed building,2 In normal use,1.0,,NO,,,,,N None present,1 Smoke,2 Detector operated,"1 Detector alerted occupants, occupants responded",,N None Present,1 Wet - pipe sprinkler system,1 System operated and was effective,,1.0,10.0,Bayview Hunters Point,"-122.40315, 37.732859",2023-10-08 08:57:12,2025-06-01 02:18:08
23135692,0,231356920,1145 Market Street,2023-10-08,232810511,2023-10-08 05:16:09,2023-10-08 05:23:13,2023-10-08 05:28:20,San Francisco,94103,B02,36,2316,1,4,0,0,0,0,,500.0,500.0,0,0,0,0,1,561 Unauthorized burning,N None,85 Enforce codes,86 Investigate,"00 Action taken, other",1 Detector alerted occupants,NNN None,00 Other area of fire origin,1 Intentional,UU Undetermined,,UU Undetermined,UU Undetermined,N None,1 Enclosed building,2 In normal use,1.0,,NO,,,,,1 Present,1 Smoke,2 Detector operated,"1 Detector alerted occupants, occupants responded",,N None Present,1 Wet - pipe sprinkler system,1 System operated and was effective,,1.0,6.0,South of Market,"-122.413252, 37.779803",2023-10-08 05:28:20,2025-06-01 02:18:08
23135695,0,231356950,330 Clementina Street,2023-10-08,232810526,2023-10-08 05:28:43,2023-10-08 05:34:56,2023-10-08 05:44:55,San Francisco,94107,B03,1,2215,1,5,0,0,0,0,,500.0,500.0,0,0,0,0,1,554 Assist invalid,N None,73 Provide manpower,86 Investigate,"00 Action taken, other",1 Detector alerted occupants,"400 Residential, other",00 Other area of fire origin,1 Intentional,UU Undetermined,,UU Undetermined,UU Undetermined,N None,1 Enclosed building,2 In normal use,1.0,,NO,,,,,1 Present,1 Smoke,2 Detector operated,"1 Detector alerted occupants, occupants responded",,N None Present,1 Wet - pipe sprinkler system,1 System operated and was effective,,1.0,6.0,South of Market,"-122.402465, 37.781947",2023-10-08 05:44:55,2025-06-01 02:18:08
23135697,0,231356970,165 Francisco Street,2023-10-08,232810534,2023-10-08 05:32:36,2023-10-08 05:37:34,2023-10-08 05:48:10,San Francisco,94133,B01,28,1263,3,11,0,0,0,0,,500.0,500.0,0,0,0,0,1,735 Alarm system sounded due to malfunction,N None,86 Investigate,86 Investigate,"00 Action taken, other",1 Detector alerted occupants,"400 Residential, other",00 Other area of fire origin,1 Intentional,UU Undetermined,,UU Undetermined,UU Undetermined,N None,1 Enclosed building,2 In normal use,1.0,,NO,,,,,1 Present,1 Smoke,2 Detector operated,"1 Detector alerted occupants, occupants responded",,N None Present,1 Wet - pipe sprinkler system,1 System operated and was effective,,1.0,3.0,North Beach,"-122.408194, 37.805272",2023-10-08 05:48:10,2025-06-01 02:18:08
23135698,0,231356980,112 Clipper Street,2023-10-08,232810542,2023-10-08 05:40:22,2023-10-08 05:42:48,2023-10-08 05:51:28,San Francisco,94131,B06,11,5547,3,10,0,0,0,0,,500.0,500.0,0,0,0,0,1,736 CO detector activation due to malfunction,N None,86 Investigate,86 Investigate,"00 Action taken, other",1 Detector alerted occupants,419 1 or 2 family dwelling,00 Other area of fire origin,1 Intentional,UU Undetermined,,UU Undetermined,UU Undetermined,N None,1 Enclosed building,2 In normal use,1.0,,NO,,,,,1 Present,1 Smoke,2 Detector operated,"1 Detector alerted occupants, occupants responded",,N None Present,1 Wet - pipe sprinkler system,1 System operated and was effective,,1.0,8.0,Noe Valley,"-122.427545, 37.749344",2023-10-08 05:51:28,2025-06-01 02:18:08
23135703,0,231357030,2176 Mission Street,2023-10-08,232810561,2023-10-08 06:02:37,2023-10-08 06:08:32,2023-10-08 06:08:41,San Francisco,94110,B02,7,5423,1,4,0,0,0,0,,500.0,500.0,0,0,0,0,1,"700 False alarm or false call, other",N None,86 Investigate,86 Investigate,"00 Action taken, other",1 Detector alerted occupants,UUU Undetermined,00 Other area of fire origin,1 Intentional,UU Undetermined,,UU Undetermined,UU Undetermined,N None,1 Enclosed building,2 In normal use,1.0,,NO,,,,,1 Present,1 Smoke,2 Detector operated,"1 Detector alerted occupants, occupants responded",,N None Present,1 Wet - pipe sprinkler system,1 System operated and was effective,,1.0,9.0,Mission,"-122.419674, 37.76214",2023-10-08 06:08:41,2025-06-01 02:18:08
23135709,0,231357090,557 Valencia Street,2023-10-08,232810650,2023-10-08 07:08:17,2023-10-08 07:11:57,2023-10-08 07:14:41,San Francisco,94110,B02,7,5247,1,4,1,2,0,0,,500.0,500.0,0,0,0,0,1,"510 Person in distress, other",N None,86 Investigate,86 Investigate,"00 Action taken, other",1 Detector alerted occupants,"000 Property Use, other",00 Other area of fire origin,1 Intentional,UU Undetermined,,UU Undetermined,UU Undetermined,N None,1 Enclosed building,2 In normal use,1.0,,NO,,,,,1 Present,1 Smoke,2 Detector operated,"1 Detector alerted occupants, occupants responded",,N None Present,1 Wet - pipe sprinkler system,1 System operated and was effective,,1.0,9.0,Mission,"-122.421714, 37.764008",2023-10-08 07:14:41,2025-06-01 02:18:08
23135711,0,231357110,131 27th Avenue,2023-10-08,232810671,2023-10-08 07:18:54,2023-10-08 07:26:00,2023-10-08 07:31:42,San Francisco,94121,B07,14,7217,1,4,0,0,0,0,,500.0,500.0,0,0,0,0,1,"440 Electrical  wiring/equipment problem, other",N None,"70 Assistance, other",86 Investigate,"00 Action taken, other",1 Detector alerted occupants,NNN None,00 Other area of fire origin,1 Intentional,UU Undetermined,,UU Undetermined,UU Undetermined,N None,1 Enclosed building,2 In normal use,1.0,,NO,,,,,1 Present,1 Smoke,2 Detector operated,"1 Detector alerted occupants, occupants responded",,N None Present,1 Wet - pipe sprinkler system,1 System operated and was effective,,1.0,1.0,Seacliff,"-122.487465, 37.786909",2023-10-08 07:31:42,2025-06-01 02:18:08
23135712,0,231357120,125 3rd Street,2023-10-08,232810673,2023-10-08 07:19:05,2023-10-08 07:24:41,2023-10-08 07:27:49,San Francisco,94103,B03,1,2178,3,10,0,0,0,0,,500.0,500.0,0,0,0,0,1,733 Smoke detector activation due to malfunction,N None,63 Restore fire alarm system,86 Investigate,"00 Action taken, other",1 Detector alerted occupants,"439 Boarding/rooming house, residential hotels",00 Other area of fire origin,1 Intentional,UU Undetermined,,UU Undetermined,UU Undetermined,N None,1 Enclosed building,2 In normal use,1.0,,NO,,,,,1 Present,1 Smoke,2 Detector operated,"1 Detector alerted occupants, occupants responded",,N None Present,1 Wet - pipe sprinkler system,1 System operated and was effective,,1.0,6.0,Financial District/South Beach,"-122.401562, 37.785959",2023-10-08 07:27:49,2025-06-01 02:18:08
23135713,0,231357130,Palou Avenue,2023-10-08,232810679,2023-10-08 07:21:55,2023-10-08 07:24:42,2023-10-08 09:10:37,San Francisco,94124,B10,17,6534,5,19,3,3,0,0,,500.0,500.0,0,0,0,0,1,"300 Rescue, EMS incident, other",N None,33 Provide advanced life support (ALS),86 Investigate,"00 Action taken, other",1 Detector alerted occupants,429 Multifamily dwelling,00 Other area of fire origin,1 Intentional,UU Undetermined,,UU Undetermined,UU Undetermined,N None,1 Enclosed building,2 In normal use,1.0,,NO,,,,,1 Present,1 Smoke,2 Detector operated,"1 Detector alerted occupants, occupants responded",,N None Present,1 Wet - pipe sprinkler system,1 System operated and was effective,,1.0,10.0,Bayview Hunters Point,"-122.390972, 37.734015",2023-10-08 09:10:37,2025-06-01 02:18:08
23135718,0,231357180,45 George Court,2023-10-08,232810706,2023-10-08 07:45:25,2023-10-08 07:47:40,2023-10-08 08:07:45,San Francisco,94124,B10,17,6572,2,8,0,0,0,0,,500.0,500.0,0,0,0,0,1,142 Brush or brush - and - grass mixture fire,N None,11 Extinguishment by fire service personnel,86 Investigate,"00 Action taken, other",1 Detector alerted occupants,UUU Undetermined,UU Undetermined,U Cause undetermined after investigation,UU Undetermined,,UU Undetermined,UU Undetermined,N None,1 Enclosed building,2 In normal use,1.0,,NO,,,,,1 Present,1 Smoke,2 Detector operated,"1 Detector alerted occupants, occupants responded",,N None Present,1 Wet - pipe sprinkler system,1 System operated and was effective,,1.0,10.0,Bayview Hunters Point,"-122.383855, 37.731016",2023-10-08 08:07:45,2025-06-01 02:18:08
23135720,0,231357200,41 Jones Street,2023-10-08,232810723,2023-10-08 07:55:56,2023-10-08 08:01:30,2023-10-08 08:09:39,San Francisco,94102,B03,36,1455,3,11,0,0,0,0,,500.0,500.0,0,0,0,0,1,"743 Smoke detector activation, no fire  -  unintentional",N None,86 Investigate,86 Investigate,"00 Action taken, other",1 Detector alerted occupants,"439 Boarding/rooming house, residential hotels",00 Other area of fire origin,1 Intentional,UU Undetermined,,UU Undetermined,UU Undetermined,N None,1 Enclosed building,2 In normal use,1.0,,NO,,,,,1 Present,1 Smoke,2 Detector operated,"1 Detector alerted occupants, occupants responded",,N None Present,1 Wet - pipe sprinkler system,1 System operated and was effective,,1.0,5.0,Tenderloin,"-122.412423, 37.781633",2023-10-08 08:09:39,2025-06-01 02:18:08
23135721,0,231357210,Leavenworth Street,2023-10-08,232810750,2023-10-08 08:06:43,2023-10-08 08:10:20,2023-10-08 08:11:50,San Francisco,94102,B04,3,1544,1,4,0,0,0,0,,500.0,500.0,0,0,0,0,1,"151 Outside rubbish, trash or waste fire",N None,11 Extinguishment by fire service personnel,86 Investigate,"00 Action taken, other",1 Detector alerted occupants,"960 Street, other",00 Other area of fire origin,1 Intentional,UU Undetermined,,UU Undetermined,UU Undetermined,N None,1 Enclosed building,2 In normal use,1.0,,NO,,,,,1 Present,1 Smoke,2 Detector operated,"1 Detector alerted occupants, occupants responded",,N None Present,1 Wet - pipe sprinkler system,1 System operated and was effective,,1.0,5.0,Tenderloin,"-122.41481, 37.786519",2023-10-08 08:11:50,2025-06-01 02:18:08
23135724,0,231357240,620 Post Street,2023-10-08,232810764,2023-10-08 08:11:22,2023-10-08 08:13:21,2023-10-08 08:19:29,San Francisco,94109,B01,3,1451,4,15,0,0,0,0,,500.0,500.0,0,0,0,0,1,"113 Cooking fire, confined to container",N None,63 Restore fire alarm system,86 Investigate,"00 Action taken, other",U Unknown,"000 Property Use, other",00 Other area of fire origin,1 Intentional,UU Undetermined,,UU Undetermined,UU Undetermined,N None,1 Enclosed building,2 In normal use,1.0,,NO,,,,,1 Present,1 Smoke,2 Detector operated,"1 Detector alerted occupants, occupants responded",,N None Present,1 Wet - pipe sprinkler system,1 System operated and was effective,,1.0,3.0,Nob Hill,"-122.412097, 37.787891",2023-10-08 08:19:29,2025-06-01 02:18:08
23135730,0,231357300,1 280nb Ocean On,2023-10-08,232810809,2023-10-08 08:43:05,2023-10-08 08:49:19,2023-10-08 10:19:29,San Francisco,94112,B09,15,8311,4,15,3,5,0,0,,500.0,500.0,0,0,0,0,1,323 Motor vehicle/pedestrian accident (MV Ped),N None,"30 Emergency medical services, other",86 Investigate,"00 Action taken, other",1 Detector alerted occupants,961 Highway or divided highway,00 Other area of fire origin,1 Intentional,UU Undetermined,,UU Undetermined,UU Undetermined,N None,1 Enclosed building,2 In normal use,1.0,,NO,,,,,1 Present,1 Smoke,2 Detector operated,"1 Detector alerted occupants, occupants responded",,N None Present,1 Wet - pipe sprinkler system,1 System operated and was effective,,1.0,11.0,Outer Mission,"-122.447339, 37.723037",2023-10-08 10:19:29,2025-06-01 02:18:08
23135733,0,231357330,165-175 Johnstone Drive,2023-10-08,232810847,2023-10-08 08:59:36,2023-10-08 09:05:02,2023-10-08 09:14:29,San Francisco,94131,B05,20,5278,3,10,0,0,0,0,,500.0,75.0,0,0,0,0,1,"113 Cooking fire, confined to container",N None,63 Restore fire alarm system,86 Investigate,"00 Action taken, other",1 Detector alerted occupants,429 Multifamily dwelling,00 Other area of fire origin,1 Intentional,UU Undetermined,,UU Undetermined,UU Undetermined,N None,1 Enclosed building,2 In normal use,1.0,,NO,,,,,1 Present,1 Smoke,2 Detector operated,"1 Detector alerted occupants, occupants responded",,N None Present,1 Wet - pipe sprinkler system,1 System operated and was effective,,1.0,7.0,Inner Sunset,"-122.455539, 37.758442",2023-10-08 09:14:29,2025-06-01 02:18:08
23135738,0,231357380,175 Omar Way,2023-10-08,232810873,2023-10-08 09:08:32,2023-10-08 09:12:10,2023-10-08 09:25:35,San Francisco,94127,B09,39,8662,4,12,0,0,0,0,,500.0,500.0,0,0,0,0,1,735 Alarm system sounded due to malfunction,N None,86 Investigate,86 Investigate,"00 Action taken, other",1 Detector alerted occupants,"213 Elementary school, including kindergarten",00 Other area of fire origin,1 Intentional,UU Undetermined,,UU Undetermined,UU Undetermined,N None,1 Enclosed building,2 In normal use,1.0,,NO,,,,,1 Present,1 Smoke,2 Detector operated,"1 Detector alerted occupants, occupants responded",,N None Present,1 Wet - pipe sprinkler system,1 System operated and was effective,,1.0,7.0,West of Twin Peaks,"-122.450204, 37.739276",2023-10-08 09:25:35,2025-06-01 02:18:08
23135745,0,231357450,1027 Grant Avenue,2023-10-08,232810958,2023-10-08 09:50:31,2023-10-08 09:54:32,2023-10-08 10:03:27,San Francisco,94133,B01,2,1312,3,11,0,0,0,0,,500.0,500.0,0,0,0,0,1,"745 Alarm system activation, no fire  -  unintentional",N None,63 Restore fire alarm system,86 Investigate,"00 Action taken, other",1 Detector alerted occupants,429 Multifamily dwelling,00 Other area of fire origin,1 Intentional,UU Undetermined,,UU Undetermined,UU Undetermined,N None,1 Enclosed building,2 In normal use,1.0,,NO,,,,,1 Present,1 Smoke,2 Detector operated,"1 Detector alerted occupants, occupants responded",,N None Present,1 Wet - pipe sprinkler system,1 System operated and was effective,,1.0,3.0,Chinatown,"-122.406795, 37.796278",2023-10-08 10:03:27,2025-06-01 02:18:08
23135747,0,231357470,2750 Geary Bl,2023-10-08,232810974,2023-10-08 09:54:46,2023-10-08 09:57:10,2023-10-08 10:06:47,San Francisco,94118,B05,10,4455,3,10,0,0,0,0,,500.0,500.0,0,0,0,0,1,"714 Central station, malicious false alarm",N None,63 Restore fire alarm system,86 Investigate,"00 Action taken, other",1 Detector alerted occupants,"311 24 - hour care Nursing homes, 4 or more persons",00 Other area of fire origin,1 Intentional,UU Undetermined,,UU Undetermined,UU Undetermined,N None,1 Enclosed building,2 In normal use,1.0,,NO,,,,,1 Present,1 Smoke,2 Detector operated,"1 Detector alerted occupants, occupants responded",,N None Present,1 Wet - pipe sprinkler system,1 System operated and was effective,,1.0,2.0,Presidio Heights,"-122.448704, 37.782544",2023-10-08 10:06:47,2025-06-01 02:18:08
23135750,0,231357500,Pearl Street,2023-10-08,232810982,2023-10-08 09:57:53,2023-10-08 10:06:46,2023-10-08 10:15:47,San Francisco,94103,B02,6,5126,1,4,0,0,0,0,,500.0,500.0,0,0,0,0,1,"700 False alarm or false call, other",N None,86 Investigate,86 Investigate,"00 Action taken, other",1 Detector alerted occupants,0000 Tent/Encampment,00 Other area of fire origin,1 Intentional,UU Undetermined,,UU Undetermined,UU Undetermined,N None,1 Enclosed building,2 In normal use,1.0,,NO,,,,,1 Present,1 Smoke,2 Detector operated,"1 Detector alerted occupants, occupants responded",,N None Present,1 Wet - pipe sprinkler system,1 System operated and was effective,,1.0,8.0,Mission,"-122.423822, 37.769781",2023-10-08 10:15:47,2025-06-01 02:18:08
23135761,0,231357610,294 Stonecrest Drive,2023-10-08,232811077,2023-10-08 10:39:15,2023-10-08 10:42:15,2023-10-08 10:44:29,San Francisco,94132,B08,19,8725,3,11,0,0,0,0,,500.0,500.0,0,0,0,0,1,"745 Alarm system activation, no fire  -  unintentional",N None,86 Investigate,86 Investigate,"00 Action taken, other",1 Detector alerted occupants,419 1 or 2 family dwelling,00 Other area of fire origin,1 Intentional,UU Undetermined,,UU Undetermined,UU Undetermined,N None,1 Enclosed building,2 In normal use,1.0,,NO,,,,,1 Present,1 Smoke,2 Detector operated,"1 Detector alerted occupants, occupants responded",,N None Present,1 Wet - pipe sprinkler system,1 System operated and was effective,,1.0,7.0,West of Twin Peaks,"-122.474252, 37.725319",2023-10-08 10:44:29,2025-06-01 02:18:08
23135763,0,231357630,9 Gold Mine Drive,2023-10-08,232811108,2023-10-08 10:49:08,2023-10-08 10:58:30,2023-10-08 11:09:42,San Francisco,94131,B06,26,8162,1,5,0,0,0,0,,500.0,500.0,0,0,0,0,1,"520 Water problem, other",N None,86 Investigate,86 Investigate,"00 Action taken, other",1 Detector alerted occupants,429 Multifamily dwelling,00 Other area of fire origin,1 Intentional,UU Undetermined,,UU Undetermined,UU Undetermined,N None,1 Enclosed building,2 In normal use,1.0,,NO,,,,,1 Present,1 Smoke,2 Detector operated,"1 Detector alerted occupants, occupants responded",,N None Present,1 Wet - pipe sprinkler system,1 System operated and was effective,,1.0,8.0,Noe Valley,"-122.436778, 37.743825",2023-10-08 11:09:42,2025-06-01 02:18:08
23135785,0,231357850,Turk Street,2023-10-08,232811230,2023-10-08 11:35:45,2023-10-08 11:42:23,2023-10-08 11:43:07,San Francisco,94102,B03,1,1365,1,4,0,0,0,0,,500.0,500.0,0,0,0,0,1,522 Water or steam leak,N None,86 Investigate,86 Investigate,"00 Action taken, other",1 Detector alerted occupants,"960 Street, other",00 Other area of fire origin,1 Intentional,UU Undetermined,,UU Undetermined,UU Undetermined,N None,1 Enclosed building,2 In normal use,1.0,,NO,,,,,1 Present,1 Smoke,2 Detector operated,"1 Detector alerted occupants, occupants responded",,N None Present,1 Wet - pipe sprinkler system,1 System operated and was effective,,1.0,5.0,Tenderloin,"-122.410769, 37.783214",2023-10-08 11:43:07,2025-06-01 02:18:08
23135793,0,231357930,950 Turk Street,2023-10-08,232811295,2023-10-08 11:53:04,2023-10-08 11:57:06,2023-10-08 12:03:25,San Francisco,94115,B02,5,3426,1,4,0,0,0,0,,500.0,500.0,0,0,0,0,1,622 No incident found on arrival at dispatch address,N None,86 Investigate,86 Investigate,"00 Action taken, other",1 Detector alerted occupants,"150 Public or government, other",00 Other area of fire origin,1 Intentional,UU Undetermined,,UU Undetermined,UU Undetermined,N None,1 Enclosed building,2 In normal use,1.0,,NO,,,,,1 Present,1 Smoke,2 Detector operated,"1 Detector alerted occupants, occupants responded",,N None Present,1 Wet - pipe sprinkler system,1 System operated and was effective,,1.0,5.0,Western Addition,"-122.424759, 37.781484",2023-10-08 12:03:25,2025-06-01 02:18:08
23135798,0,231357980,1931 Lyon Street,2023-10-08,232811322,2023-10-08 11:59:49,2023-10-08 12:02:47,2023-10-08 12:07:07,San Francisco,94115,B04,10,4335,3,10,0,0,0,0,,500.0,500.0,0,0,0,0,1,"700 False alarm or false call, other",N None,86 Investigate,86 Investigate,"00 Action taken, other",1 Detector alerted occupants,"400 Residential, other",00 Other area of fire origin,1 Intentional,UU Undetermined,,UU Undetermined,UU Undetermined,N None,1 Enclosed building,2 In normal use,1.0,,NO,,,,,1 Present,1 Smoke,2 Detector operated,"1 Detector alerted occupants, occupants responded",,N None Present,1 Wet - pipe sprinkler system,1 System operated and was effective,,1.0,2.0,Presidio Heights,"-122.445733, 37.78865",2023-10-08 12:07:07,2025-06-01 02:18:08
23135811,0,231358110,1502 Taylor Street,2023-10-08,232811465,2023-10-08 12:40:39,2023-10-08 12:44:04,2023-10-08 12:51:03,San Francisco,94133,B01,2,1442,1,5,0,0,0,0,,500.0,500.0,0,0,0,0,1,"520 Water problem, other",N None,64 Shut down system,86 Investigate,"00 Action taken, other",1 Detector alerted occupants,429 Multifamily dwelling,00 Other area of fire origin,1 Intentional,UU Undetermined,,UU Undetermined,UU Undetermined,N None,1 Enclosed building,2 In normal use,1.0,,NO,,,,,1 Present,1 Smoke,2 Detector operated,"1 Detector alerted occupants, occupants responded",,N None Present,1 Wet - pipe sprinkler system,1 System operated and was effective,,1.0,3.0,Nob Hill,"-122.413298, 37.796175",2023-10-08 12:51:03,2025-06-01 02:18:08
23135817,0,231358170,7th Street,2023-10-08,232811524,2023-10-08 12:56:05,2023-10-08 12:57:57,2023-10-08 13:23:20,San Francisco,94107,B03,29,2275,2,8,0,0,0,0,,500.0,500.0,0,0,0,0,1,"500 Service Call, other",N None,"00 Action taken, other",86 Investigate,"00 Action taken, other",1 Detector alerted occupants,"000 Property Use, other",00 Other area of fire origin,1 Intentional,UU Undetermined,,UU Undetermined,UU Undetermined,N None,1 Enclosed building,2 In normal use,1.0,,NO,,,,,1 Present,1 Smoke,2 Detector operated,"1 Detector alerted occupants, occupants responded",,N None Present,1 Wet - pipe sprinkler system,1 System operated and was effective,,1.0,6.0,Mission Bay,"-122.400807, 37.771138",2023-10-08 13:23:20,2025-06-01 02:18:08
23135829,0,231358290,Taylor Street,2023-10-08,232811671,2023-10-08 13:41:06,2023-10-08 13:45:09,2023-10-08 13:45:24,San Francisco,94109,B01,3,1451,1,4,0,0,0,0,,500.0,500.0,0,0,0,0,1,323 Motor vehicle/pedestrian accident (MV Ped),N None,"30 Emergency medical services, other",86 Investigate,"00 Action taken, other",1 Detector alerted occupants,"960 Street, other",00 Other area of fire origin,1 Intentional,UU Undetermined,,UU Undetermined,UU Undetermined,N None,1 Enclosed building,2 In normal use,1.0,,NO,,,,,1 Present,1 Smoke,2 Detector operated,"1 Detector alerted occupants, occupants responded",,N None Present,1 Wet - pipe sprinkler system,1 System operated and was effective,,1.0,3.0,Nob Hill,"-122.411702, 37.787872",2023-10-08 13:45:24,2025-06-01 02:18:08
23135835,0,231358350,869 Ellis Street,2023-10-08,232811710,2023-10-08 13:54:24,2023-10-08 13:57:00,2023-10-08 13:59:52,San Francisco,94109,B02,3,3115,3,11,0,0,0,0,,500.0,500.0,0,0,0,0,1,"113 Cooking fire, confined to container",N None,86 Investigate,86 Investigate,"00 Action taken, other",1 Detector alerted occupants,"439 Boarding/rooming house, residential hotels",00 Other area of fire origin,1 Intentional,UU Undetermined,,UU Undetermined,UU Undetermined,N None,1 Enclosed building,2 In normal use,1.0,,NO,,,,,1 Present,1 Smoke,2 Detector operated,"1 Detector alerted occupants, occupants responded",,N None Present,1 Wet - pipe sprinkler system,1 System operated and was effective,,1.0,5.0,Tenderloin,"-122.420469, 37.783795",2023-10-08 13:59:52,2025-06-01 02:18:08
23135836,0,231358360,55 Gates Street,2023-10-08,232811727,2023-10-08 13:57:10,2023-10-08 14:01:00,2023-10-08 14:08:17,San Francisco,94110,B06,32,5717,3,10,0,0,0,0,,500.0,500.0,0,0,0,0,1,"700 False alarm or false call, other",N None,63 Restore fire alarm system,86 Investigate,"00 Action taken, other",1 Detector alerted occupants,419 1 or 2 family dwelling,00 Other area of fire origin,1 Intentional,UU Undetermined,,UU Undetermined,UU Undetermined,N None,1 Enclosed building,2 In normal use,1.0,,NO,,,,,1 Present,1 Smoke,2 Detector operated,"1 Detector alerted occupants, occupants responded",,N None Present,1 Wet - pipe sprinkler system,1 System operated and was effective,,1.0,9.0,Bernal Heights,"-122.413707, 37.74187",2023-10-08 14:08:17,2025-06-01 02:18:08
23135844,0,231358440,Broad Street,2023-10-08,232811805,2023-10-08 14:20:48,2023-10-08 14:26:08,2023-10-08 15:21:22,San Francisco,94112,B09,33,8371,1,4,0,0,0,0,,500.0,500.0,0,0,0,0,1,"440 Electrical  wiring/equipment problem, other",N None,78 Control traffic,77 Control crowd,"00 Action taken, other",1 Detector alerted occupants,"960 Street, other",00 Other area of fire origin,1 Intentional,UU Undetermined,,UU Undetermined,UU Undetermined,N None,1 Enclosed building,2 In normal use,1.0,,NO,,,,,1 Present,1 Smoke,2 Detector operated,"1 Detector alerted occupants, occupants responded",,N None Present,1 Wet - pipe sprinkler system,1 System operated and was effective,,1.0,11.0,Oceanview/Merced/Ingleside,"-122.453457, 37.713212",2023-10-08 15:21:22,2025-06-01 02:18:08
23135850,0,231358500,62 Harbor Road,2023-10-08,232811837,2023-10-08 14:37:36,2023-10-08 14:42:09,2023-10-08 14:53:11,San Francisco,94124,B10,17,6633,3,10,0,0,0,0,,500.0,500.0,0,0,0,0,1,"600 Good intent call, other",N None,86 Investigate,86 Investigate,"00 Action taken, other",1 Detector alerted occupants,419 1 or 2 family dwelling,00 Other area of fire origin,1 Intentional,UU Undetermined,,UU Undetermined,UU Undetermined,N None,1 Enclosed building,2 In normal use,1.0,,NO,,,,,1 Present,1 Smoke,2 Detector operated,"1 Detector alerted occupants, occupants responded",,N None Present,1 Wet - pipe sprinkler system,1 System operated and was effective,,1.0,10.0,Bayview Hunters Point,"-122.378036, 37.731906",2023-10-08 14:53:11,2025-06-01 02:18:08
23135861,0,231358610,California Street,2023-10-08,232811955,2023-10-08 15:22:52,2023-10-08 15:29:52,2023-10-08 15:31:53,San Francisco,94118,B07,10,4436,2,9,0,0,0,0,,500.0,500.0,0,0,0,0,1,522 Water or steam leak,N None,86 Investigate,86 Investigate,"00 Action taken, other",1 Detector alerted occupants,963 Street or road in commercial area,00 Other area of fire origin,1 Intentional,UU Undetermined,,UU Undetermined,UU Undetermined,N None,1 Enclosed building,2 In normal use,1.0,,NO,,,,,1 Present,1 Smoke,2 Detector operated,"1 Detector alerted occupants, occupants responded",,N None Present,1 Wet - pipe sprinkler system,1 System operated and was effective,,1.0,2.0,Presidio Heights,"-122.456687, 37.785999",2023-10-08 15:31:53,2025-06-01 02:18:08
23135865,0,231358650,41 Geneva Avenue,2023-10-08,232812011,2023-10-08 15:40:07,2023-10-08 15:42:40,2023-10-08 15:49:49,San Francisco,94112,B09,15,8313,2,6,0,0,0,0,,500.0,500.0,0,0,0,0,1,412 Gas leak (natural gas or LPG),N None,86 Investigate,86 Investigate,"00 Action taken, other",1 Detector alerted occupants,419 1 or 2 family dwelling,00 Other area of fire origin,1 Intentional,UU Undetermined,,UU Undetermined,UU Undetermined,N None,1 Enclosed building,2 In normal use,1.0,,NO,,,,,1 Present,1 Smoke,2 Detector operated,"1 Detector alerted occupants, occupants responded",,N None Present,1 Wet - pipe sprinkler system,1 System operated and was effective,,1.0,11.0,Oceanview/Merced/Ingleside,"-122.451371, 37.722726",2023-10-08 15:49:49,2025-06-01 02:18:08
23135869,0,231358690,Sheridan Avenue,2023-10-08,232812062,2023-10-08 15:50:16,2023-10-08 15:55:51,2023-10-08 16:07:53,Presidio,94129,B07,51,4626,1,4,1,2,0,0,,500.0,500.0,0,0,0,0,1,"460 Accident, potential accident, other",N None,33 Provide advanced life support (ALS),86 Investigate,"00 Action taken, other",1 Detector alerted occupants,"900 Outside or special property, other",00 Other area of fire origin,1 Intentional,UU Undetermined,,UU Undetermined,UU Undetermined,N None,1 Enclosed building,2 In normal use,1.0,,NO,,,,,1 Present,1 Smoke,2 Detector operated,"1 Detector alerted occupants, occupants responded",,N None Present,1 Wet - pipe sprinkler system,1 System operated and was effective,,1.0,2.0,Presidio,"-122.46083, 37.800506",2023-10-08 16:07:53,2025-06-01 02:18:08
23135870,0,231358700,1401 Mission Street,2023-10-08,232812067,2023-10-08 15:52:57,2023-10-08 15:57:43,2023-10-08 16:02:45,San Francisco,94103,B02,36,2341,3,11,0,0,0,0,,500.0,500.0,0,0,0,0,1,735 Alarm system sounded due to malfunction,N None,86 Investigate,86 Investigate,"00 Action taken, other",1 Detector alerted occupants,429 Multifamily dwelling,00 Other area of fire origin,1 Intentional,UU Undetermined,,UU Undetermined,UU Undetermined,N None,1 Enclosed building,2 In normal use,1.0,,NO,,,,,1 Present,1 Smoke,2 Detector operated,"1 Detector alerted occupants, occupants responded",,N None Present,1 Wet - pipe sprinkler system,1 System operated and was effective,,1.0,6.0,South of Market,"-122.415911, 37.775175",2023-10-08 16:02:45,2025-06-01 02:18:08
23135874,0,231358740,1000 Market Street,2023-10-08,232812082,2023-10-08 15:57:15,2023-10-08 16:01:52,2023-10-08 16:17:12,San Francisco,94102,B03,1,1454,4,11,0,0,0,0,,500.0,500.0,0,0,0,0,1,735 Alarm system sounded due to malfunction,N None,86 Investigate,86 Investigate,"00 Action taken, other",1 Detector alerted occupants,NNN None,00 Other area of fire origin,1 Intentional,UU Undetermined,,UU Undetermined,UU Undetermined,N None,1 Enclosed building,2 In normal use,1.0,,NO,,,,,1 Present,1 Smoke,2 Detector operated,"1 Detector alerted occupants, occupants responded",,N None Present,1 Wet - pipe sprinkler system,1 System operated and was effective,,1.0,5.0,Tenderloin,"-122.410989, 37.782044",2023-10-08 16:17:12,2025-06-01 02:18:08
23135885,0,231358850,401 Columbus Avenue,2023-10-08,232812194,2023-10-08 16:36:45,2023-10-08 16:36:45,2023-10-08 16:45:31,San Francisco,94133,B01,2,1333,1,5,0,0,1,1,,500.0,500.0,0,0,0,0,1,"600 Good intent call, other",N None,"00 Action taken, other",86 Investigate,"00 Action taken, other",1 Detector alerted occupants,"400 Residential, other",00 Other area of fire origin,1 Intentional,UU Undetermined,,UU Undetermined,UU Undetermined,N None,1 Enclosed building,2 In normal use,1.0,,NO,,,,,1 Present,1 Smoke,2 Detector operated,"1 Detector alerted occupants, occupants responded",,N None Present,1 Wet - pipe sprinkler system,1 System operated and was effective,,1.0,3.0,Chinatown,"-122.407993, 37.79869",2023-10-08 16:45:31,2025-06-01 02:18:08
23135886,0,231358860,106 South Park Street,2023-10-08,232812197,2023-10-08 16:39:06,2023-10-08 16:43:20,2023-10-08 17:13:13,San Francisco,94107,B03,8,2173,3,10,0,0,0,0,,500.0,500.0,0,0,0,0,1,"500 Service Call, other",N None,86 Investigate,86 Investigate,"00 Action taken, other",1 Detector alerted occupants,"000 Property Use, other",00 Other area of fire origin,1 Intentional,UU Undetermined,,UU Undetermined,UU Undetermined,N None,1 Enclosed building,2 In normal use,1.0,,NO,,,,,1 Present,1 Smoke,2 Detector operated,"1 Detector alerted occupants, occupants responded",,N None Present,1 Wet - pipe sprinkler system,1 System operated and was effective,,1.0,6.0,Financial District/South Beach,"-122.394137, 37.781532",2023-10-08 17:13:13,2025-06-01 02:18:08
23135897,0,231358970,220 Golden Gate Avenue,2023-10-08,232812282,2023-10-08 17:03:11,2023-10-08 17:07:38,2023-10-08 17:13:52,San Francisco,94102,B02,3,1546,3,11,0,0,0,0,,500.0,500.0,0,0,0,0,1,"113 Cooking fire, confined to container",N None,86 Investigate,86 Investigate,"00 Action taken, other",1 Detector alerted occupants,"439 Boarding/rooming house, residential hotels",00 Other area of fire origin,1 Intentional,UU Undetermined,,UU Undetermined,UU Undetermined,N None,1 Enclosed building,2 In normal use,1.0,,NO,,,,,1 Present,1 Smoke,2 Detector operated,"1 Detector alerted occupants, occupants responded",,N None Present,1 Wet - pipe sprinkler system,1 System operated and was effective,,1.0,5.0,Tenderloin,"-122.41416, 37.781992",2023-10-08 17:13:52,2025-06-01 02:18:08
23135905,0,231359050,9 Palm Avenue,2023-10-08,232812317,2023-10-08 17:17:32,2023-10-08 17:21:42,2023-10-08 17:30:52,San Francisco,94118,B07,10,4446,3,10,0,0,0,0,,500.0,500.0,0,0,0,0,1,"700 False alarm or false call, other",N None,86 Investigate,86 Investigate,"00 Action taken, other",1 Detector alerted occupants,429 Multifamily dwelling,00 Other area of fire origin,1 Intentional,UU Undetermined,,UU Undetermined,UU Undetermined,N None,1 Enclosed building,2 In normal use,1.0,,NO,,,,,1 Present,1 Smoke,2 Detector operated,"1 Detector alerted occupants, occupants responded",,N None Present,1 Wet - pipe sprinkler system,1 System operated and was effective,,1.0,2.0,Presidio Heights,"-122.458134, 37.785602",2023-10-08 17:30:52,2025-06-01 02:18:08
23135915,0,231359150,Dunshee Street,2023-10-08,232812365,2023-10-08 17:39:37,2023-10-08 17:46:20,2023-10-08 17:55:35,San Francisco,94124,B10,42,6444,3,10,0,0,0,0,,500.0,500.0,0,0,0,0,1,"700 False alarm or false call, other",N None,86 Investigate,86 Investigate,"00 Action taken, other",1 Detector alerted occupants,NNN None,00 Other area of fire origin,1 Intentional,UU Undetermined,,UU Undetermined,UU Undetermined,N None,1 Enclosed building,2 In normal use,1.0,,NO,,,,,1 Present,1 Smoke,2 Detector operated,"1 Detector alerted occupants, occupants responded",,N None Present,1 Wet - pipe sprinkler system,1 System operated and was effective,,1.0,10.0,Bayview Hunters Point,"-122.39512, 37.737316",2023-10-08 17:55:35,2025-06-01 02:18:08
23135918,0,231359180,4th Street,2023-10-08,232812378,2023-10-08 17:42:05,2023-10-08 17:48:47,2023-10-08 18:36:52,San Francisco,94103,B03,1,2214,1,4,1,2,0,0,,500.0,500.0,0,0,0,0,1,611 Dispatched & canceled en route,N None,93 Cancelled en route,86 Investigate,"00 Action taken, other",1 Detector alerted occupants,429 Multifamily dwelling,00 Other area of fire origin,1 Intentional,UU Undetermined,,UU Undetermined,UU Undetermined,N None,1 Enclosed building,2 In normal use,1.0,,NO,,,,,1 Present,1 Smoke,2 Detector operated,"1 Detector alerted occupants, occupants responded",,N None Present,1 Wet - pipe sprinkler system,1 System operated and was effective,,1.0,6.0,South of Market,"-122.402712, 37.78326",2023-10-08 18:36:52,2025-06-01 02:18:08
23135925,0,231359250,440 Geary Street,2023-10-08,232812423,2023-10-08 17:58:44,2023-10-08 18:02:49,2023-10-08 18:08:14,San Francisco,94102,B01,3,1411,3,11,0,0,0,0,,500.0,500.0,0,0,0,0,1,"743 Smoke detector activation, no fire  -  unintentional",N None,86 Investigate,86 Investigate,"00 Action taken, other",1 Detector alerted occupants,"439 Boarding/rooming house, residential hotels",00 Other area of fire origin,1 Intentional,UU Undetermined,,UU Undetermined,UU Undetermined,N None,1 Enclosed building,2 In normal use,1.0,,NO,,,,,1 Present,1 Smoke,2 Detector operated,"1 Detector alerted occupants, occupants responded",,N None Present,1 Wet - pipe sprinkler system,1 System operated and was effective,,1.0,3.0,Tenderloin,"-122.410634, 37.787167",2023-10-08 18:08:14,2025-06-01 02:18:08
23135937,0,231359370,327 London Street,2023-10-08,232812482,2023-10-08 18:17:46,2023-10-08 18:21:46,2023-10-08 18:30:51,San Francisco,94112,B09,43,6127,3,11,0,0,0,0,,500.0,500.0,0,0,0,0,1,735 Alarm system sounded due to malfunction,N None,"80 Information, investigation & enforcement, other",86 Investigate,"00 Action taken, other",1 Detector alerted occupants,419 1 or 2 family dwelling,00 Other area of fire origin,1 Intentional,UU Undetermined,,UU Undetermined,UU Undetermined,N None,1 Enclosed building,2 In normal use,1.0,,NO,,,,,1 Present,1 Smoke,2 Detector operated,"1 Detector alerted occupants, occupants responded",,N None Present,1 Wet - pipe sprinkler system,1 System operated and was effective,,1.0,11.0,Excelsior,"-122.434292, 37.723843",2023-10-08 18:30:51,2025-06-01 02:18:08
23135938,0,231359380,Evans Avenue,2023-10-08,232812489,2023-10-08 18:21:43,2023-10-08 18:25:40,2023-10-08 19:53:34,San Francisco,94124,B10,25,6521,2,8,2,4,0,0,,500.0,500.0,0,0,0,0,1,"311 Medical assist, assist EMS crew",N None,"70 Assistance, other",86 Investigate,"00 Action taken, other",1 Detector alerted occupants,173 Bus station,00 Other area of fire origin,1 Intentional,UU Undetermined,,UU Undetermined,UU Undetermined,N None,1 Enclosed building,2 In normal use,1.0,,NO,,,,,1 Present,1 Smoke,2 Detector operated,"1 Detector alerted occupants, occupants responded",,N None Present,1 Wet - pipe sprinkler system,1 System operated and was effective,,1.0,10.0,Bayview Hunters Point,"-122.386555, 37.74195",2023-10-08 19:53:34,2025-06-01 02:18:08
23135940,0,231359400,901 Fairfax Avenue,2023-10-08,232812500,2023-10-08 18:24:50,2023-10-08 18:33:55,2023-10-08 18:41:46,San Francisco,94124,B10,25,6556,1,5,0,0,0,0,,500.0,500.0,0,0,0,0,1,"700 False alarm or false call, other",N None,86 Investigate,86 Investigate,"00 Action taken, other",1 Detector alerted occupants,429 Multifamily dwelling,00 Other area of fire origin,1 Intentional,UU Undetermined,,UU Undetermined,UU Undetermined,N None,1 Enclosed building,2 In normal use,1.0,,NO,,,,,1 Present,1 Smoke,2 Detector operated,"1 Detector alerted occupants, occupants responded",,N None Present,1 Wet - pipe sprinkler system,1 System operated and was effective,,1.0,10.0,Bayview Hunters Point,"-122.380214, 37.735202",2023-10-08 18:41:46,2025-06-01 02:18:08
23135946,0,231359460,"215 Lincoln Bl, Prairie",2023-10-08,232812548,2023-10-08 18:43:24,2023-10-08 18:46:26,2023-10-08 19:04:17,Presidio,94129,B04,51,4612,3,10,0,0,0,0,,500.0,500.0,0,0,0,0,1,"715 Local alarm system, malicious false alarm",N None,86 Investigate,86 Investigate,"00 Action taken, other",1 Detector alerted occupants,174 Rapid transit station,00 Other area of fire origin,1 Intentional,UU Undetermined,,UU Undetermined,UU Undetermined,N None,1 Enclosed building,2 In normal use,1.0,,NO,,,,,1 Present,1 Smoke,2 Detector operated,"1 Detector alerted occupants, occupants responded",,N None Present,1 Wet - pipe sprinkler system,1 System operated and was effective,,1.0,2.0,Presidio,"-122.456238, 37.80189",2023-10-08 19:04:17,2025-06-01 02:18:08
23135953,0,231359530,486 Funston Avenue,2023-10-08,232812577,2023-10-08 18:54:24,2023-10-08 19:02:55,2023-10-08 19:06:17,San Francisco,94118,B07,31,7146,1,5,0,0,0,0,,500.0,500.0,0,0,0,0,1,"520 Water problem, other",N None,"70 Assistance, other",86 Investigate,"00 Action taken, other",1 Detector alerted occupants,429 Multifamily dwelling,00 Other area of fire origin,1 Intentional,UU Undetermined,,UU Undetermined,UU Undetermined,N None,1 Enclosed building,2 In normal use,1.0,,NO,,,,,1 Present,1 Smoke,2 Detector operated,"1 Detector alerted occupants, occupants responded",,N None Present,1 Wet - pipe sprinkler system,1 System operated and was effective,,1.0,1.0,Inner Richmond,"-122.471572, 37.779043",2023-10-08 19:06:17,2025-06-01 02:18:08
23135956,0,231359560,66 Geary Street,2023-10-08,232812587,2023-10-08 19:00:58,2023-10-08 19:07:00,2023-10-08 19:16:42,San Francisco,94103,B01,13,1241,3,11,0,0,0,0,,500.0,500.0,0,0,0,0,1,"700 False alarm or false call, other",N None,"60 Systems and services, other",86 Investigate,"00 Action taken, other",1 Detector alerted occupants,"500 Mercantile, business, other",00 Other area of fire origin,1 Intentional,UU Undetermined,,UU Undetermined,UU Undetermined,N None,1 Enclosed building,2 In normal use,1.0,,NO,,,,,1 Present,1 Smoke,2 Detector operated,"1 Detector alerted occupants, occupants responded",,N None Present,1 Wet - pipe sprinkler system,1 System operated and was effective,,1.0,3.0,Financial District/South Beach,"-122.404464, 37.788107",2023-10-08 19:16:42,2025-06-01 02:18:08
23135959,0,231359590,2700 Arelious Walker Drive,2023-10-08,232812615,2023-10-08 19:14:45,2023-10-08 19:18:17,2023-10-08 19:52:12,San Francisco,94124,B10,17,6611,8,28,1,2,1,2,,500.0,500.0,0,0,0,0,1,"151 Outside rubbish, trash or waste fire",N None,87 Investigate fire out on arrival,86 Investigate,"00 Action taken, other",1 Detector alerted occupants,429 Multifamily dwelling,"54 Chute; laundry or mail, excluding trash chutes",1 Intentional,"10 Misuse of material or product, other",,UU Undetermined,"96 Rubbish, trash, waste",N None,1 Enclosed building,2 In normal use,1.0,,NO,,,,,1 Present,1 Smoke,2 Detector operated,"1 Detector alerted occupants, occupants responded",,N None Present,1 Wet - pipe sprinkler system,1 System operated and was effective,,1.0,10.0,Bayview Hunters Point,"-122.385279, 37.718393",2023-10-08 19:52:12,2025-06-01 02:18:08
23135960,0,231359600,1640 Clay Street,2023-10-08,232812617,2023-10-08 19:14:56,2023-10-08 19:17:35,2023-10-08 19:37:20,San Francisco,94109,B04,41,1634,8,29,1,2,1,2,,500.0,500.0,0,0,0,0,1,"700 False alarm or false call, other",N None,86 Investigate,86 Investigate,"00 Action taken, other",1 Detector alerted occupants,"400 Residential, other",00 Other area of fire origin,1 Intentional,UU Undetermined,,UU Undetermined,UU Undetermined,N None,1 Enclosed building,2 In normal use,1.0,,NO,,,,,1 Present,1 Smoke,2 Detector operated,"1 Detector alerted occupants, occupants responded",,N None Present,1 Wet - pipe sprinkler system,1 System operated and was effective,,1.0,3.0,Russian Hill,"-122.420108, 37.792573",2023-10-08 19:37:20,2025-06-01 02:18:08
23135963,0,231359630,999 Green Street,2023-10-08,232812631,2023-10-08 19:20:54,2023-10-08 19:24:24,2023-10-08 19:33:23,San Francisco,94133,B01,2,1441,3,11,0,0,0,0,,500.0,500.0,0,0,0,0,1,"746 Carbon monoxide detector activation, no CO",N None,86 Investigate,86 Investigate,"00 Action taken, other",1 Detector alerted occupants,429 Multifamily dwelling,00 Other area of fire origin,1 Intentional,UU Undetermined,,UU Undetermined,UU Undetermined,N None,1 Enclosed building,2 In normal use,1.0,,NO,,,,,1 Present,1 Smoke,2 Detector operated,"1 Detector alerted occupants, occupants responded",,N None Present,1 Wet - pipe sprinkler system,1 System operated and was effective,,1.0,3.0,Nob Hill,"-122.415475, 37.798624",2023-10-08 19:33:23,2025-06-01 02:18:08
23135976,0,231359760,333 Post Street,2023-10-08,232812727,2023-10-08 19:59:16,2023-10-08 20:03:09,2023-10-08 20:17:48,San Francisco,94102,B01,2,1362,3,11,0,0,0,0,,500.0,500.0,0,0,0,0,1,"711 Municipal alarm system, malicious false alarm",N None,63 Restore fire alarm system,86 Investigate,"00 Action taken, other",1 Detector alerted occupants,"000 Property Use, other",00 Other area of fire origin,1 Intentional,UU Undetermined,,UU Undetermined,UU Undetermined,N None,1 Enclosed building,2 In normal use,1.0,,NO,,,,,1 Present,1 Smoke,2 Detector operated,"1 Detector alerted occupants, occupants responded",,N None Present,1 Wet - pipe sprinkler system,1 System operated and was effective,,1.0,3.0,Financial District/South Beach,"-122.407501, 37.787931",2023-10-08 20:17:48,2025-06-01 02:18:08
23135978,0,231359780,4096 17th Street,2023-10-08,232812744,2023-10-08 20:07:59,2023-10-08 20:14:47,2023-10-08 20:43:42,San Francisco,94114,B05,6,5253,1,5,0,0,0,0,,500.0,500.0,0,0,0,0,1,353 Removal of victim(s) from stalled elevator,N None,"23 Extricate, disentangle",86 Investigate,"00 Action taken, other",1 Detector alerted occupants,429 Multifamily dwelling,00 Other area of fire origin,1 Intentional,UU Undetermined,,UU Undetermined,UU Undetermined,N None,1 Enclosed building,2 In normal use,1.0,,NO,,,,,1 Present,1 Smoke,2 Detector operated,"1 Detector alerted occupants, occupants responded",,N None Present,1 Wet - pipe sprinkler system,1 System operated and was effective,,1.0,8.0,Castro/Upper Market,"-122.437241, 37.76243",2023-10-08 20:43:42,2025-06-01 02:18:08
23135980,0,231359800,Lincoln Bl,2023-10-08,232812747,2023-10-08 20:08:40,2023-10-08 20:12:49,2023-10-08 20:22:30,Presidio,94129,B07,51,4626,1,4,0,0,0,0,,500.0,500.0,0,0,0,0,1,"150 Outside rubbish fire, other",N None,11 Extinguishment by fire service personnel,86 Investigate,"00 Action taken, other",1 Detector alerted occupants,"900 Outside or special property, other",00 Other area of fire origin,1 Intentional,UU Undetermined,,UU Undetermined,UU Undetermined,N None,1 Enclosed building,2 In normal use,1.0,,NO,,,,,1 Present,1 Smoke,2 Detector operated,"1 Detector alerted occupants, occupants responded",,N None Present,1 Wet - pipe sprinkler system,1 System operated and was effective,,1.0,2.0,Presidio,"-122.46468, 37.801668",2023-10-08 20:22:30,2025-06-01 02:18:08
23135989,0,231359890,Franklin Street,2023-10-08,232812792,2023-10-08 20:24:21,2023-10-08 20:27:42,2023-10-08 20:35:14,San Francisco,94102,B02,36,3212,1,4,0,0,0,0,,500.0,500.0,0,0,0,0,1,154 Dumpster or other outside trash receptacle fire,N None,11 Extinguishment by fire service personnel,86 Investigate,"00 Action taken, other",1 Detector alerted occupants,"960 Street, other",00 Other area of fire origin,1 Intentional,UU Undetermined,,UU Undetermined,UU Undetermined,N None,1 Enclosed building,2 In normal use,1.0,,NO,,,,,1 Present,1 Smoke,2 Detector operated,"1 Detector alerted occupants, occupants responded",,N None Present,1 Wet - pipe sprinkler system,1 System operated and was effective,,1.0,6.0,Mission,"-122.420255, 37.774358",2023-10-08 20:35:14,2025-06-01 02:18:08
23135992,0,231359920,170 Ofarrell Street,2023-10-08,232812809,2023-10-08 20:31:59,2023-10-08 20:36:15,2023-10-08 20:46:40,San Francisco,94102,B03,3,1363,3,11,0,0,0,0,,500.0,500.0,0,0,0,0,1,"710 Malicious, mischievous false call, other",N None,63 Restore fire alarm system,86 Investigate,"00 Action taken, other",1 Detector alerted occupants,"000 Property Use, other",00 Other area of fire origin,1 Intentional,UU Undetermined,,UU Undetermined,UU Undetermined,N None,1 Enclosed building,2 In normal use,1.0,,NO,,,,,1 Present,1 Smoke,2 Detector operated,"1 Detector alerted occupants, occupants responded",,N None Present,1 Wet - pipe sprinkler system,1 System operated and was effective,,1.0,3.0,Financial District/South Beach,"-122.407363, 37.786796",2023-10-08 20:46:40,2025-06-01 02:18:08
23135995,0,231359950,317 10th Street,2023-10-08,232812825,2023-10-08 20:38:37,2023-10-08 20:40:45,2023-10-08 21:06:25,San Francisco,94103,B02,36,2343,9,33,1,2,2,3,,500.0,500.0,0,0,0,0,1,111 Building fire,N None,11 Extinguishment by fire service personnel,86 Investigate,"00 Action taken, other",1 Detector alerted occupants,429 Multifamily dwelling,"47 Vehicle storage area; garage, carport",3 Failure of equipment or heat source,30L Lithium - ion battery malfunction,,000 Rechargeable Batteries,"81 Electrical wire, cable insulation",N None,1 Enclosed building,2 In normal use,1.0,,NO,,,,,U Undetermined,1 Smoke,2 Detector operated,"1 Detector alerted occupants, occupants responded",,N None Present,1 Wet - pipe sprinkler system,1 System operated and was effective,,1.0,6.0,South of Market,"-122.412497, 37.772646",2023-10-08 21:06:25,2025-06-01 02:18:08
23135997,0,231359970,1000 Market Street,2023-10-08,232812830,2023-10-08 20:39:28,2023-10-08 20:47:53,2023-10-08 21:03:24,San Francisco,94102,B03,1,1454,3,10,0,0,0,0,,500.0,500.0,0,0,0,0,1,"745 Alarm system activation, no fire  -  unintentional",N None,86 Investigate,86 Investigate,"00 Action taken, other",1 Detector alerted occupants,429 Multifamily dwelling,00 Other area of fire origin,1 Intentional,UU Undetermined,,UU Undetermined,UU Undetermined,N None,1 Enclosed building,2 In normal use,1.0,,NO,,,,,1 Present,1 Smoke,2 Detector operated,"1 Detector alerted occupants, occupants responded",,N None Present,1 Wet - pipe sprinkler system,1 System operated and was effective,,1.0,5.0,Tenderloin,"-122.410989, 37.782044",2023-10-08 21:03:24,2025-06-01 02:18:08
23135998,0,231359980,3 101sb To 280sb Xr,2023-10-08,232812834,2023-10-08 20:41:54,2023-10-08 20:51:00,2023-10-08 20:52:00,San Francisco,94124,B10,9,2626,1,4,1,2,0,0,,500.0,500.0,0,0,0,0,1,324 Motor vehicle accident with no injuries.,N None,86 Investigate,86 Investigate,"00 Action taken, other",1 Detector alerted occupants,961 Highway or divided highway,00 Other area of fire origin,1 Intentional,UU Undetermined,,UU Undetermined,UU Undetermined,N None,1 Enclosed building,2 In normal use,1.0,,NO,,,,,1 Present,1 Smoke,2 Detector operated,"1 Detector alerted occupants, occupants responded",,N None Present,1 Wet - pipe sprinkler system,1 System operated and was effective,,1.0,9.0,Bernal Heights,"-122.40812, 37.737695",2023-10-08 20:52:00,2025-06-01 02:18:08
23136010,0,231360100,125 3rd Street,2023-10-08,232812950,2023-10-08 21:28:48,2023-10-08 21:33:41,2023-10-08 21:38:24,San Francisco,94103,B03,1,2178,3,10,0,0,0,0,,500.0,500.0,0,0,0,0,1,"740 Unintentional transmission of alarm, other",N None,86 Investigate,86 Investigate,"00 Action taken, other",1 Detector alerted occupants,NNN None,00 Other area of fire origin,1 Intentional,UU Undetermined,,UU Undetermined,UU Undetermined,N None,1 Enclosed building,2 In normal use,1.0,,NO,,,,,1 Present,1 Smoke,2 Detector operated,"1 Detector alerted occupants, occupants responded",,N None Present,1 Wet - pipe sprinkler system,1 System operated and was effective,,1.0,6.0,Financial District/South Beach,"-122.401562, 37.785959",2023-10-08 21:38:24,2025-06-01 02:18:08
23136013,0,231360130,250 Bayshore Bl,2023-10-08,232812995,2023-10-08 21:46:21,2023-10-08 21:50:08,2023-10-08 22:11:29,San Francisco,94124,B10,9,6376,2,9,0,0,0,0,,500.0,500.0,0,0,0,0,1,"700 False alarm or false call, other",N None,86 Investigate,86 Investigate,"00 Action taken, other",1 Detector alerted occupants,"000 Property Use, other",00 Other area of fire origin,1 Intentional,UU Undetermined,,UU Undetermined,UU Undetermined,N None,1 Enclosed building,2 In normal use,1.0,,NO,,,,,1 Present,1 Smoke,2 Detector operated,"1 Detector alerted occupants, occupants responded",,N None Present,1 Wet - pipe sprinkler system,1 System operated and was effective,,1.0,10.0,Bayview Hunters Point,"-122.404923, 37.743637",2023-10-08 22:11:29,2025-06-01 02:18:08
23136016,0,231360160,Polk Street,2023-10-08,232813011,2023-10-08 21:54:15,2023-10-08 21:58:09,2023-10-08 21:58:10,San Francisco,94102,B02,36,3113,2,9,0,0,0,0,,500.0,500.0,0,0,0,0,1,"710 Malicious, mischievous false call, other",N None,86 Investigate,86 Investigate,"00 Action taken, other",1 Detector alerted occupants,"960 Street, other",00 Other area of fire origin,1 Intentional,UU Undetermined,,UU Undetermined,UU Undetermined,N None,1 Enclosed building,2 In normal use,1.0,,NO,,,,,1 Present,1 Smoke,2 Detector operated,"1 Detector alerted occupants, occupants responded",,N None Present,1 Wet - pipe sprinkler system,1 System operated and was effective,,1.0,5.0,Tenderloin,"-122.418601, 37.780261",2023-10-08 21:58:10,2025-06-01 02:18:08
23136019,0,231360190,Division Street,2023-10-08,232813071,2023-10-08 22:20:30,2023-10-08 22:21:29,2023-10-08 23:56:02,San Francisco,94103,B02,29,2346,2,9,1,2,0,0,,500.0,500.0,0,0,0,0,1,322 Motor vehicle accident with injuries,N None,32 Provide basic life support (BLS),86 Investigate,"00 Action taken, other",1 Detector alerted occupants,"960 Street, other",00 Other area of fire origin,1 Intentional,UU Undetermined,,UU Undetermined,UU Undetermined,N None,1 Enclosed building,2 In normal use,1.0,,NO,,,,,1 Present,1 Smoke,2 Detector operated,"1 Detector alerted occupants, occupants responded",,N None Present,1 Wet - pipe sprinkler system,1 System operated and was effective,,1.0,6.0,Mission,"-122.410932, 37.769411",2023-10-08 23:56:02,2025-06-01 02:18:08
23136023,0,231360230,Webster Street,2023-10-08,232813080,2023-10-08 22:27:16,2023-10-08 22:28:52,2023-10-08 22:53:23,San Francisco,94115,B04,5,3514,3,13,1,2,0,0,,500.0,500.0,0,0,0,0,1,"460 Accident, potential accident, other",N None,31 Provide first aid & check for injuries,86 Investigate,"00 Action taken, other",1 Detector alerted occupants,"960 Street, other",00 Other area of fire origin,1 Intentional,UU Undetermined,,UU Undetermined,UU Undetermined,N None,1 Enclosed building,2 In normal use,1.0,,NO,,,,,1 Present,1 Smoke,2 Detector operated,"1 Detector alerted occupants, occupants responded",,N None Present,1 Wet - pipe sprinkler system,1 System operated and was effective,,1.0,5.0,Western Addition,"-122.431207, 37.784568",2023-10-08 22:53:23,2025-06-01 02:18:08
23136026,0,231360260,1250 Sunnydale Avenue,2023-10-08,232813096,2023-10-08 22:38:55,2023-10-08 22:45:17,2023-10-08 22:51:58,San Francisco,94134,B09,44,6241,3,11,0,0,0,0,,500.0,500.0,0,0,0,0,1,"113 Cooking fire, confined to container",N None,86 Investigate,86 Investigate,"00 Action taken, other",1 Detector alerted occupants,429 Multifamily dwelling,00 Other area of fire origin,1 Intentional,UU Undetermined,,UU Undetermined,UU Undetermined,N None,1 Enclosed building,2 In normal use,1.0,,NO,,,,,1 Present,1 Smoke,2 Detector operated,"1 Detector alerted occupants, occupants responded",,N None Present,1 Wet - pipe sprinkler system,1 System operated and was effective,,1.0,10.0,Visitacion Valley,"-122.413665, 37.711329",2023-10-08 22:51:58,2025-06-01 02:18:08
23136031,0,231360310,280nb Ocean On,2023-10-08,232813128,2023-10-08 22:57:22,2023-10-08 23:18:08,2023-10-08 23:19:10,San Francisco,94112,B09,15,8311,1,4,0,0,0,0,,500.0,500.0,0,0,0,0,1,561 Unauthorized burning,N None,86 Investigate,86 Investigate,"00 Action taken, other",1 Detector alerted occupants,NNN None,00 Other area of fire origin,1 Intentional,UU Undetermined,,UU Undetermined,UU Undetermined,N None,1 Enclosed building,2 In normal use,1.0,,NO,,,,,1 Present,1 Smoke,2 Detector operated,"1 Detector alerted occupants, occupants responded",,N None Present,1 Wet - pipe sprinkler system,1 System operated and was effective,,1.0,11.0,Outer Mission,"-122.446973, 37.724137",2023-10-08 23:19:10,2025-06-01 02:18:08
23136032,0,231360320,1095 Indiana Street,2023-10-08,232813133,2023-10-08 22:59:31,2023-10-08 23:04:17,2023-10-08 23:11:17,San Francisco,94107,B10,25,2535,3,10,0,0,0,0,,500.0,500.0,0,0,0,0,1,"745 Alarm system activation, no fire  -  unintentional",N None,86 Investigate,86 Investigate,"00 Action taken, other",1 Detector alerted occupants,"500 Mercantile, business, other",00 Other area of fire origin,1 Intentional,UU Undetermined,,UU Undetermined,UU Undetermined,N None,1 Enclosed building,2 In normal use,1.0,,NO,,,,,1 Present,1 Smoke,2 Detector operated,"1 Detector alerted occupants, occupants responded",,N None Present,1 Wet - pipe sprinkler system,1 System operated and was effective,,1.0,10.0,Potrero Hill,"-122.390958, 37.756367",2023-10-08 23:11:17,2025-06-01 02:18:08
23136036,0,231360360,333 Taylor Street,2023-10-08,232813142,2023-10-08 23:02:46,2023-10-08 23:06:31,2023-10-08 23:12:34,San Francisco,94102,B01,3,1452,3,11,0,0,0,0,,500.0,500.0,0,0,0,0,1,"743 Smoke detector activation, no fire  -  unintentional",N None,63 Restore fire alarm system,86 Investigate,"00 Action taken, other",1 Detector alerted occupants,"000 Property Use, other",00 Other area of fire origin,1 Intentional,UU Undetermined,,UU Undetermined,UU Undetermined,N None,1 Enclosed building,2 In normal use,1.0,,NO,,,,,1 Present,1 Smoke,2 Detector operated,"1 Detector alerted occupants, occupants responded",,N None Present,1 Wet - pipe sprinkler system,1 System operated and was effective,,1.0,5.0,Tenderloin,"-122.411387, 37.78543",2023-10-08 23:12:34,2025-06-01 02:18:08
23136043,0,231360430,278 Post Street,2023-10-08,232813179,2023-10-08 23:17:21,2023-10-08 23:20:20,2023-10-08 23:51:29,San Francisco,94108,B01,13,1316,3,11,0,0,0,0,,500.0,500.0,0,0,0,0,1,"743 Smoke detector activation, no fire  -  unintentional",N None,63 Restore fire alarm system,86 Investigate,"00 Action taken, other",1 Detector alerted occupants,"000 Property Use, other",00 Other area of fire origin,1 Intentional,UU Undetermined,,UU Undetermined,UU Undetermined,N None,1 Enclosed building,2 In normal use,1.0,,NO,,,,,1 Present,1 Smoke,2 Detector operated,"1 Detector alerted occupants, occupants responded",,N None Present,1 Wet - pipe sprinkler system,1 System operated and was effective,,1.0,3.0,Financial District/South Beach,"-122.406422, 37.788612",2023-10-08 23:51:29,2025-06-01 02:18:08
23136048,0,231360480,2601 Broadway,2023-10-08,232813198,2023-10-08 23:27:17,2023-10-08 23:31:42,2023-10-08 23:50:40,San Francisco,94123,B04,16,4122,3,10,0,0,0,0,,500.0,500.0,0,0,0,0,1,"746 Carbon monoxide detector activation, no CO",N None,86 Investigate,86 Investigate,"00 Action taken, other",1 Detector alerted occupants,429 Multifamily dwelling,00 Other area of fire origin,1 Intentional,UU Undetermined,,UU Undetermined,UU Undetermined,N None,1 Enclosed building,2 In normal use,1.0,,NO,,,,,1 Present,1 Smoke,2 Detector operated,"1 Detector alerted occupants, occupants responded",,N None Present,1 Wet - pipe sprinkler system,1 System operated and was effective,,1.0,2.0,Pacific Heights,"-122.439926, 37.793569",2023-10-08 23:50:40,2025-06-01 02:18:08
23136062,0,231360620,South Van Ness Avenue,2023-10-09,232820024,2023-10-09 00:13:34,2023-10-09 00:17:24,2023-10-09 01:09:47,San Francisco,94110,B06,7,5456,3,10,2,3,0,0,,500.0,500.0,0,0,0,0,1,"320 Emergency medical service incident, other",N None,31 Provide first aid & check for injuries,86 Investigate,"00 Action taken, other",1 Detector alerted occupants,"960 Street, other",00 Other area of fire origin,1 Intentional,UU Undetermined,,UU Undetermined,UU Undetermined,N None,1 Enclosed building,2 In normal use,1.0,,NO,,,,,1 Present,1 Smoke,2 Detector operated,"1 Detector alerted occupants, occupants responded",,N None Present,1 Wet - pipe sprinkler system,1 System operated and was effective,,1.0,9.0,Mission,"-122.416721, 37.757168",2023-10-09 01:09:47,2025-06-01 02:18:08
23136063,0,231360630,55 Page Street,2023-10-09,232820025,2023-10-09 00:13:41,2023-10-09 00:17:43,2023-10-09 00:27:49,San Francisco,94102,B02,36,3212,3,11,0,0,0,0,,500.0,500.0,0,0,0,0,1,"113 Cooking fire, confined to container",N None,86 Investigate,86 Investigate,"00 Action taken, other",1 Detector alerted occupants,429 Multifamily dwelling,00 Other area of fire origin,1 Intentional,UU Undetermined,,UU Undetermined,UU Undetermined,N None,1 Enclosed building,2 In normal use,1.0,,NO,,,,,1 Present,1 Smoke,2 Detector operated,"1 Detector alerted occupants, occupants responded",,N None Present,1 Wet - pipe sprinkler system,1 System operated and was effective,,1.0,6.0,Hayes Valley,"-122.421419, 37.774141",2023-10-09 00:27:49,2025-06-01 02:18:08
23136067,0,231360670,263 Drumm Street,2023-10-09,232820043,2023-10-09 00:24:30,2023-10-09 00:29:42,2023-10-09 00:34:38,San Francisco,94111,B01,13,1116,3,11,2,3,0,0,,500.0,500.0,0,0,0,0,1,"700 False alarm or false call, other",N None,86 Investigate,86 Investigate,"00 Action taken, other",1 Detector alerted occupants,"000 Property Use, other",00 Other area of fire origin,1 Intentional,UU Undetermined,,UU Undetermined,UU Undetermined,N None,1 Enclosed building,2 In normal use,1.0,,NO,,,,,1 Present,1 Smoke,2 Detector operated,"1 Detector alerted occupants, occupants responded",,N None Present,1 Wet - pipe sprinkler system,1 System operated and was effective,,1.0,3.0,Financial District/South Beach,"-122.397077, 37.795978",2023-10-09 00:34:38,2025-06-01 02:18:08
23136076,0,231360760,990 Polk Street,2023-10-09,232820130,2023-10-09 01:27:38,2023-10-09 01:32:18,2023-10-09 01:36:48,San Francisco,94109,B04,3,3116,1,5,0,0,0,0,,500.0,500.0,0,0,0,0,1,553 Public service,N None,"70 Assistance, other",86 Investigate,"00 Action taken, other",1 Detector alerted occupants,"400 Residential, other",00 Other area of fire origin,1 Intentional,UU Undetermined,,UU Undetermined,UU Undetermined,N None,1 Enclosed building,2 In normal use,1.0,,NO,,,,,1 Present,1 Smoke,2 Detector operated,"1 Detector alerted occupants, occupants responded",,N None Present,1 Wet - pipe sprinkler system,1 System operated and was effective,,1.0,5.0,Tenderloin,"-122.419628, 37.785783",2023-10-09 01:36:48,2025-06-01 02:18:08
23136082,0,231360820,"55 Cravath St, Ti",2023-10-09,232820180,2023-10-09 02:15:35,2023-10-09 02:20:25,2023-10-09 02:36:25,Treasure Isla,94130,B03,48,2931,4,14,0,0,0,0,,500.0,500.0,0,0,0,0,1,"700 False alarm or false call, other",N None,"00 Action taken, other",86 Investigate,"00 Action taken, other",1 Detector alerted occupants,NNN None,00 Other area of fire origin,1 Intentional,UU Undetermined,,UU Undetermined,UU Undetermined,N None,1 Enclosed building,2 In normal use,1.0,,NO,,,,,1 Present,1 Smoke,2 Detector operated,"1 Detector alerted occupants, occupants responded",,N None Present,1 Wet - pipe sprinkler system,1 System operated and was effective,,1.0,6.0,Treasure Island,"-122.372674, 37.820445",2023-10-09 02:36:25,2025-06-01 02:18:08
23136086,0,231360860,Howard Street,2023-10-09,232820199,2023-10-09 02:34:05,2023-10-09 02:40:30,2023-10-09 02:46:46,San Francisco,94103,B03,1,2314,1,4,0,0,0,0,,500.0,500.0,0,0,0,0,1,"151 Outside rubbish, trash or waste fire",N None,11 Extinguishment by fire service personnel,86 Investigate,"00 Action taken, other",1 Detector alerted occupants,"960 Street, other",00 Other area of fire origin,1 Intentional,UU Undetermined,,UU Undetermined,UU Undetermined,N None,1 Enclosed building,2 In normal use,1.0,,NO,,,,,1 Present,1 Smoke,2 Detector operated,"1 Detector alerted occupants, occupants responded",,N None Present,1 Wet - pipe sprinkler system,1 System operated and was effective,,1.0,6.0,South of Market,"-122.409924, 37.777553",2023-10-09 02:46:46,2025-06-01 02:18:08
23136087,0,231360870,Larkin Street,2023-10-09,232820205,2023-10-09 02:37:40,2023-10-09 02:41:20,2023-10-09 02:45:25,San Francisco,94109,B04,3,1642,1,4,0,0,0,0,,500.0,500.0,0,0,0,0,1,154 Dumpster or other outside trash receptacle fire,N None,11 Extinguishment by fire service personnel,86 Investigate,"00 Action taken, other",1 Detector alerted occupants,"960 Street, other",00 Other area of fire origin,1 Intentional,UU Undetermined,,UU Undetermined,UU Undetermined,N None,1 Enclosed building,2 In normal use,1.0,,NO,,,,,1 Present,1 Smoke,2 Detector operated,"1 Detector alerted occupants, occupants responded",,N None Present,1 Wet - pipe sprinkler system,1 System operated and was effective,,1.0,5.0,Tenderloin,"-122.417809, 37.78471",2023-10-09 02:45:25,2025-06-01 02:18:08
23136088,0,231360880,Powell Street,2023-10-09,232820213,2023-10-09 02:45:00,2023-10-09 02:48:09,2023-10-09 02:51:54,San Francisco,94102,B03,3,1363,2,8,0,0,0,0,,500.0,500.0,0,0,0,0,1,"151 Outside rubbish, trash or waste fire",N None,11 Extinguishment by fire service personnel,86 Investigate,"00 Action taken, other",1 Detector alerted occupants,"960 Street, other",00 Other area of fire origin,1 Intentional,UU Undetermined,,UU Undetermined,UU Undetermined,N None,1 Enclosed building,2 In normal use,1.0,,NO,,,,,1 Present,1 Smoke,2 Detector operated,"1 Detector alerted occupants, occupants responded",,N None Present,1 Wet - pipe sprinkler system,1 System operated and was effective,,1.0,3.0,Tenderloin,"-122.40804, 37.78641",2023-10-09 02:51:54,2025-06-01 02:18:08
23136094,0,231360940,661 Divisadero Street,2023-10-09,232820243,2023-10-09 03:23:53,2023-10-09 03:27:42,2023-10-09 03:31:52,San Francisco,94117,B05,21,4146,3,10,0,0,0,0,,500.0,500.0,0,0,0,0,1,"740 Unintentional transmission of alarm, other",N None,63 Restore fire alarm system,86 Investigate,"00 Action taken, other",1 Detector alerted occupants,161 Restaurant or cafeteria,00 Other area of fire origin,1 Intentional,UU Undetermined,,UU Undetermined,UU Undetermined,N None,1 Enclosed building,2 In normal use,1.0,,NO,,,,,1 Present,1 Smoke,2 Detector operated,"1 Detector alerted occupants, occupants responded",,N None Present,1 Wet - pipe sprinkler system,1 System operated and was effective,,1.0,5.0,Hayes Valley,"-122.437999, 37.775536",2023-10-09 03:31:52,2025-06-01 02:18:08
23136099,0,231360990,45 Castro Street,2023-10-09,232820266,2023-10-09 03:49:41,2023-10-09 04:00:11,2023-10-09 04:36:52,San Francisco,94114,B05,6,513,2,8,0,0,0,0,,500.0,500.0,0,0,0,0,1,512 Ring or jewelry removal,N None,32 Provide basic life support (BLS),86 Investigate,"00 Action taken, other",1 Detector alerted occupants,331 Hospital  -  medical or psychiatric,00 Other area of fire origin,1 Intentional,UU Undetermined,,UU Undetermined,UU Undetermined,N None,1 Enclosed building,2 In normal use,1.0,,NO,,,,,1 Present,1 Smoke,2 Detector operated,"1 Detector alerted occupants, occupants responded",,N None Present,1 Wet - pipe sprinkler system,1 System operated and was effective,,1.0,8.0,Castro/Upper Market,"-122.434595, 37.768239",2023-10-09 04:36:52,2025-06-01 02:18:08
23136102,0,231361020,Pine Street,2023-10-09,232820285,2023-10-09 04:04:15,2023-10-09 04:08:24,2023-10-09 04:13:40,San Francisco,94109,B04,41,3122,1,4,0,0,0,0,,500.0,500.0,0,0,0,0,1,"151 Outside rubbish, trash or waste fire",N None,"10 Fire control or extinguishment, other",86 Investigate,"00 Action taken, other",1 Detector alerted occupants,NNN None,00 Other area of fire origin,1 Intentional,UU Undetermined,,UU Undetermined,UU Undetermined,N None,1 Enclosed building,2 In normal use,1.0,,NO,,,,,1 Present,1 Smoke,2 Detector operated,"1 Detector alerted occupants, occupants responded",,N None Present,1 Wet - pipe sprinkler system,1 System operated and was effective,,1.0,3.0,Nob Hill,"-122.420497, 37.789619",2023-10-09 04:13:40,2025-06-01 02:18:08
23136107,0,231361070,228 Mangels Avenue,2023-10-09,232820310,2023-10-09 04:39:46,2023-10-09 04:50:27,2023-10-09 04:57:16,San Francisco,94131,B09,26,8216,1,5,0,0,0,0,,500.0,500.0,0,0,0,0,1,554 Assist invalid,N None,73 Provide manpower,86 Investigate,"00 Action taken, other",1 Detector alerted occupants,419 1 or 2 family dwelling,00 Other area of fire origin,1 Intentional,UU Undetermined,,UU Undetermined,UU Undetermined,N None,1 Enclosed building,2 In normal use,1.0,,NO,,,,,1 Present,1 Smoke,2 Detector operated,"1 Detector alerted occupants, occupants responded",,N None Present,1 Wet - pipe sprinkler system,1 System operated and was effective,,1.0,7.0,West of Twin Peaks,"-122.442702, 37.733164",2023-10-09 04:57:16,2025-06-01 02:18:08
23136113,0,231361130,Julia Street,2023-10-09,232820350,2023-10-09 05:23:32,2023-10-09 05:27:38,2023-10-09 05:32:55,San Francisco,94103,B02,1,2318,8,29,1,2,1,2,,500.0,500.0,0,0,0,0,1,"118 Trash or rubbish fire, contained",N None,11 Extinguishment by fire service personnel,86 Investigate,"00 Action taken, other",U Unknown,963 Street or road in commercial area,00 Other area of fire origin,1 Intentional,UU Undetermined,,UU Undetermined,UU Undetermined,N None,1 Enclosed building,2 In normal use,1.0,,NO,,,,,1 Present,1 Smoke,2 Detector operated,"1 Detector alerted occupants, occupants responded",,N None Present,1 Wet - pipe sprinkler system,1 System operated and was effective,,1.0,6.0,South of Market,"-122.411874, 37.777618",2023-10-09 05:32:55,2025-06-01 02:18:08
23136115,0,231361150,642 Ashbury Street,2023-10-09,232820353,2023-10-09 05:26:05,2023-10-09 05:31:53,2023-10-09 05:48:00,San Francisco,94117,B05,21,4512,3,10,0,0,0,0,,500.0,500.0,0,0,0,0,1,"730 System malfunction, other",N None,86 Investigate,86 Investigate,"00 Action taken, other",1 Detector alerted occupants,429 Multifamily dwelling,00 Other area of fire origin,1 Intentional,UU Undetermined,,UU Undetermined,UU Undetermined,N None,1 Enclosed building,2 In normal use,1.0,,NO,,,,,1 Present,1 Smoke,2 Detector operated,"1 Detector alerted occupants, occupants responded",,N None Present,1 Wet - pipe sprinkler system,1 System operated and was effective,,1.0,5.0,Haight Ashbury,"-122.446766, 37.769608",2023-10-09 05:48:00,2025-06-01 02:18:08
23136116,0,231361160,414 27th Street,2023-10-09,232820358,2023-10-09 05:33:39,2023-10-09 05:39:40,2023-10-09 06:08:01,San Francisco,94131,B06,11,5552,1,4,0,0,0,0,,500.0,500.0,0,0,0,0,1,"500 Service Call, other",N None,"70 Assistance, other",86 Investigate,"00 Action taken, other",1 Detector alerted occupants,NNN None,00 Other area of fire origin,1 Intentional,UU Undetermined,,UU Undetermined,UU Undetermined,N None,1 Enclosed building,2 In normal use,1.0,,NO,,,,,1 Present,1 Smoke,2 Detector operated,"1 Detector alerted occupants, occupants responded",,N None Present,1 Wet - pipe sprinkler system,1 System operated and was effective,,1.0,8.0,Noe Valley,"-122.429579, 37.746808",2023-10-09 06:08:01,2025-06-01 02:18:08
23136117,0,231361170,785 Brannan Street,2023-10-09,232820368,2023-10-09 05:54:12,2023-10-09 06:01:58,2023-10-09 06:09:03,San Francisco,94103,B03,8,2276,1,5,0,0,0,0,,500.0,500.0,0,0,0,0,1,"500 Service Call, other",N None,"70 Assistance, other",86 Investigate,"00 Action taken, other",1 Detector alerted occupants,NNN None,00 Other area of fire origin,1 Intentional,UU Undetermined,,UU Undetermined,UU Undetermined,N None,1 Enclosed building,2 In normal use,1.0,,NO,,,,,1 Present,1 Smoke,2 Detector operated,"1 Detector alerted occupants, occupants responded",,N None Present,1 Wet - pipe sprinkler system,1 System operated and was effective,,1.0,6.0,South of Market,"-122.402765, 37.773303",2023-10-09 06:09:03,2025-06-01 02:18:08
23136118,0,231361180,2480 Post Street,2023-10-09,232820374,2023-10-09 06:02:39,2023-10-09 06:05:51,2023-10-09 06:17:20,San Francisco,94115,B05,10,4235,3,10,0,0,0,0,,500.0,500.0,0,0,0,0,1,"730 System malfunction, other",N None,63 Restore fire alarm system,86 Investigate,"00 Action taken, other",1 Detector alerted occupants,429 Multifamily dwelling,00 Other area of fire origin,1 Intentional,UU Undetermined,,UU Undetermined,UU Undetermined,N None,1 Enclosed building,2 In normal use,1.0,,NO,,,,,1 Present,1 Smoke,2 Detector operated,"1 Detector alerted occupants, occupants responded",,N None Present,1 Wet - pipe sprinkler system,1 System operated and was effective,,1.0,5.0,Japantown,"-122.44265, 37.784009",2023-10-09 06:17:20,2025-06-01 02:18:08
23136119,0,231361190,1227 Anza Street,2023-10-09,232820375,2023-10-09 06:05:09,2023-10-09 06:08:36,2023-10-09 06:45:23,San Francisco,94118,B07,31,7117,3,10,0,0,0,0,,500.0,500.0,0,0,0,0,1,"700 False alarm or false call, other",N None,86 Investigate,86 Investigate,"00 Action taken, other",1 Detector alerted occupants,429 Multifamily dwelling,00 Other area of fire origin,1 Intentional,UU Undetermined,,UU Undetermined,UU Undetermined,N None,1 Enclosed building,2 In normal use,1.0,,NO,,,,,1 Present,1 Smoke,2 Detector operated,"1 Detector alerted occupants, occupants responded",,N None Present,1 Wet - pipe sprinkler system,1 System operated and was effective,,1.0,1.0,Inner Richmond,"-122.461252, 37.779149",2023-10-09 06:45:23,2025-06-01 02:18:08
23136122,0,231361220,1050 Van Ness Avenue,2023-10-09,232820396,2023-10-09 06:28:16,2023-10-09 06:32:35,2023-10-09 06:45:33,San Francisco,94109,B04,3,3162,1,5,0,0,0,0,,500.0,500.0,0,0,0,0,1,353 Removal of victim(s) from stalled elevator,N None,52 Forcible entry,86 Investigate,"00 Action taken, other",1 Detector alerted occupants,"449 Hotel/motel, commercial",00 Other area of fire origin,1 Intentional,UU Undetermined,,UU Undetermined,UU Undetermined,N None,1 Enclosed building,2 In normal use,1.0,,NO,,,,,1 Present,1 Smoke,2 Detector operated,"1 Detector alerted occupants, occupants responded",,N None Present,1 Wet - pipe sprinkler system,1 System operated and was effective,,1.0,5.0,Tenderloin,"-122.421236, 37.785367",2023-10-09 06:45:33,2025-06-01 02:18:08
23136123,0,231361230,3148 Cesar Chavez Street,2023-10-09,232820403,2023-10-09 06:33:18,2023-10-09 06:38:55,2023-10-09 06:47:56,San Francisco,94110,B06,9,5622,2,4,0,0,0,0,,500.0,500.0,0,0,0,0,1,"311 Medical assist, assist EMS crew",N None,"30 Emergency medical services, other",86 Investigate,"00 Action taken, other",1 Detector alerted occupants,"000 Property Use, other",00 Other area of fire origin,1 Intentional,UU Undetermined,,UU Undetermined,UU Undetermined,N None,1 Enclosed building,2 In normal use,1.0,,NO,,,,,1 Present,1 Smoke,2 Detector operated,"1 Detector alerted occupants, occupants responded",,N None Present,1 Wet - pipe sprinkler system,1 System operated and was effective,,1.0,9.0,Mission,"-122.412505, 37.748348",2023-10-09 06:47:56,2025-06-01 02:18:08
23136124,0,231361240,370 The Embarcadero Nor,2023-10-09,232820412,2023-10-09 06:40:46,2023-10-09 06:46:01,2023-10-09 06:50:21,San Francisco,94111,B01,13,905,4,15,0,0,0,0,,500.0,500.0,0,0,0,0,1,"740 Unintentional transmission of alarm, other",N None,86 Investigate,86 Investigate,"00 Action taken, other",1 Detector alerted occupants,"000 Property Use, other",00 Other area of fire origin,1 Intentional,UU Undetermined,,UU Undetermined,UU Undetermined,N None,1 Enclosed building,2 In normal use,1.0,,NO,,,,,1 Present,1 Smoke,2 Detector operated,"1 Detector alerted occupants, occupants responded",,N None Present,1 Wet - pipe sprinkler system,1 System operated and was effective,,1.0,3.0,Financial District/South Beach,"-122.396469, 37.798386",2023-10-09 06:50:21,2025-06-01 02:18:08
23136127,0,231361270,"451 Donahue St, Hp",2023-10-09,232820430,2023-10-09 06:53:03,2023-10-09 07:02:48,2023-10-09 07:17:40,Hunters Point,94124,B10,17,6721,1,5,0,0,0,0,,500.0,500.0,0,0,0,0,1,353 Removal of victim(s) from stalled elevator,N None,"23 Extricate, disentangle",86 Investigate,"00 Action taken, other",1 Detector alerted occupants,429 Multifamily dwelling,00 Other area of fire origin,1 Intentional,UU Undetermined,,UU Undetermined,UU Undetermined,N None,1 Enclosed building,2 In normal use,1.0,,NO,,,,,1 Present,1 Smoke,2 Detector operated,"1 Detector alerted occupants, occupants responded",,N None Present,1 Wet - pipe sprinkler system,1 System operated and was effective,,1.0,10.0,Bayview Hunters Point,"-122.369808, 37.729056",2023-10-09 07:17:40,2025-06-01 02:18:08
23136128,0,231361280,326 23rd Avenue,2023-10-09,232820437,2023-10-09 06:57:59,2023-10-09 07:01:53,2023-10-09 07:10:08,San Francisco,94121,B07,14,7175,2,5,0,0,0,0,,500.0,500.0,0,0,0,0,1,"700 False alarm or false call, other",N None,86 Investigate,86 Investigate,"00 Action taken, other",1 Detector alerted occupants,429 Multifamily dwelling,00 Other area of fire origin,1 Intentional,UU Undetermined,,UU Undetermined,UU Undetermined,N None,1 Enclosed building,2 In normal use,1.0,,NO,,,,,1 Present,1 Smoke,2 Detector operated,"1 Detector alerted occupants, occupants responded",,N None Present,1 Wet - pipe sprinkler system,1 System operated and was effective,,1.0,1.0,Outer Richmond,"-122.48261, 37.781579",2023-10-09 07:10:08,2025-06-01 02:18:08
23136129,0,231361290,1800 Jerrold Avenue,2023-10-09,232820458,2023-10-09 07:08:14,2023-10-09 07:12:26,2023-10-09 08:11:31,San Francisco,94124,B10,9,6443,1,4,1,2,0,0,,500.0,500.0,0,0,0,0,1,"320 Emergency medical service incident, other",N None,"30 Emergency medical services, other",86 Investigate,"00 Action taken, other",1 Detector alerted occupants,"640 Utility or Distribution system, other",00 Other area of fire origin,1 Intentional,UU Undetermined,,UU Undetermined,UU Undetermined,N None,1 Enclosed building,2 In normal use,1.0,,NO,,,,,1 Present,1 Smoke,2 Detector operated,"1 Detector alerted occupants, occupants responded",,N None Present,1 Wet - pipe sprinkler system,1 System operated and was effective,,1.0,10.0,Bayview Hunters Point,"-122.393138, 37.740999",2023-10-09 08:11:31,2025-06-01 02:18:08
23136135,0,231361350,400 Alabama Street,2023-10-09,232820511,2023-10-09 07:28:31,2023-10-09 07:32:17,2023-10-09 07:43:42,San Francisco,94110,B02,7,5244,3,11,0,0,0,0,,500.0,500.0,0,0,0,0,1,"710 Malicious, mischievous false call, other",N None,86 Investigate,63 Restore fire alarm system,"00 Action taken, other",1 Detector alerted occupants,"519 Food and beverage sales, grocery store",00 Other area of fire origin,1 Intentional,UU Undetermined,,UU Undetermined,UU Undetermined,N None,1 Enclosed building,2 In normal use,1.0,,NO,,,,,1 Present,1 Smoke,2 Detector operated,"1 Detector alerted occupants, occupants responded",,N None Present,1 Wet - pipe sprinkler system,1 System operated and was effective,,1.0,9.0,Mission,"-122.412377, 37.764118",2023-10-09 07:43:42,2025-06-01 02:18:08
23136140,0,231361400,1099 Howard Street,2023-10-09,232820554,2023-10-09 07:45:36,2023-10-09 07:52:33,2023-10-09 07:58:21,San Francisco,94103,B03,1,2314,1,4,0,0,0,0,,500.0,500.0,0,0,0,0,1,"151 Outside rubbish, trash or waste fire",N None,11 Extinguishment by fire service personnel,86 Investigate,"00 Action taken, other",1 Detector alerted occupants,"960 Street, other",00 Other area of fire origin,1 Intentional,UU Undetermined,,UU Undetermined,UU Undetermined,N None,1 Enclosed building,2 In normal use,1.0,,NO,,,,,1 Present,1 Smoke,2 Detector operated,"1 Detector alerted occupants, occupants responded",,N None Present,1 Wet - pipe sprinkler system,1 System operated and was effective,,1.0,6.0,South of Market,"-122.409269, 37.777976",2023-10-09 07:58:21,2025-06-01 02:18:08
23136143,0,231361430,2531 20th Avenue,2023-10-09,232820565,2023-10-09 07:51:05,2023-10-09 07:56:47,2023-10-09 08:10:05,San Francisco,94116,B08,40,7415,5,2,0,0,0,0,,500.0,500.0,0,0,0,0,1,412 Gas leak (natural gas or LPG),N None,64 Shut down system,86 Investigate,"00 Action taken, other",1 Detector alerted occupants,419 1 or 2 family dwelling,00 Other area of fire origin,1 Intentional,UU Undetermined,,UU Undetermined,UU Undetermined,N None,1 Enclosed building,2 In normal use,1.0,,NO,,,,,1 Present,1 Smoke,2 Detector operated,"1 Detector alerted occupants, occupants responded",,N None Present,1 Wet - pipe sprinkler system,1 System operated and was effective,,1.0,4.0,Sunset/Parkside,"-122.476668, 37.740536",2023-10-09 08:10:05,2025-06-01 02:18:08
23136144,0,231361440,1880 Pine Street,2023-10-09,232820575,2023-10-09 07:55:25,2023-10-09 08:00:31,2023-10-09 08:12:57,San Francisco,94115,B04,38,3325,3,10,0,0,0,0,,500.0,500.0,0,0,0,0,1,"745 Alarm system activation, no fire  -  unintentional",N None,86 Investigate,86 Investigate,"00 Action taken, other",1 Detector alerted occupants,429 Multifamily dwelling,00 Other area of fire origin,1 Intentional,UU Undetermined,,UU Undetermined,UU Undetermined,N None,1 Enclosed building,2 In normal use,1.0,,NO,,,,,1 Present,1 Smoke,2 Detector operated,"1 Detector alerted occupants, occupants responded",,N None Present,1 Wet - pipe sprinkler system,1 System operated and was effective,,1.0,2.0,Pacific Heights,"-122.426721, 37.788899",2023-10-09 08:12:57,2025-06-01 02:18:08
23136149,0,231361490,2335 Golden Gate Avenue,2023-10-09,232820610,2023-10-09 08:10:15,2023-10-09 08:15:03,2023-10-09 08:35:41,San Francisco,94118,B05,21,4521,3,10,0,0,0,0,,500.0,500.0,0,0,0,0,1,"745 Alarm system activation, no fire  -  unintentional",N None,86 Investigate,86 Investigate,"00 Action taken, other",1 Detector alerted occupants,"241 Adult education center, college classroom",00 Other area of fire origin,1 Intentional,UU Undetermined,,UU Undetermined,UU Undetermined,N None,1 Enclosed building,2 In normal use,1.0,,NO,,,,,1 Present,1 Smoke,2 Detector operated,"1 Detector alerted occupants, occupants responded",,N None Present,1 Wet - pipe sprinkler system,1 System operated and was effective,,1.0,1.0,Lone Mountain/USF,"-122.449421, 37.777091",2023-10-09 08:35:41,2025-06-01 02:18:08
23136153,0,231361530,3415 Geary Bl,2023-10-09,232820636,2023-10-09 08:19:21,2023-10-09 08:25:41,2023-10-09 08:36:01,San Francisco,94118,B07,10,4453,4,15,0,0,0,0,,500.0,500.0,0,0,0,0,1,"746 Carbon monoxide detector activation, no CO",N None,86 Investigate,86 Investigate,"00 Action taken, other",1 Detector alerted occupants,419 1 or 2 family dwelling,00 Other area of fire origin,1 Intentional,UU Undetermined,,UU Undetermined,UU Undetermined,N None,1 Enclosed building,2 In normal use,1.0,,NO,,,,,1 Present,1 Smoke,2 Detector operated,"1 Detector alerted occupants, occupants responded",,N None Present,1 Wet - pipe sprinkler system,1 System operated and was effective,,1.0,2.0,Lone Mountain/USF,"-122.455374, 37.781378",2023-10-09 08:36:01,2025-06-01 02:18:08
23136154,0,231361540,1158 Sutter Street,2023-10-09,232820644,2023-10-09 08:21:52,2023-10-09 08:21:52,2023-10-09 08:26:53,San Francisco,94109,B04,3,3121,1,4,0,0,0,0,,500.0,500.0,0,0,0,0,1,"740 Unintentional transmission of alarm, other",N None,86 Investigate,86 Investigate,"00 Action taken, other",1 Detector alerted occupants,429 Multifamily dwelling,00 Other area of fire origin,1 Intentional,UU Undetermined,,UU Undetermined,UU Undetermined,N None,1 Enclosed building,2 In normal use,1.0,,NO,,,,,1 Present,1 Smoke,2 Detector operated,"1 Detector alerted occupants, occupants responded",,N None Present,1 Wet - pipe sprinkler system,1 System operated and was effective,,1.0,3.0,Nob Hill,"-122.419443, 37.787912",2023-10-09 08:26:53,2025-06-01 02:18:08
23136157,0,231361570,1 280nb San Jose Alem On,2023-10-09,232820656,2023-10-09 08:26:14,2023-10-09 08:31:17,2023-10-09 09:30:13,San Francisco,94112,B09,33,8371,5,18,2,3,0,0,,500.0,500.0,0,0,0,0,1,322 Motor vehicle accident with injuries,N None,31 Provide first aid & check for injuries,34 Transport person,"23 Extricate, disentangle",1 Detector alerted occupants,"960 Street, other",00 Other area of fire origin,1 Intentional,UU Undetermined,,UU Undetermined,UU Undetermined,N None,1 Enclosed building,2 In normal use,1.0,,NO,,,,,1 Present,1 Smoke,2 Detector operated,"1 Detector alerted occupants, occupants responded",,N None Present,1 Wet - pipe sprinkler system,1 System operated and was effective,,1.0,11.0,Outer Mission,"-122.457025, 37.710203",2023-10-09 09:30:13,2025-06-01 02:18:08
23136160,0,231361600,Mission Street,2023-10-09,232820677,2023-10-09 08:36:31,2023-10-09 08:39:47,2023-10-09 08:40:53,San Francisco,94110,B02,7,5423,1,4,0,0,0,0,,500.0,500.0,0,0,0,0,1,"150 Outside rubbish fire, other",N None,"10 Fire control or extinguishment, other",86 Investigate,"00 Action taken, other",1 Detector alerted occupants,"960 Street, other",00 Other area of fire origin,1 Intentional,UU Undetermined,,UU Undetermined,UU Undetermined,N None,1 Enclosed building,2 In normal use,1.0,,NO,,,,,1 Present,1 Smoke,2 Detector operated,"1 Detector alerted occupants, occupants responded",,N None Present,1 Wet - pipe sprinkler system,1 System operated and was effective,,1.0,9.0,Mission,"-122.41936, 37.761836",2023-10-09 08:40:53,2025-06-01 02:18:08
23136161,0,231361610,1433 Bush Street,2023-10-09,232820684,2023-10-09 08:34:59,2023-10-09 08:41:49,2023-10-09 08:48:33,San Francisco,94115,B04,3,3156,3,10,0,0,0,0,,500.0,500.0,0,0,0,0,1,"745 Alarm system activation, no fire  -  unintentional",N None,86 Investigate,86 Investigate,"00 Action taken, other",1 Detector alerted occupants,429 Multifamily dwelling,00 Other area of fire origin,1 Intentional,UU Undetermined,,UU Undetermined,UU Undetermined,N None,1 Enclosed building,2 In normal use,1.0,,NO,,,,,1 Present,1 Smoke,2 Detector operated,"1 Detector alerted occupants, occupants responded",,N None Present,1 Wet - pipe sprinkler system,1 System operated and was effective,,1.0,3.0,Nob Hill,"-122.42086, 37.788559",2023-10-09 08:48:33,2025-06-01 02:18:08
23136175,0,231361750,111 Pine Street,2023-10-09,232820788,2023-10-09 09:10:05,2023-10-09 09:13:47,2023-10-09 09:19:26,San Francisco,94111,B01,13,1136,3,11,0,0,0,0,,500.0,500.0,0,0,0,0,1,735 Alarm system sounded due to malfunction,N None,86 Investigate,86 Investigate,"00 Action taken, other",1 Detector alerted occupants,"500 Mercantile, business, other",00 Other area of fire origin,1 Intentional,UU Undetermined,,UU Undetermined,UU Undetermined,N None,1 Enclosed building,2 In normal use,1.0,,NO,,,,,1 Present,1 Smoke,2 Detector operated,"1 Detector alerted occupants, occupants responded",,N None Present,1 Wet - pipe sprinkler system,1 System operated and was effective,,1.0,3.0,Financial District/South Beach,"-122.398766, 37.792316",2023-10-09 09:19:26,2025-06-01 02:18:08
23136178,0,231361780,1395 Clayton Street,2023-10-09,232820799,2023-10-09 09:13:00,2023-10-09 09:16:01,2023-10-09 09:20:14,San Francisco,94114,B05,24,5265,3,10,0,0,0,0,,500.0,500.0,0,0,0,0,1,"745 Alarm system activation, no fire  -  unintentional",N None,86 Investigate,86 Investigate,"00 Action taken, other",1 Detector alerted occupants,429 Multifamily dwelling,00 Other area of fire origin,1 Intentional,UU Undetermined,,UU Undetermined,UU Undetermined,N None,1 Enclosed building,2 In normal use,1.0,,NO,,,,,1 Present,1 Smoke,2 Detector operated,"1 Detector alerted occupants, occupants responded",,N None Present,1 Wet - pipe sprinkler system,1 System operated and was effective,,1.0,8.0,Castro/Upper Market,"-122.446413, 37.758772",2023-10-09 09:20:14,2025-06-01 02:18:08
23136180,0,231361800,1 101sb Bayshore 3rd Of,2023-10-09,232820811,2023-10-09 09:16:27,2023-10-09 09:20:37,2023-10-09 09:24:38,San Francisco,94124,B10,42,6362,1,4,0,0,0,0,,500.0,500.0,0,0,0,0,1,561 Unauthorized burning,N None,86 Investigate,86 Investigate,"00 Action taken, other",1 Detector alerted occupants,961 Highway or divided highway,00 Other area of fire origin,1 Intentional,UU Undetermined,,UU Undetermined,UU Undetermined,N None,1 Enclosed building,2 In normal use,1.0,,NO,,,,,1 Present,1 Smoke,2 Detector operated,"1 Detector alerted occupants, occupants responded",,N None Present,1 Wet - pipe sprinkler system,1 System operated and was effective,,1.0,10.0,Portola,"-122.400273, 37.720709",2023-10-09 09:24:38,2025-06-01 02:18:08
23136181,0,231361810,1170 South Van Ness Avenue,2023-10-09,232820818,2023-10-09 09:19:00,2023-10-09 09:21:46,2023-10-09 09:54:44,San Francisco,94110,B06,7,5511,3,10,0,0,0,0,,500.0,500.0,0,0,0,0,1,"113 Cooking fire, confined to container",N None,86 Investigate,63 Restore fire alarm system,"00 Action taken, other",1 Detector alerted occupants,419 1 or 2 family dwelling,00 Other area of fire origin,1 Intentional,UU Undetermined,,UU Undetermined,UU Undetermined,N None,1 Enclosed building,2 In normal use,1.0,,NO,,,,,1 Present,1 Smoke,2 Detector operated,"1 Detector alerted occupants, occupants responded",,N None Present,1 Wet - pipe sprinkler system,1 System operated and was effective,,1.0,9.0,Mission,"-122.416547, 37.754449",2023-10-09 09:54:44,2025-06-01 02:18:08
23136187,0,231361870,200 Valencia Street,2023-10-09,232820899,2023-10-09 09:44:13,2023-10-09 09:53:47,2023-10-09 10:00:16,San Francisco,94103,B02,6,5126,1,5,0,0,0,0,,500.0,500.0,0,0,0,0,1,522 Water or steam leak,N None,86 Investigate,86 Investigate,"00 Action taken, other",1 Detector alerted occupants,429 Multifamily dwelling,00 Other area of fire origin,1 Intentional,UU Undetermined,,UU Undetermined,UU Undetermined,N None,1 Enclosed building,2 In normal use,1.0,,NO,,,,,1 Present,1 Smoke,2 Detector operated,"1 Detector alerted occupants, occupants responded",,N None Present,1 Wet - pipe sprinkler system,1 System operated and was effective,,1.0,9.0,Mission,"-122.422447, 37.769794",2023-10-09 10:00:16,2025-06-01 02:18:08
23136198,0,231361980,189 Parnassus Avenue,2023-10-09,232820981,2023-10-09 10:11:33,2023-10-09 10:13:35,2023-10-09 10:25:29,San Francisco,94117,B05,12,5153,3,10,0,0,0,0,,500.0,500.0,0,0,0,0,1,733 Smoke detector activation due to malfunction,N None,86 Investigate,86 Investigate,"00 Action taken, other",1 Detector alerted occupants,419 1 or 2 family dwelling,00 Other area of fire origin,1 Intentional,UU Undetermined,,UU Undetermined,UU Undetermined,N None,1 Enclosed building,2 In normal use,1.0,,NO,,,,,1 Present,1 Smoke,2 Detector operated,"1 Detector alerted occupants, occupants responded",,N None Present,1 Wet - pipe sprinkler system,1 System operated and was effective,,1.0,8.0,Haight Ashbury,"-122.452225, 37.764484",2023-10-09 10:25:29,2025-06-01 02:18:08
23136201,0,231362010,60 Dedman Court,2023-10-09,232820985,2023-10-09 10:13:04,2023-10-09 10:23:49,2023-10-09 10:43:08,San Francisco,94124,B10,17,6522,2,9,1,2,0,0,,500.0,500.0,0,0,0,0,1,"321 EMS call, excluding vehicle accident with injury",N None,33 Provide advanced life support (ALS),86 Investigate,"00 Action taken, other",1 Detector alerted occupants,UUU Undetermined,00 Other area of fire origin,1 Intentional,UU Undetermined,,UU Undetermined,UU Undetermined,N None,1 Enclosed building,2 In normal use,1.0,,NO,,,,,1 Present,1 Smoke,2 Detector operated,"1 Detector alerted occupants, occupants responded",,N None Present,1 Wet - pipe sprinkler system,1 System operated and was effective,,1.0,10.0,Bayview Hunters Point,"-122.384714, 37.73702",2023-10-09 10:43:08,2025-06-01 02:18:08
23136207,0,231362070,2560 Pine Street,2023-10-09,232821031,2023-10-09 10:27:28,2023-10-09 10:30:48,2023-10-09 10:39:37,San Francisco,94115,B04,38,3651,3,10,0,0,0,0,,500.0,500.0,0,0,0,0,1,733 Smoke detector activation due to malfunction,N None,86 Investigate,86 Investigate,"00 Action taken, other",1 Detector alerted occupants,419 1 or 2 family dwelling,00 Other area of fire origin,1 Intentional,UU Undetermined,,UU Undetermined,UU Undetermined,N None,1 Enclosed building,2 In normal use,1.0,,NO,,,,,1 Present,1 Smoke,2 Detector operated,"1 Detector alerted occupants, occupants responded",,N None Present,1 Wet - pipe sprinkler system,1 System operated and was effective,,1.0,2.0,Pacific Heights,"-122.43794, 37.787474",2023-10-09 10:39:37,2025-06-01 02:18:08
23136216,0,231362160,Holloway Avenue,2023-10-09,232821069,2023-10-09 10:42:40,2023-10-09 10:50:47,2023-10-09 11:01:59,San Francisco,94112,B09,15,8473,1,4,0,0,0,0,,500.0,500.0,0,0,0,0,1,"500 Service Call, other",N None,"70 Assistance, other",86 Investigate,"00 Action taken, other",1 Detector alerted occupants,419 1 or 2 family dwelling,00 Other area of fire origin,1 Intentional,UU Undetermined,,UU Undetermined,UU Undetermined,N None,1 Enclosed building,2 In normal use,1.0,,NO,,,,,1 Present,1 Smoke,2 Detector operated,"1 Detector alerted occupants, occupants responded",,N None Present,1 Wet - pipe sprinkler system,1 System operated and was effective,,1.0,11.0,Oceanview/Merced/Ingleside,"-122.45614, 37.721845",2023-10-09 11:01:59,2025-06-01 02:18:08
23136228,0,231362280,333 Texas Street,2023-10-09,232821152,2023-10-09 11:07:37,2023-10-09 11:16:07,2023-10-09 11:29:18,San Francisco,94107,B03,37,2462,3,10,0,0,0,0,,500.0,500.0,0,0,0,0,1,"746 Carbon monoxide detector activation, no CO",N None,86 Investigate,86 Investigate,"00 Action taken, other",1 Detector alerted occupants,"400 Residential, other",00 Other area of fire origin,1 Intentional,UU Undetermined,,UU Undetermined,UU Undetermined,N None,1 Enclosed building,2 In normal use,1.0,,NO,,,,,1 Present,1 Smoke,2 Detector operated,"1 Detector alerted occupants, occupants responded",,N None Present,1 Wet - pipe sprinkler system,1 System operated and was effective,,1.0,10.0,Potrero Hill,"-122.395437, 37.762203",2023-10-09 11:29:18,2025-06-01 02:18:08
23136236,0,231362360,1761 Turk Street,2023-10-09,232821204,2023-10-09 11:20:16,2023-10-09 11:23:38,2023-10-09 11:27:50,San Francisco,94115,B05,5,4152,3,10,0,0,0,0,,500.0,500.0,0,0,0,0,1,735 Alarm system sounded due to malfunction,N None,86 Investigate,86 Investigate,"00 Action taken, other",1 Detector alerted occupants,322 Alcohol or substance abuse recovery center,00 Other area of fire origin,1 Intentional,UU Undetermined,,UU Undetermined,UU Undetermined,N None,1 Enclosed building,2 In normal use,1.0,,NO,,,,,1 Present,1 Smoke,2 Detector operated,"1 Detector alerted occupants, occupants responded",,N None Present,1 Wet - pipe sprinkler system,1 System operated and was effective,,1.0,5.0,Western Addition,"-122.438109, 37.779668",2023-10-09 11:27:50,2025-06-01 02:18:08
23136240,0,231362400,61 West Portal Avenue,2023-10-09,232821252,2023-10-09 11:34:12,2023-10-09 11:36:08,2023-10-09 11:45:40,San Francisco,94127,B08,39,8611,1,4,0,0,0,0,,500.0,500.0,0,0,0,0,1,"700 False alarm or false call, other",N None,86 Investigate,86 Investigate,"00 Action taken, other",1 Detector alerted occupants,511 Convenience store,00 Other area of fire origin,1 Intentional,UU Undetermined,,UU Undetermined,UU Undetermined,N None,1 Enclosed building,2 In normal use,1.0,,NO,,,,,1 Present,1 Smoke,2 Detector operated,"1 Detector alerted occupants, occupants responded",,N None Present,1 Wet - pipe sprinkler system,1 System operated and was effective,,1.0,7.0,West of Twin Peaks,"-122.46643, 37.740122",2023-10-09 11:45:40,2025-06-01 02:18:08
23136243,0,231362430,1300 Hawes Street,2023-10-09,232821283,2023-10-09 11:45:37,2023-10-09 11:48:08,2023-10-09 11:52:21,San Francisco,94124,B10,17,6634,1,5,0,0,0,0,,500.0,500.0,0,0,0,0,1,511 Lock - out,N None,65 Secure property,86 Investigate,"00 Action taken, other",1 Detector alerted occupants,419 1 or 2 family dwelling,00 Other area of fire origin,1 Intentional,UU Undetermined,,UU Undetermined,UU Undetermined,N None,1 Enclosed building,2 In normal use,1.0,,NO,,,,,1 Present,1 Smoke,2 Detector operated,"1 Detector alerted occupants, occupants responded",,N None Present,1 Wet - pipe sprinkler system,1 System operated and was effective,,1.0,10.0,Bayview Hunters Point,"-122.382249, 37.728037",2023-10-09 11:52:21,2025-06-01 02:18:08
23136259,0,231362590,1695 18th Street,2023-10-09,232821409,2023-10-09 12:25:38,2023-10-09 12:29:43,2023-10-09 12:36:57,San Francisco,94107,B03,37,2456,3,10,0,0,0,0,,500.0,500.0,0,0,0,0,1,"740 Unintentional transmission of alarm, other",N None,86 Investigate,86 Investigate,"00 Action taken, other",1 Detector alerted occupants,429 Multifamily dwelling,00 Other area of fire origin,1 Intentional,UU Undetermined,,UU Undetermined,UU Undetermined,N None,1 Enclosed building,2 In normal use,1.0,,NO,,,,,1 Present,1 Smoke,2 Detector operated,"1 Detector alerted occupants, occupants responded",,N None Present,1 Wet - pipe sprinkler system,1 System operated and was effective,,1.0,10.0,Potrero Hill,"-122.399377, 37.762339",2023-10-09 12:36:57,2025-06-01 02:18:08
23136261,0,231362610,191 Sutter Street,2023-10-09,232821431,2023-10-09 12:33:04,2023-10-09 12:36:25,2023-10-09 12:45:28,San Francisco,94108,B01,13,1242,3,11,0,0,0,0,,500.0,500.0,0,0,0,0,1,"711 Municipal alarm system, malicious false alarm",N None,"70 Assistance, other",86 Investigate,"00 Action taken, other",1 Detector alerted occupants,"449 Hotel/motel, commercial",00 Other area of fire origin,1 Intentional,UU Undetermined,,UU Undetermined,UU Undetermined,N None,1 Enclosed building,2 In normal use,1.0,,NO,,,,,1 Present,1 Smoke,2 Detector operated,"1 Detector alerted occupants, occupants responded",,N None Present,1 Wet - pipe sprinkler system,1 System operated and was effective,,1.0,3.0,Financial District/South Beach,"-122.403638, 37.789785",2023-10-09 12:45:28,2025-06-01 02:18:08
23136262,0,231362620,25 Castillo Street,2023-10-09,232821433,2023-10-09 12:33:37,2023-10-09 12:38:28,2023-10-09 12:45:53,San Francisco,94134,B09,43,6247,1,4,0,0,0,0,,500.0,500.0,0,0,0,0,1,"150 Outside rubbish fire, other",N None,"10 Fire control or extinguishment, other",86 Investigate,"00 Action taken, other",1 Detector alerted occupants,"960 Street, other",00 Other area of fire origin,1 Intentional,UU Undetermined,,UU Undetermined,UU Undetermined,N None,1 Enclosed building,2 In normal use,1.0,,NO,,,,,1 Present,1 Smoke,2 Detector operated,"1 Detector alerted occupants, occupants responded",,N None Present,1 Wet - pipe sprinkler system,1 System operated and was effective,,1.0,10.0,Visitacion Valley,"-122.417794, 37.708957",2023-10-09 12:45:53,2025-06-01 02:18:08
23136285,0,231362850,6438 Geary Bl,2023-10-09,232821553,2023-10-09 13:14:29,2023-10-09 13:17:33,2023-10-09 14:04:41,San Francisco,94121,B07,14,7226,3,10,0,0,0,0,,500.0,500.0,0,0,0,0,1,"745 Alarm system activation, no fire  -  unintentional",N None,86 Investigate,86 Investigate,"00 Action taken, other",1 Detector alerted occupants,429 Multifamily dwelling,00 Other area of fire origin,1 Intentional,UU Undetermined,,UU Undetermined,UU Undetermined,N None,1 Enclosed building,2 In normal use,1.0,,NO,,,,,1 Present,1 Smoke,2 Detector operated,"1 Detector alerted occupants, occupants responded",,N None Present,1 Wet - pipe sprinkler system,1 System operated and was effective,,1.0,1.0,Outer Richmond,"-122.488385, 37.77999",2023-10-09 14:04:41,2025-06-01 02:18:08
23136289,0,231362890,3832 23rd Street,2023-10-09,232821592,2023-10-09 13:26:25,2023-10-09 13:29:17,2023-10-09 13:42:33,San Francisco,94114,B06,11,5514,3,10,0,0,0,0,,500.0,500.0,0,0,0,0,1,412 Gas leak (natural gas or LPG),N None,86 Investigate,86 Investigate,"00 Action taken, other",1 Detector alerted occupants,419 1 or 2 family dwelling,00 Other area of fire origin,1 Intentional,UU Undetermined,,UU Undetermined,UU Undetermined,N None,1 Enclosed building,2 In normal use,1.0,,NO,,,,,1 Present,1 Smoke,2 Detector operated,"1 Detector alerted occupants, occupants responded",,N None Present,1 Wet - pipe sprinkler system,1 System operated and was effective,,1.0,8.0,Noe Valley,"-122.428358, 37.753314",2023-10-09 13:42:33,2025-06-01 02:18:08
23136296,0,231362960,444 Stockton Street,2023-10-09,232821647,2023-10-09 13:40:13,2023-10-09 13:44:34,2023-10-09 14:26:21,San Francisco,94108,B01,13,1324,1,5,0,0,0,0,,500.0,500.0,0,0,0,0,1,353 Removal of victim(s) from stalled elevator,N None,"70 Assistance, other",86 Investigate,"00 Action taken, other",1 Detector alerted occupants,"882 Parking garage, general vehicle",00 Other area of fire origin,1 Intentional,UU Undetermined,,UU Undetermined,UU Undetermined,N None,1 Enclosed building,2 In normal use,1.0,,NO,,,,,1 Present,1 Smoke,2 Detector operated,"1 Detector alerted occupants, occupants responded",,N None Present,1 Wet - pipe sprinkler system,1 System operated and was effective,,1.0,3.0,Financial District/South Beach,"-122.406858, 37.789885",2023-10-09 14:26:21,2025-06-01 02:18:08
23136300,0,231363000,55 Page Street,2023-10-09,232821700,2023-10-09 13:55:21,2023-10-09 13:58:15,2023-10-09 14:08:28,San Francisco,94102,B02,36,3212,3,11,0,0,0,0,,0.0,0.0,0,0,0,0,1,"113 Cooking fire, confined to container",N None,86 Investigate,86 Investigate,"00 Action taken, other",1 Detector alerted occupants,"439 Boarding/rooming house, residential hotels",00 Other area of fire origin,1 Intentional,UU Undetermined,,UU Undetermined,UU Undetermined,N None,1 Enclosed building,2 In normal use,1.0,,NO,,,,,1 Present,1 Smoke,2 Detector operated,"1 Detector alerted occupants, occupants responded",,N None Present,1 Wet - pipe sprinkler system,1 System operated and was effective,,1.0,6.0,Hayes Valley,"-122.421419, 37.774141",2023-10-09 14:08:28,2025-06-01 02:18:08
23136310,0,231363100,705 Natoma Street,2023-10-09,232821773,2023-10-09 14:18:06,2023-10-09 14:24:33,2023-10-09 14:34:55,San Francisco,94103,B02,1,2318,1,4,0,0,0,0,,500.0,500.0,0,0,0,0,1,"500 Service Call, other",N None,86 Investigate,86 Investigate,"00 Action taken, other",1 Detector alerted occupants,429 Multifamily dwelling,00 Other area of fire origin,1 Intentional,UU Undetermined,,UU Undetermined,UU Undetermined,N None,1 Enclosed building,2 In normal use,1.0,,NO,,,,,1 Present,1 Smoke,2 Detector operated,"1 Detector alerted occupants, occupants responded",,N None Present,1 Wet - pipe sprinkler system,1 System operated and was effective,,1.0,6.0,South of Market,"-122.41222, 37.776516",2023-10-09 14:34:55,2025-06-01 02:18:08
23136316,0,231363160,Vermont Street,2023-10-09,232821832,2023-10-09 14:35:34,2023-10-09 14:37:51,2023-10-09 14:39:54,San Francisco,94103,B02,29,2355,1,4,0,0,0,0,,500.0,500.0,0,0,0,0,1,"150 Outside rubbish fire, other",N None,"10 Fire control or extinguishment, other",86 Investigate,"00 Action taken, other",1 Detector alerted occupants,"960 Street, other",00 Other area of fire origin,1 Intentional,UU Undetermined,,UU Undetermined,UU Undetermined,N None,1 Enclosed building,2 In normal use,1.0,,NO,,,,,1 Present,1 Smoke,2 Detector operated,"1 Detector alerted occupants, occupants responded",,N None Present,1 Wet - pipe sprinkler system,1 System operated and was effective,,1.0,6.0,Mission,"-122.404753, 37.767256",2023-10-09 14:39:54,2025-06-01 02:18:08
23136318,0,231363180,1150 Market Street,2023-10-09,232821845,2023-10-09 14:38:55,2023-10-09 14:43:26,2023-10-09 14:43:44,San Francisco,94102,B02,36,1551,3,11,2,3,0,0,,500.0,500.0,0,0,0,0,1,"311 Medical assist, assist EMS crew",N None,86 Investigate,86 Investigate,"00 Action taken, other",1 Detector alerted occupants,963 Street or road in commercial area,00 Other area of fire origin,1 Intentional,UU Undetermined,,UU Undetermined,UU Undetermined,N None,1 Enclosed building,2 In normal use,1.0,,NO,,,,,1 Present,1 Smoke,2 Detector operated,"1 Detector alerted occupants, occupants responded",,N None Present,1 Wet - pipe sprinkler system,1 System operated and was effective,,1.0,5.0,Tenderloin,"-122.413529, 37.779759",2023-10-09 14:43:44,2025-06-01 02:18:08
23136323,0,231363230,770 Van Ness Avenue,2023-10-09,232821891,2023-10-09 14:50:22,2023-10-09 14:54:43,2023-10-09 15:13:49,San Francisco,94102,B02,3,3163,3,11,0,0,0,0,,500.0,500.0,0,0,0,0,1,"745 Alarm system activation, no fire  -  unintentional",N None,86 Investigate,86 Investigate,"00 Action taken, other",1 Detector alerted occupants,"439 Boarding/rooming house, residential hotels",00 Other area of fire origin,1 Intentional,UU Undetermined,,UU Undetermined,UU Undetermined,N None,1 Enclosed building,2 In normal use,1.0,,NO,,,,,1 Present,1 Smoke,2 Detector operated,"1 Detector alerted occupants, occupants responded",,N None Present,1 Wet - pipe sprinkler system,1 System operated and was effective,,1.0,5.0,Tenderloin,"-122.420685, 37.782643",2023-10-09 15:13:49,2025-06-01 02:18:08
23136325,0,231363250,640 Brannan Street,2023-10-09,232821912,2023-10-09 14:55:34,2023-10-09 15:00:00,2023-10-09 15:22:04,San Francisco,94103,B03,8,2256,1,4,0,0,0,0,,500.0,500.0,0,0,0,0,1,"440 Electrical  wiring/equipment problem, other",N None,86 Investigate,86 Investigate,"00 Action taken, other",1 Detector alerted occupants,"569 Professional supplies, services",00 Other area of fire origin,1 Intentional,UU Undetermined,,UU Undetermined,UU Undetermined,N None,1 Enclosed building,2 In normal use,1.0,,NO,,,,,1 Present,1 Smoke,2 Detector operated,"1 Detector alerted occupants, occupants responded",,N None Present,1 Wet - pipe sprinkler system,1 System operated and was effective,,1.0,6.0,South of Market,"-122.399739, 37.775889",2023-10-09 15:22:04,2025-06-01 02:18:08
23136328,0,231363280,1450 Laguna Street,2023-10-09,232821955,2023-10-09 15:12:02,2023-10-09 15:17:24,2023-10-09 16:29:32,San Francisco,94115,B04,5,3365,5,18,3,5,1,2,,500.0,500.0,0,0,0,0,1,322 Motor vehicle accident with injuries,N None,33 Provide advanced life support (ALS),34 Transport person,"00 Action taken, other",1 Detector alerted occupants,"000 Property Use, other",00 Other area of fire origin,1 Intentional,UU Undetermined,,UU Undetermined,UU Undetermined,N None,1 Enclosed building,2 In normal use,1.0,,NO,,,,,1 Present,1 Smoke,2 Detector operated,"1 Detector alerted occupants, occupants responded",,N None Present,1 Wet - pipe sprinkler system,1 System operated and was effective,,1.0,2.0,Western Addition,"-122.427632, 37.784607",2023-10-09 16:29:32,2025-06-01 02:18:08
23136329,0,231363290,540 Jones Street,2023-10-09,232821958,2023-10-09 15:13:45,2023-10-09 15:17:33,2023-10-09 16:59:38,San Francisco,94102,B01,3,1462,9,33,2,4,1,2,,1500.0,500.0,0,0,0,0,1,111 Building fire,N None,62 Restore sprinkler or fire protection system,86 Investigate,"00 Action taken, other",1 Detector alerted occupants,429 Multifamily dwelling,21 Bedroom  -  < 5 persons; included are jail or prison,2 Unintentional,"30 Electrical failure, malfunction, other",,13 Electrical arcing,34 Wearing apparel not on a person,N None,2 Fixed portable or mobile structure,2 In normal use,3.0,,NO,,,,,1 Present,1 Smoke,2 Detector operated,"1 Detector alerted occupants, occupants responded",,1 Present,1 Wet - pipe sprinkler system,1 System operated and was effective,,1.0,5.0,Tenderloin,"-122.412782, 37.786362",2023-10-09 16:59:38,2025-06-01 02:18:08
23136330,0,231363300,450 Pacific Avenue,2023-10-09,232821963,2023-10-09 15:14:21,2023-10-09 15:17:29,2023-10-09 15:29:05,San Francisco,94111,B01,13,1212,3,11,0,0,0,0,,500.0,500.0,0,0,0,0,1,735 Alarm system sounded due to malfunction,N None,86 Investigate,86 Investigate,"00 Action taken, other",1 Detector alerted occupants,"500 Mercantile, business, other",00 Other area of fire origin,1 Intentional,UU Undetermined,,UU Undetermined,UU Undetermined,N None,1 Enclosed building,2 In normal use,1.0,,NO,,,,,1 Present,1 Smoke,2 Detector operated,"1 Detector alerted occupants, occupants responded",,N None Present,1 Wet - pipe sprinkler system,1 System operated and was effective,,1.0,3.0,North Beach,"-122.402991, 37.797452",2023-10-09 15:29:05,2025-06-01 02:18:08
23136331,0,231363310,1818 Page Street,2023-10-09,232821967,2023-10-09 15:15:56,2023-10-09 15:20:13,2023-10-09 15:31:34,San Francisco,94117,B05,12,4533,3,10,0,0,0,0,,500.0,500.0,0,0,0,0,1,"745 Alarm system activation, no fire  -  unintentional",N None,86 Investigate,86 Investigate,"00 Action taken, other",1 Detector alerted occupants,419 1 or 2 family dwelling,00 Other area of fire origin,1 Intentional,UU Undetermined,,UU Undetermined,UU Undetermined,N None,1 Enclosed building,2 In normal use,1.0,,NO,,,,,1 Present,1 Smoke,2 Detector operated,"1 Detector alerted occupants, occupants responded",,N None Present,1 Wet - pipe sprinkler system,1 System operated and was effective,,1.0,5.0,Haight Ashbury,"-122.45078, 37.77054",2023-10-09 15:31:34,2025-06-01 02:18:08
23136333,0,231363330,2nd Street,2023-10-09,232821997,2023-10-09 15:25:59,2023-10-09 15:29:56,2023-10-09 15:32:20,San Francisco,94107,B03,35,2151,1,4,0,0,0,0,,500.0,500.0,0,0,0,0,1,622 No incident found on arrival at dispatch address,N None,86 Investigate,86 Investigate,"00 Action taken, other",1 Detector alerted occupants,"960 Street, other",00 Other area of fire origin,1 Intentional,UU Undetermined,,UU Undetermined,UU Undetermined,N None,1 Enclosed building,2 In normal use,1.0,,NO,,,,,1 Present,1 Smoke,2 Detector operated,"1 Detector alerted occupants, occupants responded",,N None Present,1 Wet - pipe sprinkler system,1 System operated and was effective,,1.0,6.0,Financial District/South Beach,"-122.395163, 37.78431",2023-10-09 15:32:20,2025-06-01 02:18:08
23136334,0,231363340,969 Bush Street,2023-10-09,232822006,2023-10-09 15:29:09,2023-10-09 15:31:49,2023-10-09 15:46:37,San Francisco,94109,B01,41,1446,3,11,0,0,0,0,,500.0,500.0,0,0,0,0,1,735 Alarm system sounded due to malfunction,N None,86 Investigate,86 Investigate,"00 Action taken, other",1 Detector alerted occupants,429 Multifamily dwelling,00 Other area of fire origin,1 Intentional,UU Undetermined,,UU Undetermined,UU Undetermined,N None,1 Enclosed building,2 In normal use,1.0,,NO,,,,,1 Present,1 Smoke,2 Detector operated,"1 Detector alerted occupants, occupants responded",,N None Present,1 Wet - pipe sprinkler system,1 System operated and was effective,,1.0,3.0,Nob Hill,"-122.413179, 37.78953",2023-10-09 15:46:37,2025-06-01 02:18:08
23136340,0,231363400,Powell Street,2023-10-09,232822017,2023-10-09 15:32:28,2023-10-09 15:37:56,2023-10-09 15:41:12,San Francisco,94103,B03,1,1364,1,4,0,0,0,0,,500.0,500.0,0,0,0,0,1,"151 Outside rubbish, trash or waste fire",N None,11 Extinguishment by fire service personnel,86 Investigate,"00 Action taken, other",1 Detector alerted occupants,963 Street or road in commercial area,00 Other area of fire origin,1 Intentional,UU Undetermined,,UU Undetermined,UU Undetermined,N None,1 Enclosed building,2 In normal use,1.0,,NO,,,,,1 Present,1 Smoke,2 Detector operated,"1 Detector alerted occupants, occupants responded",,N None Present,1 Wet - pipe sprinkler system,1 System operated and was effective,,1.0,3.0,Tenderloin,"-122.407854, 37.785492",2023-10-09 15:41:12,2025-06-01 02:18:08
23136353,0,231363530,101 Winston Drive,2023-10-09,232822118,2023-10-09 16:07:30,2023-10-09 16:12:05,2023-10-09 16:20:04,San Francisco,94132,B08,19,8725,1,5,0,0,0,0,,500.0,500.0,0,0,0,0,1,522 Water or steam leak,N None,64 Shut down system,86 Investigate,"00 Action taken, other",1 Detector alerted occupants,419 1 or 2 family dwelling,00 Other area of fire origin,1 Intentional,UU Undetermined,,UU Undetermined,UU Undetermined,N None,1 Enclosed building,2 In normal use,1.0,,NO,,,,,1 Present,1 Smoke,2 Detector operated,"1 Detector alerted occupants, occupants responded",,N None Present,1 Wet - pipe sprinkler system,1 System operated and was effective,,1.0,7.0,West of Twin Peaks,"-122.473437, 37.726789",2023-10-09 16:20:04,2025-06-01 02:18:08
