"by_month_incident_date","incident_category","analysis_neighborhood","count","point"
"2018-01-01T00:00:00.000","Stolen Property","Marina","1","POINT (-122.42891397690136 37.79792540700026)"
"2019-07-01T00:00:00.000","Larceny Theft","Presidio Heights","1","POINT (-122.45340664826642 37.78641773044466)"
"2021-01-01T00:00:00.000","Assault","Outer Mission","1","POINT (-122.46172521402255 37.70853811426191)"
"2020-07-01T00:00:00.000","Larceny Theft","Potrero Hill","1","POINT (-122.40425872802734 37.76211166381836)"
"2018-02-01T00:00:00.000","Lost Property","Mission","1","POINT (-122.41935926843617 37.76183585447031)"
"2023-08-01T00:00:00.000","Larceny Theft","Seacliff","1","POINT (-122.49311828613281 37.78657913208008)"
"2019-02-01T00:00:00.000","Other Miscellaneous","North Beach","1","POINT (-122.417715898404 37.807978726080414)"
"2024-06-01T00:00:00.000","Assault","Bernal Heights","1","POINT (-122.4214859008789 37.74312210083008)"
"2022-11-01T00:00:00.000","Other Offenses","Marina","1","POINT (-122.43220428969965 37.797506948421855)"
"2019-11-01T00:00:00.000","Larceny Theft","South of Market","2","POINT (-122.40284729003906 37.78154754638672)"
"2024-04-01T00:00:00.000","Motor Vehicle Theft","Mission","1","POINT (-122.42111206054688 37.77167892456055)"
"2022-04-01T00:00:00.000","Malicious Mischief","South of Market","1","POINT (-122.40116119384766 37.78202438354492)"
"2021-07-01T00:00:00.000","Non-Criminal","Oceanview/Merced/Ingleside","1","POINT (-122.45415512732013 37.71687510115265)"
"2020-08-01T00:00:00.000","Suspicious Occ","Lakeshore","1","POINT (-122.50022095522831 37.71895555784868)"
"2021-04-01T00:00:00.000","Case Closure","Financial District/South Beach","1","POINT (-122.39117965917615 37.78745518601511)"
"2022-07-01T00:00:00.000","Burglary","Nob Hill","1","POINT (-122.4204012466872 37.789165093007924)"
"2019-11-01T00:00:00.000","Assault","Mission","1","POINT (-122.41060980245896 37.766903443867825)"
"2020-02-01T00:00:00.000","Other Miscellaneous","Mission","1","POINT (-122.41750590202805 37.75390205124772)"
"2021-02-01T00:00:00.000","Other","Noe Valley","1","POINT (-122.4268223051499 37.74529850032681)"
"2020-04-01T00:00:00.000","Recovered Vehicle","Bayview Hunters Point","1","POINT (-122.38897780416126 37.7160869851702)"
"2020-04-01T00:00:00.000","Motor Vehicle Theft","South of Market","1","POINT (-122.40460550711119 37.777699658507856)"
"2022-01-01T00:00:00.000","Fraud","Japantown","1","POINT (-122.42666680815432 37.786924665750064)"
"2019-02-01T00:00:00.000","Malicious Mischief","Mission Bay","2","POINT (-122.4029268108246 37.76864812666567)"
"2023-01-01T00:00:00.000","Fraud","Financial District/South Beach","1","POINT (-122.40242004394531 37.799381256103516)"
"2018-11-01T00:00:00.000","Assault","Financial District/South Beach","1","POINT (-122.38963317871094 37.786224365234375)"
"2023-06-01T00:00:00.000","Non-Criminal","Mission","1","POINT (-122.42098538332709 37.75047697109587)"
"2019-09-01T00:00:00.000","Robbery","Bayview Hunters Point","1","POINT (-122.38340761392125 37.73323651614701)"
"2023-01-01T00:00:00.000","Missing Person","Golden Gate Park","1","POINT (-122.45335228997452 37.768246024114525)"
"2024-10-01T00:00:00.000","Lost Property","Mission","2","POINT (-122.41968536376953 37.756988525390625)"
"2021-09-01T00:00:00.000","Burglary","Western Addition","1","POINT (-122.4237810816376 37.789203138929935)"
"2023-12-01T00:00:00.000","Traffic Collision","South of Market","1","POINT (-122.41282653808594 37.77281188964844)"
"2020-12-01T00:00:00.000","Lost Property","Presidio Heights","1","POINT (-122.45938873291016 37.78840637207031)"
"2023-10-01T00:00:00.000","Recovered Vehicle","Castro/Upper Market","1","POINT (-122.43719062847191 37.76075810695455)"
"2023-01-01T00:00:00.000","Motor Vehicle Theft","Pacific Heights","1","POINT (-122.42469787597656 37.79372787475586)"
"2023-08-01T00:00:00.000","Recovered Vehicle","Mission","1","POINT (-122.41827132040292 37.761901562293616)"
"2019-01-01T00:00:00.000","Larceny Theft","Outer Richmond","1","POINT (-122.51105499267578 37.77134323120117)"
"2023-03-01T00:00:00.000","Missing Person","Haight Ashbury","1","POINT (-122.435791015625 37.76905822753906)"
"2022-10-01T00:00:00.000","Larceny Theft","Inner Richmond","1","POINT (-122.45986037452863 37.77928262880662)"
"2021-10-01T00:00:00.000","Missing Person","Tenderloin","1","POINT (-122.4167709350586 37.77958297729492)"
"2022-05-01T00:00:00.000","Motor Vehicle Theft","Mission","1","POINT (-122.42485259980006 37.770747744629546)"
"2024-03-01T00:00:00.000","Larceny Theft","Presidio Heights","1","POINT (-122.4521255493164 37.78843688964844)"
"2018-12-01T00:00:00.000","Other Miscellaneous","Hayes Valley","1","POINT (-122.42912798697296 37.769456127696515)"
"2021-11-01T00:00:00.000","Other Offenses","Portola","1","POINT (-122.408034118888 37.72248509909835)"
"2020-05-01T00:00:00.000","Courtesy Report","Mission Bay","3","POINT (-122.38971710205078 37.77293014526367)"
"2019-02-01T00:00:00.000","Larceny Theft","Seacliff","1","POINT (-122.48462677001953 37.78895568847656)"
"2020-02-01T00:00:00.000","Burglary","Haight Ashbury","1","POINT (-122.44596265042229 37.765216184713424)"
"2019-12-01T00:00:00.000","Burglary","West of Twin Peaks","1","POINT (-122.44530487060547 37.72747039794922)"
"2019-03-01T00:00:00.000","Recovered Vehicle","Lakeshore","1","POINT (-122.48301696777344 37.72045135498047)"
"2024-05-01T00:00:00.000","Larceny Theft","Portola","2","POINT (-122.40951538085938 37.72343063354492)"
"2021-09-01T00:00:00.000","Motor Vehicle Theft","Golden Gate Park","1","POINT (-122.48046875 37.76530456542969)"
"2021-01-01T00:00:00.000","Robbery","Financial District/South Beach","1","POINT (-122.40785252141461 37.785491559268934)"
"2019-11-01T00:00:00.000","Motor Vehicle Theft","Portola","1","POINT (-122.40816909931252 37.735859111934616)"
"2020-12-01T00:00:00.000","Weapons Carrying Etc","Bayview Hunters Point","2","POINT (-122.3966262021733 37.722626214091335)"
"2019-09-01T00:00:00.000","Larceny Theft","Mission","3","POINT (-122.41859436035156 37.75383758544922)"
"2019-12-01T00:00:00.000","Lost Property","Oceanview/Merced/Ingleside","1","POINT (-122.45613098144531 37.72003173828125)"
"2018-11-01T00:00:00.000","Recovered Vehicle","Mission","1","POINT (-122.41454146903003 37.75729764310003)"
"2018-09-01T00:00:00.000","Non-Criminal","Hayes Valley","1","POINT (-122.42579431477414 37.774132307643065)"
"2021-02-01T00:00:00.000","Robbery","Excelsior","2","POINT (-122.44025513581519 37.716038818883085)"
"2019-04-01T00:00:00.000","Other Miscellaneous","South of Market","1","POINT (-122.39794158935547 37.782997131347656)"
"2022-12-01T00:00:00.000","Larceny Theft","Golden Gate Park","3","POINT (-122.51092529296875 37.77043533325195)"
"2024-03-01T00:00:00.000","Weapons Carrying Etc","Tenderloin","1","POINT (-122.41752624511719 37.78330993652344)"
"2020-01-01T00:00:00.000","Drug Offense","Mission Bay","1","POINT (-122.39796947621387 37.7759412206594)"
"2018-11-01T00:00:00.000","Disorderly Conduct","North Beach","1","POINT (-122.41360473632812 37.80561828613281)"
"2023-03-01T00:00:00.000","Other Miscellaneous","Visitacion Valley","1","POINT (-122.40653228759766 37.712284088134766)"
"2021-10-01T00:00:00.000","Missing Person","Chinatown","1","POINT (-122.40666961669922 37.7978630065918)"
"2025-04-01T00:00:00.000","Larceny Theft","Portola","1","POINT (-122.40852355957031 37.72102737426758)"
"2021-02-01T00:00:00.000","Fraud","Financial District/South Beach","1","POINT (-122.39340794016304 37.790612669467755)"
"2022-12-01T00:00:00.000","Fraud","Outer Richmond","1","POINT (-122.48059001673039 37.7822123116016)"
"2021-02-01T00:00:00.000","Malicious Mischief","Bayview Hunters Point","1","POINT (-122.38343118497463 37.72973755204471)"
"2023-10-01T00:00:00.000","Larceny Theft","Haight Ashbury","2","POINT (-122.44346144210765 37.769496997180674)"
"2024-06-01T00:00:00.000","Robbery","Nob Hill","1","POINT (-122.41043090820312 37.78995132446289)"
"2020-05-01T00:00:00.000","Warrant","Bayview Hunters Point","1","POINT (-122.37720489501953 37.73001480102539)"
"2019-11-01T00:00:00.000","Disorderly Conduct","Bayview Hunters Point","1","POINT (-122.39557647705078 37.7413444519043)"
"2018-12-01T00:00:00.000","Warrant","Castro/Upper Market","1","POINT (-122.43485368203896 37.75928916994242)"
"2025-04-01T00:00:00.000","Larceny Theft","Tenderloin","2","POINT (-122.41790008544922 37.7851676940918)"
"2023-05-01T00:00:00.000","Burglary","Bayview Hunters Point","1","POINT (-122.3931719589466 37.722034716260424)"
"2024-09-01T00:00:00.000","Other Miscellaneous","Bernal Heights","4","POINT (-122.40521240234375 37.74647521972656)"
"2018-06-01T00:00:00.000","Non-Criminal","South of Market","2","POINT (-122.41414642333984 37.77824020385742)"
"2019-11-01T00:00:00.000","Larceny Theft","Financial District/South Beach","1","POINT (-122.40086317668752 37.7976541393292)"
"2020-04-01T00:00:00.000","Assault","Portola","1","POINT (-122.40947723388672 37.73125457763672)"
"2024-07-01T00:00:00.000","Larceny Theft","Presidio Heights","3","POINT (-122.45394134521484 37.78909683227539)"
"2024-09-01T00:00:00.000","Larceny Theft","Marina","1","POINT (-122.4472885131836 37.80516052246094)"
"2019-09-01T00:00:00.000","Non-Criminal","Bayview Hunters Point","1","POINT (-122.3953769340303 37.729654219714476)"
"2018-02-01T00:00:00.000","Forgery And Counterfeiting","Tenderloin","1","POINT (-122.41424157409635 37.78372378203807)"
"2020-02-01T00:00:00.000","Larceny Theft","Twin Peaks","1","POINT (-122.45601362960036 37.752359100254935)"
"2023-10-01T00:00:00.000","Traffic Collision","Hayes Valley","1","POINT (-122.43062591552734 37.773040771484375)"
"2018-09-01T00:00:00.000","Assault","Tenderloin","1","POINT (-122.40930938720703 37.78434753417969)"
"2020-05-01T00:00:00.000","Burglary","Outer Richmond","1","POINT (-122.47965240478516 37.78412628173828)"
"2023-04-01T00:00:00.000","Larceny Theft","Sunset/Parkside","1","POINT (-122.48306238583045 37.74085245732215)"
"2023-07-01T00:00:00.000","Recovered Vehicle","McLaren Park","1","POINT (-122.42465618328696 37.71713189356429)"
"2022-02-01T00:00:00.000","Larceny Theft","South of Market","4","POINT (-122.40725467595034 37.78211941829001)"
"2021-10-01T00:00:00.000","Burglary","Mission","1","POINT (-122.42127173012831 37.758498507780814)"
"2021-02-01T00:00:00.000","Malicious Mischief","West of Twin Peaks","1","POINT (-122.47051178942746 37.74701981584055)"
"2022-06-01T00:00:00.000","Assault","Mission","2","POINT (-122.42047882080078 37.7650032043457)"
"2018-08-01T00:00:00.000","Recovered Vehicle","Bernal Heights","1","POINT (-122.4145456212553 37.740346877563546)"
"2022-10-01T00:00:00.000","Burglary","Mission","1","POINT (-122.41190338134766 37.752628326416016)"
"2023-05-01T00:00:00.000","Non-Criminal","Golden Gate Park","1","POINT (-122.4690933227539 37.773258209228516)"
"2024-03-01T00:00:00.000","Larceny Theft","Pacific Heights","1","POINT (-122.43602752685547 37.7913818359375)"
"2019-11-01T00:00:00.000","Larceny Theft","Haight Ashbury","1","POINT (-122.4487679153858 37.77073088286521)"
"2019-03-01T00:00:00.000","Missing Person","Inner Sunset","1","POINT (-122.46404266357422 37.76226806640625)"
"2019-08-01T00:00:00.000","Larceny Theft","Financial District/South Beach","4","POINT (-122.40522117345618 37.78869399111178)"
"2023-10-01T00:00:00.000","Other Miscellaneous","Outer Richmond","1","POINT (-122.50989475109745 37.771396030943585)"
"2019-03-01T00:00:00.000","Other","South of Market","1","POINT (-122.40715789794922 37.77973937988281)"
"2023-04-01T00:00:00.000","Vandalism","Castro/Upper Market","1","POINT (-122.43658826795966 37.76900080136138)"
"2021-10-01T00:00:00.000","Larceny Theft","West of Twin Peaks","1","POINT (-122.46746079569033 37.74807303062934)"
"2022-04-01T00:00:00.000","Traffic Violation Arrest","Hayes Valley","1","POINT (-122.42419913844421 37.77433621513843)"
"2022-01-01T00:00:00.000","Larceny Theft","Potrero Hill","1","POINT (-122.3988265991211 37.752044677734375)"
"2018-09-01T00:00:00.000","Larceny Theft","Sunset/Parkside","1","POINT (-122.48410414693419 37.755777169291285)"
"2020-05-01T00:00:00.000","Burglary","Hayes Valley","1","POINT (-122.42570021089418 37.7736662286543)"
"2020-11-01T00:00:00.000","Fraud","Sunset/Parkside","2","POINT (-122.48814392089844 37.751853942871094)"
"2020-01-01T00:00:00.000","Burglary","Mission","2","POINT (-122.41689981979252 37.77172394571696)"
"2019-07-01T00:00:00.000","Assault","Golden Gate Park","1","POINT (-122.45908994642353 37.77324289689396)"
"2019-01-01T00:00:00.000","Larceny Theft","Noe Valley","1","POINT (-122.44294948137626 37.74514621138546)"
"2023-10-01T00:00:00.000","Larceny Theft","Russian Hill","1","POINT (-122.42195892333984 37.796897888183594)"
"2023-01-01T00:00:00.000","Missing Person","Tenderloin","1","POINT (-122.41296966814406 37.78578958358186)"
"2020-12-01T00:00:00.000","Disorderly Conduct","Bayview Hunters Point","1","POINT (-122.3935701576956 37.7269798312908)"
"2023-04-01T00:00:00.000","Malicious Mischief","Bayview Hunters Point","1","POINT (-122.38775628177875 37.7528356110411)"
"2023-08-01T00:00:00.000","Larceny Theft","Marina","8","POINT (-122.44660957715965 37.801787342426636)"
"2024-10-01T00:00:00.000","Larceny Theft","Hayes Valley","3","POINT (-122.42298126220703 37.77688217163086)"
"2022-10-01T00:00:00.000","Suspicious Occ","Tenderloin","1","POINT (-122.41076482950653 37.78321431177312)"
"2021-06-01T00:00:00.000","Larceny Theft","Hayes Valley","1","POINT (-122.42899005279499 37.77324779963808)"
"2024-08-01T00:00:00.000","Disorderly Conduct","Bayview Hunters Point","1","POINT (-122.38606262207031 37.745758056640625)"
"2018-07-01T00:00:00.000","Burglary","Tenderloin","1","POINT (-122.41259527758581 37.7839325760642)"
"2018-08-01T00:00:00.000","Non-Criminal","Seacliff","1","POINT (-122.49056108974511 37.786282891975006)"
"2022-05-01T00:00:00.000","Malicious Mischief","South of Market","1","POINT (-122.40992265087567 37.777553408928654)"
"2023-11-01T00:00:00.000","Other Miscellaneous","Mission","5","POINT (-122.4190175437401 37.75220444116967)"
"2024-03-01T00:00:00.000","Fraud","Bernal Heights","1","POINT (-122.42578887939453 37.73427963256836)"
"2021-11-01T00:00:00.000","Warrant","Nob Hill","1","POINT (-122.41682434082031 37.788177490234375)"
"2019-12-01T00:00:00.000","Motor Vehicle Theft","McLaren Park","1","POINT (-122.42485046386719 37.72205352783203)"
"2020-08-01T00:00:00.000","Arson","Mission","1","POINT (-122.41873168945312 37.76673889160156)"
"2024-08-01T00:00:00.000","Assault","Tenderloin","3","POINT (-122.40987396240234 37.787147521972656)"
"2021-12-01T00:00:00.000","Larceny Theft","Marina","1","POINT (-122.42472839355469 37.80228042602539)"
"2024-01-01T00:00:00.000","Assault","Tenderloin","2","POINT (-122.41474151611328 37.77872085571289)"
"2023-03-01T00:00:00.000","Larceny Theft","Bernal Heights","1","POINT (-122.41809844970703 37.73711013793945)"
"2022-09-01T00:00:00.000","Larceny Theft","Hayes Valley","2","POINT (-122.43264770507812 37.77469253540039)"
"2018-12-01T00:00:00.000","Motor Vehicle Theft","Hayes Valley","1","POINT (-122.42678076677441 37.7706601742933)"
"2023-09-01T00:00:00.000","Recovered Vehicle","Haight Ashbury","1","POINT (-122.43505096435547 37.7698974609375)"
"2023-10-01T00:00:00.000","Vandalism","Sunset/Parkside","1","POINT (-122.48426055908203 37.742671966552734)"
"2018-07-01T00:00:00.000","Larceny Theft","Visitacion Valley","1","POINT (-122.40705871582031 37.713226318359375)"
"2023-03-01T00:00:00.000","Burglary","Inner Sunset","2","POINT (-122.47174835205078 37.748836517333984)"
"2019-02-01T00:00:00.000","Malicious Mischief","Tenderloin","1","POINT (-122.41645050048828 37.786312103271484)"
"2019-03-01T00:00:00.000","Larceny Theft","West of Twin Peaks","2","POINT (-122.47320302474152 37.73166927279317)"
"2019-03-01T00:00:00.000","Offences Against The Family And Children","Russian Hill","2","POINT (-122.41722869873047 37.80516815185547)"
"2021-09-01T00:00:00.000","Burglary","Mission Bay","1","POINT (-122.39943313209075 37.77357345477833)"
"2018-04-01T00:00:00.000","Warrant","Mission","1","POINT (-122.42410278320312 37.7647819519043)"
"2023-12-01T00:00:00.000","Weapons Carrying Etc","Mission","1","POINT (-122.42166247826907 37.76257883049033)"
"2021-11-01T00:00:00.000","Larceny Theft","Bayview Hunters Point","1","POINT (-122.39110565185547 37.72747802734375)"
"2024-09-01T00:00:00.000","Burglary","Bayview Hunters Point","1","POINT (-122.39149475097656 37.723915100097656)"
"2018-01-01T00:00:00.000","Warrant","Tenderloin","1","POINT (-122.41752877437465 37.78331088878137)"
"2021-09-01T00:00:00.000","Malicious Mischief","Outer Mission","1","POINT (-122.44474029541016 37.712623596191406)"
"2020-04-01T00:00:00.000","Motor Vehicle Theft","Excelsior","1","POINT (-122.43195343017578 37.716976165771484)"
"2018-11-01T00:00:00.000","Warrant","Mission Bay","1","POINT (-122.39403506751226 37.776332975565595)"
"2024-07-01T00:00:00.000","Larceny Theft","Castro/Upper Market","1","POINT (-122.43072509765625 37.762752532958984)"
"2022-04-01T00:00:00.000","Robbery","Bayview Hunters Point","1","POINT (-122.38862907332829 37.7515021630662)"
"2019-08-01T00:00:00.000","Burglary","Lakeshore","1","POINT (-122.4790267944336 37.72014617919922)"
"2022-07-01T00:00:00.000","Assault","South of Market","1","POINT (-122.4058310124795 37.78574398866823)"
"2020-04-01T00:00:00.000","Sex Offense","Nob Hill","1","POINT (-122.41865587356023 37.78890961112855)"
"2024-06-01T00:00:00.000","Fraud","Bayview Hunters Point","1","POINT (-122.39164733886719 37.73628616333008)"
"2024-03-01T00:00:00.000","Larceny Theft","Nob Hill","1","POINT (-122.42156219482422 37.787086486816406)"
"2024-08-01T00:00:00.000","Missing Person","Lone Mountain/USF","1","POINT (-122.44256591796875 37.7734260559082)"
"2019-07-01T00:00:00.000","Non-Criminal","Bayview Hunters Point","1","POINT (-122.38680010758642 37.72598566549406)"
"2019-08-01T00:00:00.000","Disorderly Conduct","South of Market","1","POINT (-122.40827158967764 37.778860686349766)"
"2020-10-01T00:00:00.000","Motor Vehicle Theft","Sunset/Parkside","1","POINT (-122.50833136915503 37.76407601862201)"
"2019-01-01T00:00:00.000","Lost Property","Financial District/South Beach","1","POINT (-122.3989771693379 37.78620949142024)"
"2020-09-01T00:00:00.000","Burglary","Financial District/South Beach","1","POINT (-122.40504139998343 37.787765494696465)"
"2021-08-01T00:00:00.000","Offences Against The Family And Children","Western Addition","1","POINT (-122.43270618085734 37.78329259065825)"
"2020-01-01T00:00:00.000","Larceny Theft","Lone Mountain/USF","1","POINT (-122.44149017333984 37.77643585205078)"
"2022-12-01T00:00:00.000","Burglary","Mission","1","POINT (-122.40775299072266 37.75770568847656)"
"2020-06-01T00:00:00.000","Burglary","Sunset/Parkside","1","POINT (-122.48209051302068 37.7577310149976)"
"2021-09-01T00:00:00.000","Assault","South of Market","1","POINT (-122.39584350585938 37.78132247924805)"
"2018-02-01T00:00:00.000","Larceny Theft","Outer Richmond","1","POINT (-122.48594665527344 37.78197479248047)"
"2021-04-01T00:00:00.000","Larceny Theft","West of Twin Peaks","1","POINT (-122.46668243408203 37.727237701416016)"
"2018-01-01T00:00:00.000","Suspicious Occ","Financial District/South Beach","1","POINT (-122.39650448774395 37.79309708139333)"
"2019-04-01T00:00:00.000","Larceny Theft","Russian Hill","1","POINT (-122.42271423339844 37.80062484741211)"
"2023-02-01T00:00:00.000","Missing Person","Western Addition","1","POINT (-122.42359407328958 37.78827973195545)"
"2022-12-01T00:00:00.000","Warrant","Oceanview/Merced/Ingleside","1","POINT (-122.45902252197266 37.713172912597656)"
"2019-10-01T00:00:00.000","Assault","Mission","1","POINT (-122.42262268066406 37.77250289916992)"
"2023-03-01T00:00:00.000","Fraud","Lakeshore","1","POINT (-122.47592653370485 37.731103552240334)"
"2021-05-01T00:00:00.000","Other Miscellaneous","Bayview Hunters Point","1","POINT (-122.39651523718821 37.73715618359288)"
"2020-09-01T00:00:00.000","Warrant","Financial District/South Beach","1","POINT (-122.40382800047023 37.79271713088081)"
"2019-04-01T00:00:00.000","Sex Offense",,"1",
"2018-04-01T00:00:00.000","Assault","South of Market","1","POINT (-122.41537475585938 37.774845123291016)"
"2024-04-01T00:00:00.000","Malicious Mischief","Oceanview/Merced/Ingleside","1","POINT (-122.45819091796875 37.723655700683594)"
"2020-06-01T00:00:00.000","Larceny Theft","Hayes Valley","2","POINT (-122.42917834465946 37.774181421508935)"
"2022-10-01T00:00:00.000","Recovered Vehicle","South of Market","1","POINT (-122.40663146972656 37.77931594848633)"
"2018-11-01T00:00:00.000","Larceny Theft","Lone Mountain/USF","1","POINT (-122.4538803100586 37.78023910522461)"
"2023-07-01T00:00:00.000","Non-Criminal","South of Market","3","POINT (-122.41251373291016 37.780479431152344)"
"2021-11-01T00:00:00.000","Other","Tenderloin","1","POINT (-122.40930938720703 37.78434753417969)"
"2019-02-01T00:00:00.000","Other Miscellaneous","Mission","1","POINT (-122.41656664194113 37.7555682772331)"
"2021-10-01T00:00:00.000","Other Miscellaneous","Marina","1","POINT (-122.44246673583984 37.79811096191406)"
"2020-06-01T00:00:00.000","Motor Vehicle Theft","Excelsior","1","POINT (-122.44025513581519 37.716038818883085)"
"2018-06-01T00:00:00.000","Larceny Theft","Noe Valley","1","POINT (-122.42647785315032 37.753359551834194)"
"2019-03-01T00:00:00.000","Larceny Theft","Financial District/South Beach","4","POINT (-122.4027099609375 37.783260345458984)"
"2020-07-01T00:00:00.000","Other Miscellaneous","Bayview Hunters Point","2","POINT (-122.38867281318191 37.72704414579369)"
"2018-03-01T00:00:00.000","Larceny Theft","South of Market","1","POINT (-122.41537161014031 37.77484408415591)"
"2022-04-01T00:00:00.000","Disorderly Conduct","Bernal Heights","1","POINT (-122.4247055053711 37.73537063598633)"
"2024-08-01T00:00:00.000","Warrant","Mission","1","POINT (-122.4066390991211 37.756168365478516)"
"2023-10-01T00:00:00.000","Warrant","Mission","1","POINT (-122.41374961166352 37.77034734336754)"
"2019-10-01T00:00:00.000","Disorderly Conduct","Marina","1","POINT (-122.4378890991211 37.80060958862305)"
"2020-12-01T00:00:00.000","Suspicious Occ","Mission","1","POINT (-122.40912991017443 37.752795583046776)"
"2021-12-01T00:00:00.000","Assault","Tenderloin","1","POINT (-122.41468313321063 37.78175909075511)"
"2023-12-01T00:00:00.000","Fire Report","Haight Ashbury","1","POINT (-122.45186614990234 37.769378662109375)"
"2019-12-01T00:00:00.000","Burglary","Inner Richmond","1","POINT (-122.46776426570214 37.78466862758497)"
"2018-11-01T00:00:00.000","Larceny Theft","Bayview Hunters Point","1","POINT (-122.40001669060051 37.713584039243315)"
"2022-10-01T00:00:00.000","Malicious Mischief","South of Market","1","POINT (-122.40663146972656 37.77931594848633)"
"2023-03-01T00:00:00.000","Motor Vehicle Theft","Hayes Valley","1","POINT (-122.42962646484375 37.776512145996094)"
"2022-12-01T00:00:00.000","Non-Criminal","Tenderloin","1","POINT (-122.41423797607422 37.783721923828125)"
"2018-05-01T00:00:00.000","Warrant","Nob Hill","1","POINT (-122.41921997070312 37.79170227050781)"
"2023-10-01T00:00:00.000","Other Miscellaneous","Tenderloin","1","POINT (-122.42025546027398 37.780576217006235)"
"2023-12-01T00:00:00.000","Non-Criminal","Sunset/Parkside","1","POINT (-122.49241746012197 37.751662023831486)"
"2023-05-01T00:00:00.000","Larceny Theft","Western Addition","2","POINT (-122.4329142491479 37.78435505539235)"
"2018-11-01T00:00:00.000","Other Miscellaneous","Tenderloin","2","POINT (-122.41468048095703 37.78175735473633)"
"2023-08-01T00:00:00.000","Non-Criminal","Financial District/South Beach","1","POINT (-122.3954086303711 37.79668426513672)"
"2020-01-01T00:00:00.000","Non-Criminal","Outer Mission","1","POINT (-122.43661904332365 37.725421025030805)"
"2023-10-01T00:00:00.000","Larceny Theft","South of Market","1","POINT (-122.40443420410156 37.779441833496094)"
"2023-05-01T00:00:00.000","Assault","Tenderloin","1","POINT (-122.41481018066406 37.78651809692383)"
"2021-06-01T00:00:00.000","Larceny Theft","Mission","1","POINT (-122.41289876473941 37.76287322537526)"
"2020-03-01T00:00:00.000","Motor Vehicle Theft","Sunset/Parkside","1","POINT (-122.49510955810547 37.74406814575195)"
"2019-10-01T00:00:00.000","Warrant","Pacific Heights","1","POINT (-122.4239730834961 37.7901611328125)"
"2019-06-01T00:00:00.000","Miscellaneous Investigation","Excelsior","1","POINT (-122.4410171508789 37.716461181640625)"
"2019-08-01T00:00:00.000","Larceny Theft","Tenderloin","1","POINT (-122.41790008544922 37.7851676940918)"
"2021-04-01T00:00:00.000","Fraud","Bernal Heights","1","POINT (-122.41663360595703 37.737037658691406)"
"2025-03-01T00:00:00.000","Burglary","Nob Hill","2","POINT (-122.4188461303711 37.78982925415039)"
"2018-12-01T00:00:00.000","Assault","Haight Ashbury","1","POINT (-122.4507064819336 37.769527435302734)"
"2021-02-01T00:00:00.000","Burglary","Presidio Heights","1","POINT (-122.44520568847656 37.78647994995117)"
"2022-08-01T00:00:00.000","Motor Vehicle Theft","Russian Hill","1","POINT (-122.41886138916016 37.79826354980469)"
"2021-02-01T00:00:00.000","Larceny Theft","Financial District/South Beach","2","POINT (-122.39031982421875 37.78813552856445)"
"2019-03-01T00:00:00.000","Fraud","Russian Hill","1","POINT (-122.41793823242188 37.79368209838867)"
"2019-10-01T00:00:00.000","Motor Vehicle Theft","Financial District/South Beach","1","POINT (-122.3900146484375 37.790828704833984)"
"2021-05-01T00:00:00.000","Larceny Theft","Western Addition","1","POINT (-122.43892675625831 37.78058848569914)"
"2025-04-01T00:00:00.000","Vandalism","Castro/Upper Market","1","POINT (-122.44223022460938 37.762699127197266)"
"2020-08-01T00:00:00.000","Other Miscellaneous","Twin Peaks","1","POINT (-122.44396872811936 37.75045896681682)"
"2018-07-01T00:00:00.000","Weapons Offense","Financial District/South Beach","1","POINT (-122.39515093292349 37.78923469828019)"
"2023-07-01T00:00:00.000","Assault","Tenderloin","1","POINT (-122.42025546027398 37.780576217006235)"
"2023-01-01T00:00:00.000","Warrant","Castro/Upper Market","1","POINT (-122.43279266357422 37.76102066040039)"
"2020-04-01T00:00:00.000","Larceny Theft","Inner Richmond","1","POINT (-122.45899963378906 37.78318786621094)"
"2021-11-01T00:00:00.000","Malicious Mischief","Hayes Valley","1","POINT (-122.43282972923807 37.77562608768549)"
"2021-07-01T00:00:00.000","Assault","Bernal Heights","1","POINT (-122.41822052001953 37.748165130615234)"
"2023-09-01T00:00:00.000","Robbery","Excelsior","2","POINT (-122.44025513581519 37.716038818883085)"
"2019-02-01T00:00:00.000","Recovered Vehicle","Bayview Hunters Point","1","POINT (-122.38571301129124 37.7366011278019)"
"2022-03-01T00:00:00.000","Recovered Vehicle","Castro/Upper Market","1","POINT (-122.4382653831555 37.76069231742406)"
"2024-06-01T00:00:00.000","Larceny Theft","Tenderloin","1","POINT (-122.41094970703125 37.784141540527344)"
"2019-04-01T00:00:00.000","Other Miscellaneous","Hayes Valley","1","POINT (-122.42532348632812 37.77179718017578)"
"2022-05-01T00:00:00.000","Malicious Mischief","South of Market","1","POINT (-122.4087086749172 37.780971182329765)"
"2021-05-01T00:00:00.000","Other Miscellaneous","South of Market","1","POINT (-122.41439056396484 37.772159576416016)"
"2019-02-01T00:00:00.000","Disorderly Conduct","Nob Hill","1","POINT (-122.41207586899405 37.78973990611221)"
"2018-05-01T00:00:00.000","Fraud","Haight Ashbury","1","POINT (-122.4392542935477 37.77002492908739)"
"2022-09-01T00:00:00.000","Larceny Theft","South of Market","1","POINT (-122.40784454345703 37.7767448425293)"
"2021-05-01T00:00:00.000","Other Miscellaneous","Financial District/South Beach","2","POINT (-122.4065933227539 37.787567138671875)"
"2023-05-01T00:00:00.000","Recovered Vehicle","South of Market","1","POINT (-122.4061508178711 37.77808380126953)"
"2024-07-01T00:00:00.000","Larceny Theft","Financial District/South Beach","2","POINT (-122.4012222290039 37.79354476928711)"
"2020-08-01T00:00:00.000","Other Miscellaneous","South of Market","1","POINT (-122.40392088280285 37.780699048573226)"
"2020-06-01T00:00:00.000","Suspicious Occ","Presidio Heights","1","POINT (-122.45552398646495 37.78143113923776)"
"2023-10-01T00:00:00.000","Larceny Theft","Mission","1","POINT (-122.42219917520208 37.7681396823622)"
"2021-11-01T00:00:00.000","Other Miscellaneous","Mission","1","POINT (-122.41142272949219 37.757484436035156)"
"2022-11-01T00:00:00.000","Malicious Mischief","Mission","1","POINT (-122.42262268066406 37.77250289916992)"
"2022-01-01T00:00:00.000","Larceny Theft","Lone Mountain/USF","1","POINT (-122.44703980729015 37.77862230664462)"
"2021-02-01T00:00:00.000","Other","Tenderloin","1","POINT (-122.41259527758581 37.7839325760642)"
"2020-12-01T00:00:00.000","Burglary","Mission Bay","1","POINT (-122.3900250407223 37.77630014439043)"
"2020-05-01T00:00:00.000","Larceny Theft","West of Twin Peaks","1","POINT (-122.44202423095703 37.732357025146484)"
"2024-11-01T00:00:00.000","Other Miscellaneous","Mission","2","POINT (-122.41484069824219 37.760498046875)"
"2018-09-01T00:00:00.000","Vandalism","Mission","1","POINT (-122.4204330444336 37.76337432861328)"
"2022-07-01T00:00:00.000","Non-Criminal","Inner Richmond","1","POINT (-122.46829223632812 37.77703857421875)"
"2022-03-01T00:00:00.000","Larceny Theft","Tenderloin","3","POINT (-122.40987396240234 37.787147521972656)"
"2024-01-01T00:00:00.000","Larceny Theft","Tenderloin","2","POINT (-122.41963958740234 37.78543472290039)"
"2024-11-01T00:00:00.000","Malicious Mischief","Hayes Valley","1","POINT (-122.42170715332031 37.77895736694336)"
"2022-12-01T00:00:00.000","Larceny Theft","Mission","1","POINT (-122.4213638305664 37.7681884765625)"
"2024-05-01T00:00:00.000","Weapons Offense","Mission","1","POINT (-122.41561126708984 37.76853561401367)"
"2020-09-01T00:00:00.000","Robbery","Western Addition","1","POINT (-122.42236949505478 37.782219236755296)"
"2022-03-01T00:00:00.000","Non-Criminal","Inner Richmond","1","POINT (-122.46549239249343 37.78289098014997)"
"2018-05-01T00:00:00.000","Recovered Vehicle","Castro/Upper Market","1","POINT (-122.43013000488281 37.7572021484375)"
"2018-02-01T00:00:00.000","Larceny Theft","Mission","1","POINT (-122.42119386585362 37.75770141568826)"
"2023-07-01T00:00:00.000","Lost Property","Mission","1","POINT (-122.41561126708984 37.76853561401367)"
"2021-02-01T00:00:00.000","Larceny Theft","Castro/Upper Market","1","POINT (-122.42881774902344 37.76612854003906)"
"2024-09-01T00:00:00.000","Malicious Mischief","Marina","1","POINT (-122.43209075927734 37.805198669433594)"
"2022-10-01T00:00:00.000","Arson","Presidio Heights","1","POINT (-122.44298910619567 37.783897366524386)"
"2020-09-01T00:00:00.000","Burglary","Pacific Heights","1","POINT (-122.43291757676809 37.79267991359691)"
"2018-03-01T00:00:00.000","Burglary","South of Market","1","POINT (-122.41657257080078 37.77390670776367)"
"2021-08-01T00:00:00.000","Larceny Theft","Hayes Valley","2","POINT (-122.41950988769531 37.7763671875)"
"2021-11-01T00:00:00.000","Offences Against The Family And Children","Tenderloin","1","POINT (-122.41969356688878 37.7772998550869)"
"2020-04-01T00:00:00.000","Burglary","Lone Mountain/USF","1","POINT (-122.4458205129012 37.782488031626265)"
"2022-05-01T00:00:00.000","Recovered Vehicle","Mission","1","POINT (-122.41175842285156 37.76869201660156)"
"2019-07-01T00:00:00.000","Recovered Vehicle","Sunset/Parkside","1","POINT (-122.50328826904297 37.73809814453125)"
"2020-03-01T00:00:00.000","Other Miscellaneous","Tenderloin","1","POINT (-122.41714477539062 37.78144836425781)"
"2021-10-01T00:00:00.000","Malicious Mischief","Mission","2","POINT (-122.41339874267578 37.768672943115234)"
"2020-11-01T00:00:00.000","Larceny Theft","Castro/Upper Market","1","POINT (-122.43227951733411 37.76428896385761)"
"2023-03-01T00:00:00.000","Fraud","Pacific Heights","1","POINT (-122.44006120063662 37.78617958241323)"
"2023-10-01T00:00:00.000","Assault","Lakeshore","1","POINT (-122.47510528564453 37.72569274902344)"
"2021-09-01T00:00:00.000","Other Miscellaneous","Chinatown","1","POINT (-122.40843200683594 37.79670333862305)"
"2023-09-01T00:00:00.000","Non-Criminal","Bernal Heights","1","POINT (-122.41912078857422 37.74677658081055)"
"2018-11-01T00:00:00.000","Other Miscellaneous","Bernal Heights","4","POINT (-122.40670776367188 37.743350982666016)"
"2018-10-01T00:00:00.000","Burglary","Marina","1","POINT (-122.43460083007812 37.801025390625)"
"2022-03-01T00:00:00.000","Fraud","Marina","2","POINT (-122.42764282226562 37.79999542236328)"
"2020-12-01T00:00:00.000","Other Miscellaneous","Mission","1","POINT (-122.41874757531652 37.75543693568604)"
"2020-08-01T00:00:00.000","Fraud","Financial District/South Beach","1","POINT (-122.4069595336914 37.789432525634766)"
"2018-11-01T00:00:00.000","Malicious Mischief","Glen Park","1","POINT (-122.4358395774638 37.74015348041543)"
"2023-01-01T00:00:00.000","Robbery","South of Market","1","POINT (-122.41029357910156 37.782230377197266)"
"2020-09-01T00:00:00.000","Malicious Mischief","Outer Mission","1","POINT (-122.4393500745512 37.722733432012106)"
"2022-08-01T00:00:00.000","Assault","West of Twin Peaks","1","POINT (-122.47454732860476 37.72119692139814)"
"2020-02-01T00:00:00.000","Fraud","Pacific Heights","1","POINT (-122.43510576955943 37.7868105415523)"
"2024-05-01T00:00:00.000","Assault","Tenderloin","1","POINT (-122.41329193115234 37.787384033203125)"
"2019-12-01T00:00:00.000","Disorderly Conduct","Mission Bay","1","POINT (-122.39119934924325 37.77100919089478)"
"2020-10-01T00:00:00.000","Other Miscellaneous","Financial District/South Beach","1","POINT (-122.39318768414466 37.78096880274808)"
"2020-06-01T00:00:00.000","Other Miscellaneous","North Beach","1","POINT (-122.40602111816406 37.80083465576172)"
"2020-10-01T00:00:00.000","Assault","Financial District/South Beach","1","POINT (-122.40270815508224 37.78325923532804)"
"2018-07-01T00:00:00.000","Suspicious Occ","Financial District/South Beach","1","POINT (-122.4020657306611 37.78872115135928)"
"2018-05-01T00:00:00.000","Fraud","Tenderloin","2","POINT (-122.4175033569336 37.77654266357422)"
"2023-02-01T00:00:00.000","Robbery","Excelsior","2","POINT (-122.44036865234375 37.7152214050293)"
"2018-12-01T00:00:00.000","Missing Person","Bayview Hunters Point","5","POINT (-122.39717864990234 37.72990798950195)"
"2018-09-01T00:00:00.000","Malicious Mischief","Bayview Hunters Point","1","POINT (-122.38903096825118 37.73953344721221)"
"2022-03-01T00:00:00.000","Larceny Theft","Bayview Hunters Point","1","POINT (-122.39083862304688 37.7111701965332)"
"2018-09-01T00:00:00.000","Larceny Theft","South of Market","6","POINT (-122.40725467595034 37.78211941829001)"
"2023-01-01T00:00:00.000","Non-Criminal","Outer Mission","1","POINT (-122.43716430664062 37.723480224609375)"
"2019-08-01T00:00:00.000","Recovered Vehicle","Mission","1","POINT (-122.41127014160156 37.75588607788086)"
"2018-05-01T00:00:00.000","Other Miscellaneous","South of Market","1","POINT (-122.40815734863281 37.78053665161133)"
"2023-05-01T00:00:00.000","Lost Property","Russian Hill","1","POINT (-122.42322714846914 37.794817354317516)"
"2018-01-01T00:00:00.000","Lost Property","Tenderloin","2","POINT (-122.41804316781624 37.77751171020645)"
"2021-02-01T00:00:00.000","Larceny Theft","Inner Richmond","1","POINT (-122.46361541748047 37.786720275878906)"
"2018-01-01T00:00:00.000","Assault","Financial District/South Beach","2","POINT (-122.40549819063149 37.79008053932494)"
"2021-04-01T00:00:00.000","Miscellaneous Investigation","Mission Bay","1","POINT (-122.39163208007812 37.77432632446289)"
"2020-07-01T00:00:00.000","Motor Vehicle Theft","Russian Hill","1","POINT (-122.4177986441874 37.80126734710793)"
"2020-11-01T00:00:00.000","Suspicious Occ","Bayview Hunters Point","1","POINT (-122.40218351932117 37.750580761479114)"
"2018-03-01T00:00:00.000","Other Miscellaneous","Marina","1","POINT (-122.43111529139097 37.80046921742964)"
"2018-06-01T00:00:00.000","Larceny Theft","Hayes Valley","2","POINT (-122.42664149985119 37.778328562984456)"
"2019-08-01T00:00:00.000","Other Miscellaneous","Mission","1","POINT (-122.41998151324081 37.768273652528386)"
"2018-02-01T00:00:00.000","Larceny Theft","Hayes Valley","1","POINT (-122.43448332106492 37.77541686019655)"
"2024-07-01T00:00:00.000","Larceny Theft","Glen Park","8","POINT (-122.43768310546875 37.74361038208008)"
"2018-01-01T00:00:00.000","Missing Person","Haight Ashbury","4","POINT (-122.44945526123047 37.76873016357422)"
"2019-09-01T00:00:00.000","Burglary","Mission","1","POINT (-122.4092788696289 37.763084411621094)"
"2020-01-01T00:00:00.000","Robbery","Tenderloin","1","POINT (-122.41405376568504 37.78279444506034)"
"2018-03-01T00:00:00.000","Courtesy Report","Financial District/South Beach","1","POINT (-122.40238040320415 37.790968609726725)"
"2022-10-01T00:00:00.000","Non-Criminal","Tenderloin","1","POINT (-122.4146172088293 37.785582473554015)"
"2019-06-01T00:00:00.000","Recovered Vehicle","Glen Park","1","POINT (-122.43283747258869 37.73402651491826)"
"2022-02-01T00:00:00.000","Assault","Outer Richmond","1","POINT (-122.50405883789062 37.77970504760742)"
"2021-06-01T00:00:00.000","Larceny Theft","Outer Richmond","1","POINT (-122.50601959228516 37.777191162109375)"
"2018-02-01T00:00:00.000","Weapons Offense","Mission","1","POINT (-122.41454007204756 37.76860219420493)"
"2019-07-01T00:00:00.000","Other Miscellaneous","Financial District/South Beach","1","POINT (-122.40348815917969 37.7879638671875)"
"2021-03-01T00:00:00.000","Burglary","Outer Richmond","1","POINT (-122.4876708984375 37.776153564453125)"
"2018-12-01T00:00:00.000","Robbery","Presidio Heights","1","POINT (-122.44279310120568 37.78288533553736)"
"2023-12-01T00:00:00.000","Assault","Outer Richmond","1","POINT (-122.47857883989529 37.78417398580619)"
"2020-09-01T00:00:00.000","Larceny Theft","South of Market","2","POINT (-122.40816079455212 37.7805353858225)"
"2018-01-01T00:00:00.000","Other Miscellaneous","Bayview Hunters Point","1","POINT (-122.39124298095703 37.73322296142578)"
"2023-07-01T00:00:00.000","Fraud","Golden Gate Park","1","POINT (-122.47832482231252 37.765399134886806)"
"2021-01-01T00:00:00.000","Burglary","South of Market","2","POINT (-122.40320508205973 37.773051100635065)"
"2019-10-01T00:00:00.000","Disorderly Conduct","Tenderloin","1","POINT (-122.41890131120944 37.78170478586898)"
"2021-06-01T00:00:00.000","Burglary","Inner Richmond","1","POINT (-122.46682739257812 37.78656768798828)"
"2021-10-01T00:00:00.000","Assault","Mission","2","POINT (-122.41048431396484 37.76560592651367)"
"2019-09-01T00:00:00.000","Assault","Mission","1","POINT (-122.42096409369465 37.75529478092247)"
"2019-11-01T00:00:00.000","Suspicious Occ","Haight Ashbury","1","POINT (-122.43685150146484 37.77034378051758)"
"2021-10-01T00:00:00.000","Fraud","Bayview Hunters Point","1","POINT (-122.38941955566406 37.72935485839844)"
"2023-02-01T00:00:00.000","Burglary","Nob Hill","1","POINT (-122.4085922241211 37.78922653198242)"
"2018-08-01T00:00:00.000","Larceny Theft","Seacliff","7","POINT (-122.49311828613281 37.78657913208008)"
"2025-02-01T00:00:00.000","Motor Vehicle Theft","Tenderloin","2","POINT (-122.41645050048828 37.786312103271484)"
"2018-09-01T00:00:00.000","Assault","West of Twin Peaks","1","POINT (-122.46966702354635 37.73850527238356)"
"2024-10-01T00:00:00.000","Burglary","West of Twin Peaks","2","POINT (-122.47059631347656 37.74886703491211)"
"2018-09-01T00:00:00.000","Disorderly Conduct","Financial District/South Beach","1","POINT (-122.4027099609375 37.783260345458984)"
"2019-10-01T00:00:00.000","Recovered Vehicle","Pacific Heights","1","POINT (-122.42598016109677 37.79175692085105)"
"2020-03-01T00:00:00.000","Lost Property","Tenderloin","1","POINT (-122.41259765625 37.783931732177734)"
"2024-12-01T00:00:00.000","Warrant","Mission","1","POINT (-122.41641235351562 37.75396728515625)"
"2025-02-01T00:00:00.000","Motor Vehicle Theft","Mission","2","POINT (-122.41096496582031 37.76042556762695)"
"2024-10-01T00:00:00.000","Offences Against The Family And Children","Mission","3","POINT (-122.41641235351562 37.75396728515625)"
"2019-07-01T00:00:00.000","Larceny Theft","South of Market","2","POINT (-122.4186585835447 37.775558160382)"
"2022-07-01T00:00:00.000","Other Miscellaneous","Tenderloin","2","POINT (-122.40803527832031 37.78641128540039)"
"2025-02-01T00:00:00.000","Other","Bayview Hunters Point","1","POINT (-122.38899230957031 37.71133804321289)"
"2019-11-01T00:00:00.000","Recovered Vehicle","Glen Park","1","POINT (-122.43387909431853 37.734507815109254)"
"2020-12-01T00:00:00.000","Burglary","Outer Richmond","1","POINT (-122.47383293196319 37.778652998206645)"
"2018-04-01T00:00:00.000","Motor Vehicle Theft","Financial District/South Beach","1","POINT (-122.39579010009766 37.7870979309082)"
"2018-10-01T00:00:00.000","Larceny Theft","North Beach","8","POINT (-122.41561889648438 37.80727767944336)"
"2022-06-01T00:00:00.000","Other Miscellaneous","Bernal Heights","1","POINT (-122.423583984375 37.73988342285156)"
"2024-06-01T00:00:00.000","Offences Against The Family And Children","Haight Ashbury","1","POINT (-122.45167541503906 37.7684440612793)"
"2019-05-01T00:00:00.000","Miscellaneous Investigation","Bayview Hunters Point","1","POINT (-122.3950424194336 37.74193572998047)"
"2023-04-01T00:00:00.000","Suspicious Occ","Outer Richmond","1","POINT (-122.48608870736115 37.78383347909978)"
"2022-07-01T00:00:00.000","Other Offenses","Presidio Heights","1","POINT (-122.4521264379879 37.78843749320549)"
"2020-03-01T00:00:00.000","Robbery","Excelsior","1","POINT (-122.42838994658086 37.73078874215092)"
"2023-01-01T00:00:00.000","Other Miscellaneous","Tenderloin","1","POINT (-122.41983032226562 37.78635787963867)"
"2018-05-01T00:00:00.000","Motor Vehicle Theft","Tenderloin","1","POINT (-122.41567389107375 37.78544962678892)"
"2021-12-01T00:00:00.000","Burglary","Financial District/South Beach","2","POINT (-122.3877944946289 37.7870979309082)"
"2018-07-01T00:00:00.000","Burglary","Hayes Valley","1","POINT (-122.42936586083005 37.7751111795051)"
"2019-06-01T00:00:00.000","Suspicious Occ","Bernal Heights","1","POINT (-122.42167663574219 37.742820739746094)"
"2020-10-01T00:00:00.000","Motor Vehicle Theft","Bayview Hunters Point","1","POINT (-122.39747873558031 37.718834357405456)"
"2020-03-01T00:00:00.000","Drug Offense","Western Addition","2","POINT (-122.43214039079034 37.78049625961115)"
"2020-04-01T00:00:00.000","Burglary","Noe Valley","1","POINT (-122.43339459855535 37.74411573971173)"
"2021-04-01T00:00:00.000","Larceny Theft","Financial District/South Beach","1","POINT (-122.40479506275997 37.784908299430455)"
"2022-07-01T00:00:00.000","Malicious Mischief","Tenderloin","1","POINT (-122.41499328613281 37.787452697753906)"
"2020-08-01T00:00:00.000","Missing Person","Mission Bay","1","POINT (-122.38729095458984 37.7730712890625)"
"2019-12-01T00:00:00.000","Non-Criminal","Hayes Valley","1","POINT (-122.42913055419922 37.76945495605469)"
"2019-12-01T00:00:00.000","Larceny Theft","Western Addition","1","POINT (-122.43061065673828 37.781646728515625)"
"2020-01-01T00:00:00.000","Non-Criminal","West of Twin Peaks","1","POINT (-122.4599720013409 37.74775231801064)"
"2019-02-01T00:00:00.000","Larceny Theft","Nob Hill","1","POINT (-122.41429901123047 37.79041290283203)"
"2020-10-01T00:00:00.000","Fraud","Mission","1","POINT (-122.42204381448558 37.76653957529556)"
"2021-02-01T00:00:00.000","Non-Criminal","Excelsior","1","POINT (-122.43748584242341 37.7123734197278)"
"2021-03-01T00:00:00.000","Larceny Theft","Portola","1","POINT (-122.41373296525057 37.73131448359516)"
"2022-12-01T00:00:00.000","Malicious Mischief","Inner Sunset","1","POINT (-122.4720075757696 37.75256981724977)"
"2021-07-01T00:00:00.000","Other Miscellaneous","Haight Ashbury","3","POINT (-122.4324670697681 37.773756988305436)"
"2018-02-01T00:00:00.000","Larceny Theft","Bayview Hunters Point","1","POINT (-122.39897045921349 37.7301646131596)"
"2022-10-01T00:00:00.000","Recovered Vehicle","Potrero Hill","1","POINT (-122.40425877441254 37.76211267084488)"
"2021-08-01T00:00:00.000","Larceny Theft","Noe Valley","1","POINT (-122.44008978568134 37.7463479908653)"
"2021-12-01T00:00:00.000","Other Miscellaneous","Marina","1","POINT (-122.44728687223575 37.805160088882324)"
"2023-04-01T00:00:00.000","Motor Vehicle Theft","Mission Bay","1","POINT (-122.3979721069336 37.77593994140625)"
"2018-03-01T00:00:00.000","Larceny Theft","Inner Sunset","1","POINT (-122.46605039020079 37.76031155777376)"
"2023-01-01T00:00:00.000","Drug Offense","Tenderloin","1","POINT (-122.41405376568504 37.78279444506034)"
"2024-03-01T00:00:00.000","Other Offenses","Bernal Heights","1","POINT (-122.41669464111328 37.7363166809082)"
"2022-07-01T00:00:00.000","Larceny Theft","South of Market","6","POINT (-122.40486145019531 37.78400802612305)"
"2023-06-01T00:00:00.000","Miscellaneous Investigation","Marina","1","POINT (-122.4401949295416 37.80396280155889)"
"2021-12-01T00:00:00.000","Malicious Mischief","Tenderloin","3","POINT (-122.41094970703125 37.784141540527344)"
"2018-06-01T00:00:00.000","Warrant","Western Addition","2","POINT (-122.42208862304688 37.78082275390625)"
"2023-09-01T00:00:00.000","Burglary","Mission","1","POINT (-122.41964545936246 37.77100577130384)"
"2021-03-01T00:00:00.000","Missing Person","Sunset/Parkside","1","POINT (-122.50592811171158 37.7604244265039)"
"2020-12-01T00:00:00.000","Larceny Theft","Bayview Hunters Point","1","POINT (-122.38775634765625 37.75283432006836)"
"2023-08-01T00:00:00.000","Larceny Theft","Tenderloin","1","POINT (-122.41918182373047 37.78310012817383)"
"2023-09-01T00:00:00.000","Lost Property","Mission","1","POINT (-122.4217300415039 37.76329803466797)"
"2023-10-01T00:00:00.000","Other Miscellaneous","Marina","1","POINT (-122.42453832626387 37.80130371865117)"
"2019-08-01T00:00:00.000","Other Miscellaneous","Tenderloin","1","POINT (-122.41645050048828 37.786312103271484)"
"2019-12-01T00:00:00.000","Motor Vehicle Theft","Noe Valley","1","POINT (-122.42460632324219 37.74624252319336)"
"2024-08-01T00:00:00.000","Offences Against The Family And Children","Mission","1","POINT (-122.41998291015625 37.768272399902344)"
"2023-04-01T00:00:00.000","Robbery","Tenderloin","3","POINT (-122.41588592529297 37.78351593017578)"
"2022-12-01T00:00:00.000","Robbery","Portola","1","POINT (-122.40755640619919 37.726599245111956)"
"2020-03-01T00:00:00.000","Malicious Mischief","Potrero Hill","1","POINT (-122.39651489257812 37.75231170654297)"
"2019-06-01T00:00:00.000","Larceny Theft","Tenderloin","3","POINT (-122.41969299316406 37.77729797363281)"
"2019-12-01T00:00:00.000","Warrant","Mission","1","POINT (-122.4168701171875 37.75876235961914)"
"2023-05-01T00:00:00.000","Larceny Theft","Hayes Valley","2","POINT (-122.42456501267134 37.77620139876534)"
"2018-08-01T00:00:00.000","Other Miscellaneous","Bayview Hunters Point","1","POINT (-122.39894210478361 37.73758867035962)"
"2023-01-01T00:00:00.000","Miscellaneous Investigation","North Beach","1","POINT (-122.40715026855469 37.79848861694336)"
"2024-01-01T00:00:00.000","Larceny Theft","Bernal Heights","1","POINT (-122.42308807373047 37.74064254760742)"
"2021-07-01T00:00:00.000","Offences Against The Family And Children","Lakeshore","3","POINT (-122.4832763671875 37.71624755859375)"
"2021-09-01T00:00:00.000","Recovered Vehicle","Bayview Hunters Point","1","POINT (-122.3914919152981 37.72391410367005)"
"2025-02-01T00:00:00.000","Lost Property","West of Twin Peaks","1","POINT (-122.44886779785156 37.731544494628906)"
"2020-02-01T00:00:00.000","Other Miscellaneous","Mission","1","POINT (-122.4180289209908 37.770876469287494)"
"2020-10-01T00:00:00.000","Drug Offense","Glen Park","1","POINT (-122.4388656616211 37.73714065551758)"
"2018-08-01T00:00:00.000","Larceny Theft","Mission","1","POINT (-122.42425537109375 37.76640701293945)"
"2021-07-01T00:00:00.000","Larceny Theft","Bayview Hunters Point","1","POINT (-122.3742173348257 37.73017667638445)"
"2021-01-01T00:00:00.000","Malicious Mischief","Marina","1","POINT (-122.43403625488281 37.7982292175293)"
"2021-05-01T00:00:00.000","Burglary","Hayes Valley","1","POINT (-122.43283081054688 37.77562713623047)"
"2020-01-01T00:00:00.000","Non-Criminal","North Beach","1","POINT (-122.417715898404 37.807978726080414)"
"2024-08-01T00:00:00.000","Other","Tenderloin","1","POINT (-122.41698455810547 37.78242111206055)"
"2020-08-01T00:00:00.000","Miscellaneous Investigation","Visitacion Valley","1","POINT (-122.42020416259766 37.71018600463867)"
"2019-10-01T00:00:00.000","Robbery","South of Market","1","POINT (-122.40895216005933 37.78328785199654)"
"2021-08-01T00:00:00.000","Malicious Mischief","South of Market","1","POINT (-122.40938568115234 37.777976989746094)"
"2024-06-01T00:00:00.000","Non-Criminal","Potrero Hill","1","POINT (-122.39601135253906 37.757476806640625)"
"2018-05-01T00:00:00.000","Fraud","Mission","2","POINT (-122.41905212402344 37.75863265991211)"
"2022-12-01T00:00:00.000","Assault","Sunset/Parkside","1","POINT (-122.50300598144531 37.74932861328125)"
"2021-07-01T00:00:00.000","Traffic Violation Arrest","Hayes Valley","1","POINT (-122.42375946044922 37.77295684814453)"
"2024-12-01T00:00:00.000","Recovered Vehicle","South of Market","1","POINT (-122.40728759765625 37.77630615234375)"
"2019-05-01T00:00:00.000","Other Offenses","Castro/Upper Market","1","POINT (-122.42745971679688 37.76877212524414)"
"2021-01-01T00:00:00.000","Burglary","Nob Hill","1","POINT (-122.41429655153992 37.79041474114696)"
"2020-06-01T00:00:00.000","Larceny Theft","Inner Richmond","1","POINT (-122.47205352783203 37.78447723388672)"
"2021-09-01T00:00:00.000","Malicious Mischief","Nob Hill","4","POINT (-122.42030688368688 37.788699045143865)"
"2023-02-01T00:00:00.000","Warrant","Portola","1","POINT (-122.40409970415111 37.7288349976921)"
"2019-04-01T00:00:00.000","Burglary","Inner Richmond","1","POINT (-122.46092987060547 37.77923583984375)"
"2022-12-01T00:00:00.000","Missing Person","Tenderloin","1","POINT (-122.41790141130261 37.785167213738916)"
"2023-12-01T00:00:00.000","Disorderly Conduct","Oceanview/Merced/Ingleside","1","POINT (-122.44927978515625 37.720149993896484)"
"2019-02-01T00:00:00.000","Disorderly Conduct","Tenderloin","2","POINT (-122.41113980219616 37.78507459557097)"
"2021-06-01T00:00:00.000","Warrant","West of Twin Peaks","1","POINT (-122.44886626631308 37.73154295855655)"
"2023-09-01T00:00:00.000","Missing Person","South of Market","1","POINT (-122.41040149389688 37.77878537156561)"
"2020-10-01T00:00:00.000","Larceny Theft","Outer Mission","1","POINT (-122.42769501675143 37.73355362728036)"
"2023-07-01T00:00:00.000","Other Miscellaneous","Western Addition","1","POINT (-122.4237289428711 37.78061294555664)"
"2023-11-01T00:00:00.000","Other Miscellaneous","Mission","1","POINT (-122.42520013272777 37.76634882800007)"
"2023-10-01T00:00:00.000","Assault","Russian Hill","1","POINT (-122.42327117919922 37.80341339111328)"
"2022-05-01T00:00:00.000","Lost Property","Lone Mountain/USF","1","POINT (-122.45065481360477 37.77816459790806)"
"2023-08-01T00:00:00.000","Larceny Theft","Hayes Valley","1","POINT (-122.42570021089418 37.7736662286543)"
"2020-02-01T00:00:00.000","Arson","Hayes Valley","1","POINT (-122.4261703491211 37.775997161865234)"
"2019-05-01T00:00:00.000","Missing Person","Outer Mission","1","POINT (-122.43680549380603 37.72716838925669)"
"2023-12-01T00:00:00.000","Suspicious Occ","Mission","1","POINT (-122.418135252796 37.749041286588366)"
"2019-07-01T00:00:00.000","Non-Criminal","Tenderloin","1","POINT (-122.4156723022461 37.78544998168945)"
"2018-07-01T00:00:00.000","Recovered Vehicle","Inner Richmond","1","POINT (-122.46244144530303 37.78526612430094)"
"2018-04-01T00:00:00.000","Recovered Vehicle","Bayview Hunters Point","2","POINT (-122.38343118497463 37.72973755204471)"
"2025-04-01T00:00:00.000","Larceny Theft","Portola","1","POINT (-122.40409851074219 37.72883605957031)"
"2018-02-01T00:00:00.000","Stolen Property","Mission","1","POINT (-122.41048431396484 37.76560592651367)"
"2019-07-01T00:00:00.000","Larceny Theft","Mission","1","POINT (-122.41075897216797 37.759132385253906)"
"2018-08-01T00:00:00.000","Larceny Theft","North Beach","1","POINT (-122.4117660522461 37.80489730834961)"
"2018-07-01T00:00:00.000","Miscellaneous Investigation","Excelsior","1","POINT (-122.43478393554688 37.72044372558594)"
"2022-11-01T00:00:00.000","Larceny Theft","Nob Hill","1","POINT (-122.41410730497438 37.7914164780501)"
"2024-09-01T00:00:00.000","Malicious Mischief","South of Market","3","POINT (-122.41471099853516 37.77622985839844)"
"2018-11-01T00:00:00.000","Lost Property","Outer Mission","1","POINT (-122.4344253540039 37.72517395019531)"
"2022-05-01T00:00:00.000","Larceny Theft","Hayes Valley","2","POINT (-122.42288208007812 37.77641677856445)"
"2023-05-01T00:00:00.000","Lost Property","South of Market","1","POINT (-122.3950649530402 37.78070055940229)"
"2020-09-01T00:00:00.000","Motor Vehicle Theft","Twin Peaks","1","POINT (-122.44354757820349 37.75179935533094)"
"2024-08-01T00:00:00.000","Malicious Mischief","Hayes Valley","1","POINT (-122.42115020751953 37.77615737915039)"
"2021-03-01T00:00:00.000","Weapons Offense","Bayview Hunters Point","1","POINT (-122.3749280815457 37.729659692795856)"
"2022-08-01T00:00:00.000","Burglary","Castro/Upper Market","1","POINT (-122.43088215407568 37.76437350953744)"
"2025-04-01T00:00:00.000","Malicious Mischief","Mission","1","POINT (-122.41802978515625 37.773475646972656)"
"2020-09-01T00:00:00.000","Malicious Mischief","Potrero Hill","1","POINT (-122.39859008789062 37.753684997558594)"
"2018-07-01T00:00:00.000","Offences Against The Family And Children","Visitacion Valley","2","POINT (-122.41828342203627 37.71234914596178)"
"2019-12-01T00:00:00.000","Other Miscellaneous","Chinatown","1","POINT (-122.40471058277436 37.79402137959589)"
"2022-05-01T00:00:00.000","Embezzlement","North Beach","1","POINT (-122.41726063240938 37.80707251301197)"
"2022-10-01T00:00:00.000","Offences Against The Family And Children","Bayview Hunters Point","1","POINT (-122.3906937736637 37.73479735810732)"
"2021-05-01T00:00:00.000","Larceny Theft","South of Market","5","POINT (-122.40699768066406 37.770050048828125)"
"2020-03-01T00:00:00.000","Robbery","Japantown","1","POINT (-122.42978259351794 37.78556384617361)"
"2022-06-01T00:00:00.000","Larceny Theft","Golden Gate Park","4","POINT (-122.46975708007812 37.76921081542969)"
"2020-08-01T00:00:00.000","Motor Vehicle Theft","Bernal Heights","1","POINT (-122.41741943359375 37.743221282958984)"
"2021-11-01T00:00:00.000","Burglary","Financial District/South Beach","1","POINT (-122.40142824690251 37.80045855856186)"
"2022-04-01T00:00:00.000","Lost Property","Tenderloin","2","POINT (-122.41259765625 37.783931732177734)"
"2019-06-01T00:00:00.000","Motor Vehicle Theft","Marina","1","POINT (-122.42966684643908 37.80165391431781)"
"2019-09-01T00:00:00.000","Larceny Theft","Bernal Heights","1","POINT (-122.41606140136719 37.73603820800781)"
"2021-05-01T00:00:00.000","Larceny Theft","Chinatown","1","POINT (-122.40987875494628 37.7984422945084)"
"2023-10-01T00:00:00.000","Other Miscellaneous","Financial District/South Beach","2","POINT (-122.40476989746094 37.79066848754883)"
"2021-03-01T00:00:00.000","Suspicious Occ","Bayview Hunters Point","1","POINT (-122.3776486254886 37.73306987628829)"
"2024-09-01T00:00:00.000","Larceny Theft","Bernal Heights","1","POINT (-122.40866088867188 37.74795150756836)"
"2020-01-01T00:00:00.000","Stolen Property","Presidio","1","POINT (-122.44827914652447 37.80472422408812)"
"2018-02-01T00:00:00.000","Stolen Property","Sunset/Parkside","1","POINT (-122.48559732196733 37.746354085117034)"
"2020-04-01T00:00:00.000","Burglary","South of Market","1","POINT (-122.41161011784295 37.773769345456756)"
"2020-07-01T00:00:00.000","Malicious Mischief","Visitacion Valley","1","POINT (-122.41876220703125 37.71193313598633)"
"2019-06-01T00:00:00.000","Larceny Theft","Castro/Upper Market","2","POINT (-122.4305735690657 37.76115547557552)"
"2021-03-01T00:00:00.000","Malicious Mischief","Mission","1","POINT (-122.41499861820773 37.76209916032053)"
"2018-04-01T00:00:00.000","Fraud","Russian Hill","1","POINT (-122.4197998046875 37.80292510986328)"
"2020-06-01T00:00:00.000","Larceny Theft","Hayes Valley","1","POINT (-122.43043391908799 37.77210825726729)"
"2019-06-01T00:00:00.000","Recovered Vehicle","Marina","1","POINT (-122.44042174577214 37.79646144154291)"
"2024-08-01T00:00:00.000","Burglary","Outer Mission","1","POINT (-122.43949890136719 37.718467712402344)"
"2021-07-01T00:00:00.000","Other Miscellaneous","Nob Hill","1","POINT (-122.41682715547994 37.78817788964108)"
"2019-01-01T00:00:00.000","Warrant","Russian Hill","1","POINT (-122.42140197753906 37.79414367675781)"
"2023-04-01T00:00:00.000","Assault","South of Market","1","POINT (-122.41315460205078 37.77745819091797)"
"2024-06-01T00:00:00.000","Vandalism","South of Market","1","POINT (-122.40267181396484 37.77347183227539)"
"2023-07-01T00:00:00.000","Assault","Outer Mission","1","POINT (-122.45912595939853 37.7096659407093)"
"2024-02-01T00:00:00.000",,"South of Market","1","POINT (-122.40460205078125 37.7776985168457)"
"2021-06-01T00:00:00.000","Drug Offense","Tenderloin","1","POINT (-122.4161376953125 37.780616760253906)"
"2019-07-01T00:00:00.000","Malicious Mischief","Haight Ashbury","1","POINT (-122.44383239746094 37.771358489990234)"
"2019-05-01T00:00:00.000","Larceny Theft","Haight Ashbury","1","POINT (-122.44857788085938 37.769798278808594)"
"2021-02-01T00:00:00.000","Malicious Mischief","Hayes Valley","1","POINT (-122.43448638916016 37.77541732788086)"
"2021-10-01T00:00:00.000","Missing Person","Bayview Hunters Point","1","POINT (-122.39221366181737 37.735660958471364)"
"2024-09-01T00:00:00.000","Missing Person","Mission","2","POINT (-122.41234588623047 37.75743103027344)"
"2024-08-01T00:00:00.000","Miscellaneous Investigation","West of Twin Peaks","1","POINT (-122.45310974121094 37.723243713378906)"
"2018-09-01T00:00:00.000","Other Miscellaneous","Oceanview/Merced/Ingleside","1","POINT (-122.44929574336275 37.72175241158197)"
"2019-11-01T00:00:00.000","Larceny Theft","Visitacion Valley","1","POINT (-122.40306854248047 37.71846389770508)"
"2018-05-01T00:00:00.000","Motor Vehicle Theft","Lone Mountain/USF","1","POINT (-122.44459533691406 37.77508544921875)"
"2018-11-01T00:00:00.000","Other Miscellaneous","Tenderloin","2","POINT (-122.41640107183976 37.777722750028566)"
"2024-12-01T00:00:00.000","Motor Vehicle Theft","Bayview Hunters Point","1","POINT (-122.39453125 37.724693298339844)"
"2021-12-01T00:00:00.000","Larceny Theft","Marina","6","POINT (-122.43933868408203 37.7994270324707)"
"2020-03-01T00:00:00.000","Larceny Theft","Inner Sunset","1","POINT (-122.46699260477362 37.75839763620526)"
"2020-02-01T00:00:00.000","Larceny Theft","Marina","2","POINT (-122.43055725097656 37.7977180480957)"
"2025-02-01T00:00:00.000","Drug Offense","South of Market","1","POINT (-122.41532135009766 37.77671813964844)"
"2022-12-01T00:00:00.000","Larceny Theft","Outer Mission","1","POINT (-122.4451278735352 37.720086703515015)"
"2021-03-01T00:00:00.000","Assault","Twin Peaks","1","POINT (-122.45106506347656 37.751251220703125)"
"2019-07-01T00:00:00.000","Larceny Theft","Russian Hill","1","POINT (-122.41605377197266 37.80435562133789)"
"2023-11-01T00:00:00.000","Malicious Mischief","Bayview Hunters Point","1","POINT (-122.39613647414771 37.71703792904945)"
"2018-02-01T00:00:00.000","Non-Criminal","Portola","1","POINT (-122.40707296847218 37.73071772381683)"
"2024-08-01T00:00:00.000","Drug Offense","Pacific Heights","1","POINT (-122.43291473388672 37.79267883300781)"
"2023-11-01T00:00:00.000","Motor Vehicle Theft","Oceanview/Merced/Ingleside","1","POINT (-122.46929168701172 37.710594177246094)"
"2019-04-01T00:00:00.000","Motor Vehicle Theft","Oceanview/Merced/Ingleside","1","POINT (-122.45410655339482 37.72185137014578)"
"2019-04-01T00:00:00.000","Other Miscellaneous","Western Addition","2","POINT (-122.43214039079034 37.78049625961115)"
"2020-10-01T00:00:00.000","Offences Against The Family And Children","Bayview Hunters Point","2","POINT (-122.38399374989274 37.72911170187253)"
"2021-06-01T00:00:00.000","Larceny Theft","Tenderloin","2","POINT (-122.41607173623363 37.784448840613585)"
"2023-07-01T00:00:00.000","Recovered Vehicle","Outer Richmond","1","POINT (-122.49237515789692 37.78167665394315)"
"2021-10-01T00:00:00.000","Larceny Theft","Mission","5","POINT (-122.41920471191406 37.76023483276367)"
"2019-04-01T00:00:00.000","Assault","Hayes Valley","1","POINT (-122.43101153953138 37.774902830394026)"
"2019-08-01T00:00:00.000","Burglary","Excelsior","1","POINT (-122.43746114104351 37.72116354747668)"
"2018-08-01T00:00:00.000","Civil Sidewalks","Castro/Upper Market","3","POINT (-122.4351879633321 37.76267070626061)"
"2024-07-01T00:00:00.000","Larceny Theft","Mission","1","POINT (-122.41651916503906 37.74913787841797)"
"2018-05-01T00:00:00.000","Missing Person","South of Market","1","POINT (-122.40816079455212 37.7805353858225)"
"2019-01-01T00:00:00.000","Missing Person","Outer Mission","1","POINT (-122.43112182617188 37.73318099975586)"
"2023-10-01T00:00:00.000","Warrant","South of Market","1","POINT (-122.40991973876953 37.77755355834961)"
"2020-03-01T00:00:00.000","Disorderly Conduct","Financial District/South Beach","1","POINT (-122.40257133181603 37.79189893804923)"
"2019-12-01T00:00:00.000","Offences Against The Family And Children","South of Market","1","POINT (-122.40928649902344 37.779659271240234)"
"2018-11-01T00:00:00.000","Larceny Theft","Mission","1","POINT (-122.42114296980318 37.752074434177075)"
"2021-03-01T00:00:00.000","Fraud","Lone Mountain/USF","2","POINT (-122.45773304499775 37.78131458534108)"
"2022-12-01T00:00:00.000","Malicious Mischief","Sunset/Parkside","1","POINT (-122.50300372590475 37.749329833910586)"
"2024-07-01T00:00:00.000","Burglary","Outer Mission","4","POINT (-122.43604278564453 37.723045349121094)"
"2024-09-01T00:00:00.000","Weapons Offense","Western Addition","1","POINT (-122.42866516113281 37.77998352050781)"
"2020-01-01T00:00:00.000","Larceny Theft","Castro/Upper Market","1","POINT (-122.42796960542549 37.75729223581638)"
"2022-03-01T00:00:00.000","Weapons Offense","Nob Hill","1","POINT (-122.40859504581255 37.78922561367261)"
"2019-05-01T00:00:00.000","Larceny Theft","Castro/Upper Market","2","POINT (-122.43611410956652 37.76082399395527)"
"2023-01-01T00:00:00.000","Suspicious Occ","Tenderloin","2","POINT (-122.41296966814406 37.78578958358186)"
"2024-06-01T00:00:00.000","Traffic Violation Arrest","Financial District/South Beach","1","POINT (-122.4069595336914 37.789432525634766)"
"2023-09-01T00:00:00.000","Disorderly Conduct","South of Market","2","POINT (-122.40363311767578 37.77516174316406)"
"2020-07-01T00:00:00.000","Larceny Theft","Haight Ashbury","1","POINT (-122.44510598345659 37.76928422785097)"
"2018-03-01T00:00:00.000","Assault","Marina","1","POINT (-122.43276049037412 37.80026011292863)"
"2022-03-01T00:00:00.000","Traffic Violation Arrest","Potrero Hill","1","POINT (-122.39312262975965 37.757650784191725)"
"2019-09-01T00:00:00.000","Larceny Theft","Glen Park","1","POINT (-122.43768292630257 37.743608582140304)"
"2022-09-01T00:00:00.000","Motor Vehicle Theft","Treasure Island","1","POINT (-122.37490844726562 37.82317352294922)"
"2023-06-01T00:00:00.000",,"Bayview Hunters Point","1","POINT (-122.3907470703125 37.72159957885742)"
"2018-06-01T00:00:00.000","Robbery","Potrero Hill","2","POINT (-122.39749145507812 37.75225067138672)"
"2024-05-01T00:00:00.000","Other Offenses","Castro/Upper Market","1","POINT (-122.44441223144531 37.76398849487305)"
"2019-09-01T00:00:00.000","Larceny Theft","Chinatown","2","POINT (-122.40487561154785 37.794859532228344)"
"2020-06-01T00:00:00.000","Other Miscellaneous","Golden Gate Park","1","POINT (-122.46721649169922 37.771663665771484)"
"2023-08-01T00:00:00.000","Miscellaneous Investigation","Outer Richmond","1","POINT (-122.49036407470703 37.78364181518555)"
"2023-02-01T00:00:00.000","Robbery","Bernal Heights","1","POINT (-122.4202237586656 37.73505812716872)"
"2019-09-01T00:00:00.000","Larceny Theft","Visitacion Valley","1","POINT (-122.40792846679688 37.711448669433594)"
"2022-04-01T00:00:00.000","Larceny Theft","Financial District/South Beach","1","POINT (-122.4082260131836 37.78736114501953)"
"2024-04-01T00:00:00.000","Larceny Theft","Financial District/South Beach","1","POINT (-122.39360046386719 37.78799819946289)"
"2024-07-01T00:00:00.000","Malicious Mischief","South of Market","1","POINT (-122.40169525146484 37.78245162963867)"
"2020-11-01T00:00:00.000","Larceny Theft","Sunset/Parkside","1","POINT (-122.47663116455078 37.74113845825195)"
"2021-10-01T00:00:00.000","Burglary","Inner Sunset","1","POINT (-122.46901363549412 37.750797479129005)"
"2023-09-01T00:00:00.000","Drug Offense","Tenderloin","2","POINT (-122.41625970692009 37.78537597388642)"
"2018-07-01T00:00:00.000","Recovered Vehicle",,"93",
"2022-12-01T00:00:00.000","Burglary","Bernal Heights","1","POINT (-122.41617187986607 37.7348557150529)"
"2022-04-01T00:00:00.000","Assault","Western Addition","2","POINT (-122.4242935180664 37.78340148925781)"
"2020-01-01T00:00:00.000","Warrant","Tenderloin","1","POINT (-122.42081451416016 37.782894134521484)"
"2021-03-01T00:00:00.000","Non-Criminal","Russian Hill","1","POINT (-122.42200682265661 37.80549664761133)"
"2020-04-01T00:00:00.000","Burglary","Presidio Heights","1","POINT (-122.44697570800781 37.788185119628906)"
"2020-06-01T00:00:00.000","Non-Criminal","Japantown","1","POINT (-122.4347299934904 37.784944005025956)"
"2022-10-01T00:00:00.000","Recovered Vehicle","Sunset/Parkside","1","POINT (-122.4781908269142 37.76351475721804)"
"2024-02-01T00:00:00.000","Robbery","Sunset/Parkside","1","POINT (-122.5093994140625 37.764034271240234)"
"2021-07-01T00:00:00.000","Non-Criminal","Financial District/South Beach","1","POINT (-122.39564546789741 37.78637893587979)"
"2019-11-01T00:00:00.000","Malicious Mischief","Golden Gate Park","1","POINT (-122.45948611950966 37.77416693305064)"
"2022-03-01T00:00:00.000","Burglary","Potrero Hill","1","POINT (-122.40352703550899 37.764722869461266)"
"2024-10-01T00:00:00.000","Fraud","Japantown","1","POINT (-122.43136596679688 37.78537368774414)"
"2023-04-01T00:00:00.000","Missing Person","Oceanview/Merced/Ingleside","2","POINT (-122.45906354733845 37.71660346139888)"
"2023-11-01T00:00:00.000","Larceny Theft","Nob Hill","1","POINT (-122.40786743164062 37.79027557373047)"
"2024-05-01T00:00:00.000","Warrant","Tenderloin","3","POINT (-122.41927337646484 37.7835693359375)"
"2020-10-01T00:00:00.000","Motor Vehicle Theft","Mission","1","POINT (-122.41651916503906 37.74913787841797)"
"2018-06-01T00:00:00.000","Motor Vehicle Theft","Bayview Hunters Point","1","POINT (-122.39364555583076 37.73085415535113)"
"2019-06-01T00:00:00.000","Other Offenses","West of Twin Peaks","1","POINT (-122.4531071989789 37.72324403566466)"
"2020-07-01T00:00:00.000","Burglary","Visitacion Valley","1","POINT (-122.40589505654077 37.715929513021045)"
"2018-04-01T00:00:00.000","Larceny Theft","Tenderloin","1","POINT (-122.41607173623363 37.784448840613585)"
"2025-03-01T00:00:00.000","Malicious Mischief","Hayes Valley","1","POINT (-122.43024444580078 37.76939392089844)"
"2021-11-01T00:00:00.000","Motor Vehicle Theft","North Beach","1","POINT (-122.40852355957031 37.805301666259766)"
"2020-07-01T00:00:00.000","Fraud","Mission Bay","4","POINT (-122.39403506751226 37.776332975565595)"
"2021-09-01T00:00:00.000","Traffic Collision","Bernal Heights","1","POINT (-122.41912078857422 37.74677658081055)"
"2022-08-01T00:00:00.000","Malicious Mischief","Outer Richmond","2","POINT (-122.50280662376083 37.77733614732225)"
"2018-03-01T00:00:00.000","Fraud","Castro/Upper Market","1","POINT (-122.43333435058594 37.76666259765625)"
"2021-02-01T00:00:00.000","Suspicious Occ","Tenderloin","1","POINT (-122.4093091807476 37.7843492684367)"
"2021-11-01T00:00:00.000","Larceny Theft","Lone Mountain/USF","1","POINT (-122.45281023793056 37.774995317459215)"
"2019-06-01T00:00:00.000","Other Miscellaneous","Financial District/South Beach","1","POINT (-122.40343080114775 37.787641847617515)"
"2023-06-01T00:00:00.000","Larceny Theft","South of Market","1","POINT (-122.40506744384766 37.77806854248047)"
"2021-01-01T00:00:00.000","Suspicious Occ","Bayview Hunters Point","1","POINT (-122.39002227783203 37.71929931640625)"
"2022-06-01T00:00:00.000","Larceny Theft","Financial District/South Beach","1","POINT (-122.39897155761719 37.79428482055664)"
"2018-11-01T00:00:00.000","Malicious Mischief","Potrero Hill","1","POINT (-122.39667535949232 37.754706578836675)"
"2023-06-01T00:00:00.000","Larceny Theft","Hayes Valley","2","POINT (-122.42269134521484 37.77548599243164)"
"2024-11-01T00:00:00.000","Other Miscellaneous","Bayview Hunters Point","1","POINT (-122.39149475097656 37.723915100097656)"
"2018-11-01T00:00:00.000","Robbery","Outer Mission","1","POINT (-122.4489517211914 37.71388626098633)"
"2024-01-01T00:00:00.000","Motor Vehicle Theft","Castro/Upper Market","1","POINT (-122.42835235595703 37.761287689208984)"
"2021-07-01T00:00:00.000","Non-Criminal","South of Market","1","POINT (-122.4159081801724 37.77527205930737)"
"2021-10-01T00:00:00.000","Larceny Theft","Treasure Island","1","POINT (-122.37268899921666 37.82911001620268)"
"2022-04-01T00:00:00.000","Miscellaneous Investigation","Tenderloin","1","POINT (-122.41474151611328 37.77872085571289)"
"2019-09-01T00:00:00.000","Fraud","Financial District/South Beach","1","POINT (-122.39085672212423 37.78441056823969)"
"2024-07-01T00:00:00.000","Offences Against The Family And Children","Bernal Heights","1","POINT (-122.42089080810547 37.74403762817383)"
"2021-06-01T00:00:00.000","Assault","Western Addition","1","POINT (-122.43060920034239 37.78164558340537)"
"2024-09-01T00:00:00.000","Warrant","Mission","1","POINT (-122.417724609375 37.750675201416016)"
"2019-05-01T00:00:00.000","Larceny Theft","Financial District/South Beach","1","POINT (-122.38779489071396 37.78709723841606)"
"2023-10-01T00:00:00.000","Motor Vehicle Theft","Outer Mission","1","POINT (-122.43701171875 37.7248420715332)"
"2019-08-01T00:00:00.000","Larceny Theft","Outer Richmond","1","POINT (-122.50989532470703 37.77139663696289)"
"2020-08-01T00:00:00.000","Larceny Theft","Sunset/Parkside","1","POINT (-122.48987579345703 37.74616622924805)"
"2018-08-01T00:00:00.000","Non-Criminal","Castro/Upper Market","1","POINT (-122.43580799050837 37.75762309602752)"
"2020-07-01T00:00:00.000","Missing Person","North Beach","1","POINT (-122.40769958496094 37.79966354370117)"
"2024-11-01T00:00:00.000","Malicious Mischief","Excelsior","1","POINT (-122.42989349365234 37.708866119384766)"
"2018-12-01T00:00:00.000","Burglary","Nob Hill","1","POINT (-122.41005693097291 37.78808218625765)"
"2018-11-01T00:00:00.000","Assault","Bayview Hunters Point","1","POINT (-122.37315791541374 37.72863853668951)"
"2021-10-01T00:00:00.000","Forgery And Counterfeiting","Sunset/Parkside","1","POINT (-122.4811782836914 37.74468231201172)"
"2024-07-01T00:00:00.000","Burglary","Financial District/South Beach","1","POINT (-122.40785217285156 37.785491943359375)"
"2023-06-01T00:00:00.000","Non-Criminal","Chinatown","2","POINT (-122.40987875494628 37.7984422945084)"
"2024-12-01T00:00:00.000","Malicious Mischief","West of Twin Peaks","1","POINT (-122.46456909179688 37.726131439208984)"
"2018-02-01T00:00:00.000","Larceny Theft","Financial District/South Beach","1","POINT (-122.3909683227539 37.790069580078125)"
"2022-10-01T00:00:00.000","Larceny Theft","South of Market","1","POINT (-122.40643633691012 37.77785653620884)"
"2020-05-01T00:00:00.000","Larceny Theft","Pacific Heights","1","POINT (-122.42451795190823 37.792841413380785)"
"2022-10-01T00:00:00.000","Larceny Theft","Japantown","1","POINT (-122.42666680815432 37.786924665750064)"
"2022-10-01T00:00:00.000","Larceny Theft","South of Market","9","POINT (-122.40806579589844 37.783992767333984)"
"2022-04-01T00:00:00.000","Other Miscellaneous","Western Addition","2","POINT (-122.43176322156377 37.77863203682374)"
"2021-12-01T00:00:00.000","Fraud","Mission","1","POINT (-122.41998291015625 37.768272399902344)"
"2020-01-01T00:00:00.000","Larceny Theft","Sunset/Parkside","1","POINT (-122.47754669189453 37.75419235229492)"
"2018-03-01T00:00:00.000","Other Miscellaneous","Mission","1","POINT (-122.41775512695312 37.769813537597656)"
"2019-12-01T00:00:00.000","Warrant","South of Market","4","POINT (-122.4131576926893 37.77745741894575)"
"2020-02-01T00:00:00.000","Larceny Theft","Potrero Hill","1","POINT (-122.39568328857422 37.76390838623047)"
"2018-01-01T00:00:00.000","Malicious Mischief","Noe Valley","1","POINT (-122.43400651874828 37.750494923779776)"
"2024-07-01T00:00:00.000","Lost Property","Japantown","1","POINT (-122.43948364257812 37.78330993652344)"
"2023-04-01T00:00:00.000","Non-Criminal","Sunset/Parkside","1","POINT (-122.47890479478312 37.742908636534644)"
"2019-07-01T00:00:00.000","Burglary","Financial District/South Beach","1","POINT (-122.40182495117188 37.78727340698242)"
"2021-08-01T00:00:00.000","Larceny Theft","Mission","1","POINT (-122.42025428037208 37.77435867382556)"
"2020-05-01T00:00:00.000","Recovered Vehicle","Potrero Hill","2","POINT (-122.3989388430369 37.75730094770081)"
"2022-07-01T00:00:00.000","Larceny Theft","Financial District/South Beach","1","POINT (-122.40565433889059 37.792486577710505)"
"2025-03-01T00:00:00.000","Assault","Lakeshore","1","POINT (-122.47525024414062 37.71741485595703)"
"2019-07-01T00:00:00.000","Weapons Carrying Etc","Bayview Hunters Point","2","POINT (-122.40583815976386 37.74239176061754)"
"2025-04-01T00:00:00.000","Warrant","Western Addition","1","POINT (-122.42340087890625 37.78733825683594)"
"2025-02-01T00:00:00.000","Disorderly Conduct","Mission","1","POINT (-122.40959167480469 37.75759506225586)"
"2020-10-01T00:00:00.000","Malicious Mischief","Financial District/South Beach","2","POINT (-122.4082260131836 37.78736114501953)"
"2022-11-01T00:00:00.000","Larceny Theft","Excelsior","1","POINT (-122.43868255615234 37.7100715637207)"
"2018-05-01T00:00:00.000","Non-Criminal","Sunset/Parkside","1","POINT (-122.47701263427734 37.76169967651367)"
"2022-09-01T00:00:00.000","Larceny Theft","Tenderloin","1","POINT (-122.41927343381671 37.78356778488696)"
"2021-04-01T00:00:00.000","Weapons Offense","Financial District/South Beach","1","POINT (-122.39164579873243 37.792005700560594)"
"2022-06-01T00:00:00.000","Larceny Theft","Nob Hill","1","POINT (-122.42195129394531 37.788490295410156)"
"2024-09-01T00:00:00.000","Motor Vehicle Theft","Mission","1","POINT (-122.41525268554688 37.764705657958984)"
"2024-02-01T00:00:00.000","Burglary","South of Market","1","POINT (-122.410400390625 37.778785705566406)"
"2023-02-01T00:00:00.000","Suspicious Occ","North Beach","1","POINT (-122.4095613095457 37.80230247629287)"
"2024-06-01T00:00:00.000","Assault","Tenderloin","4","POINT (-122.4186019897461 37.7802619934082)"
"2024-09-01T00:00:00.000","Non-Criminal","Sunset/Parkside","1","POINT (-122.50926971435547 37.762142181396484)"
"2018-09-01T00:00:00.000","Disorderly Conduct","Excelsior","1","POINT (-122.42573547363281 37.726707458496094)"
"2019-10-01T00:00:00.000","Disorderly Conduct","Potrero Hill","1","POINT (-122.39021008691539 37.7578258598883)"
"2024-09-01T00:00:00.000","Other Miscellaneous","Inner Sunset","1","POINT (-122.45555877685547 37.755279541015625)"
"2018-09-01T00:00:00.000","Larceny Theft","Financial District/South Beach","2","POINT (-122.40142824690251 37.80045855856186)"
"2024-01-01T00:00:00.000","Larceny Theft","Marina","2","POINT (-122.43751525878906 37.79874038696289)"
"2018-05-01T00:00:00.000","Suspicious Occ","Lone Mountain/USF","1","POINT (-122.44477844238281 37.77601623535156)"
"2020-06-01T00:00:00.000","Case Closure","South of Market","4","POINT (-122.40363311767578 37.77516174316406)"
"2020-05-01T00:00:00.000","Larceny Theft","Potrero Hill","1","POINT (-122.38756561279297 37.76055145263672)"
"2022-01-01T00:00:00.000","Larceny Theft","Outer Richmond","6","POINT (-122.51129492624534 37.77507596005672)"
"2022-06-01T00:00:00.000","Other Miscellaneous","Tenderloin","1","POINT (-122.41424157409635 37.78372378203807)"
"2018-08-01T00:00:00.000","Larceny Theft","Russian Hill","10","POINT (-122.41961669921875 37.80199432373047)"
"2019-03-01T00:00:00.000","Other Miscellaneous","Castro/Upper Market","1","POINT (-122.42804718017578 37.758087158203125)"
"2018-12-01T00:00:00.000","Warrant","Western Addition","1","POINT (-122.42382522763067 37.78107768298222)"
"2023-10-01T00:00:00.000","Motor Vehicle Theft","Lone Mountain/USF","1","POINT (-122.4458999633789 37.77299499511719)"
"2020-09-01T00:00:00.000","Larceny Theft","Golden Gate Park","2","POINT (-122.47328186035156 37.76705551147461)"
"2020-02-01T00:00:00.000","Missing Person","Excelsior","1","POINT (-122.43499916082575 37.71281313067706)"
"2022-07-01T00:00:00.000","Miscellaneous Investigation","Financial District/South Beach","1","POINT (-122.39359716503304 37.787996308614986)"
"2025-04-01T00:00:00.000","Traffic Violation Arrest","Bayview Hunters Point","1","POINT (-122.37955474853516 37.731109619140625)"
"2023-08-01T00:00:00.000","Warrant","South of Market","3","POINT (-122.41629170279316 37.77749384266056)"
"2024-03-01T00:00:00.000","Fraud","Mission","1","POINT (-122.40633392333984 37.75300216674805)"
"2019-08-01T00:00:00.000","Motor Vehicle Theft","Bayview Hunters Point","1","POINT (-122.38976287841797 37.74467086791992)"
"2023-01-01T00:00:00.000","Malicious Mischief","Financial District/South Beach","1","POINT (-122.39766693115234 37.79923629760742)"
"2024-04-01T00:00:00.000","Robbery","Financial District/South Beach","1","POINT (-122.39695739746094 37.796348571777344)"
"2019-08-01T00:00:00.000","Larceny Theft",,"1","POINT (-122.46231079101562 37.70798873901367)"
"2024-04-01T00:00:00.000","Motor Vehicle Theft","Financial District/South Beach","2","POINT (-122.3883056640625 37.78179931640625)"
"2022-01-01T00:00:00.000","Missing Person","Bayview Hunters Point","1","POINT (-122.38922119140625 37.73585510253906)"
"2019-09-01T00:00:00.000","Larceny Theft","Western Addition","1","POINT (-122.43023323756815 37.77978279323558)"
"2019-09-01T00:00:00.000","Burglary","Mission","1","POINT (-122.4217300415039 37.76329803466797)"
"2024-03-01T00:00:00.000","Miscellaneous Investigation","Sunset/Parkside","1","POINT (-122.4896240234375 37.74243927001953)"
"2022-08-01T00:00:00.000","Assault","Tenderloin","1","POINT (-122.41169738769531 37.78117752075195)"
"2022-10-01T00:00:00.000","Motor Vehicle Theft","Noe Valley","1","POINT (-122.42973130316813 37.752362000689736)"
"2022-12-01T00:00:00.000","Drug Offense","Haight Ashbury","1","POINT (-122.43209230178827 37.77189726490146)"
"2018-03-01T00:00:00.000","Motor Vehicle Theft?","Mission","1","POINT (-122.41175842285156 37.76869201660156)"
"2019-03-01T00:00:00.000","Non-Criminal","Lone Mountain/USF","1","POINT (-122.45111846923828 37.781982421875)"
"2022-01-01T00:00:00.000","Larceny Theft","Inner Sunset","1","POINT (-122.46699523925781 37.75839614868164)"
"2021-06-01T00:00:00.000","Fraud","Mission","1","POINT (-122.42166247826907 37.76257883049033)"
"2025-02-01T00:00:00.000","Drug Offense","Tenderloin","5","POINT (-122.41606903076172 37.78445053100586)"
"2024-09-01T00:00:00.000","Recovered Vehicle","Mission","1","POINT (-122.42311096191406 37.76484298706055)"
"2020-04-01T00:00:00.000","Non-Criminal","Tenderloin","1","POINT (-122.41588253952085 37.78351564008561)"
"2019-06-01T00:00:00.000","Non-Criminal","Nob Hill","1","POINT (-122.41171264648438 37.79172134399414)"
"2024-07-01T00:00:00.000","Disorderly Conduct","South of Market","1","POINT (-122.4110107421875 37.77669143676758)"
"2024-02-01T00:00:00.000","Motor Vehicle Theft","Outer Mission","2","POINT (-122.44425201416016 37.72673797607422)"
"2022-01-01T00:00:00.000","Larceny Theft","Tenderloin","2","POINT (-122.41804316781624 37.77751171020645)"
"2022-06-01T00:00:00.000","Other Miscellaneous","Sunset/Parkside","1","POINT (-122.4981918334961 37.7420539855957)"
"2018-09-01T00:00:00.000","Suspicious Occ","Mission","1","POINT (-122.42520013272777 37.76634882800007)"
"2018-12-01T00:00:00.000","Motor Vehicle Theft","Mission","1","POINT (-122.40788269042969 37.74840545654297)"
"2022-08-01T00:00:00.000","Stolen Property","Financial District/South Beach","1","POINT (-122.40504455566406 37.78776550292969)"
"2023-12-01T00:00:00.000","Drug Offense","Tenderloin","4","POINT (-122.41550518013352 37.7816542606277)"
"2021-08-01T00:00:00.000","Assault","Bayview Hunters Point","1","POINT (-122.3905211016664 37.73754172390097)"
"2018-01-01T00:00:00.000","Larceny Theft","Mission","1","POINT (-122.41775512695312 37.769813537597656)"
"2018-04-01T00:00:00.000","Robbery","West of Twin Peaks","1","POINT (-122.47423553466797 37.72688674926758)"
"2021-09-01T00:00:00.000","Malicious Mischief","Nob Hill","1","POINT (-122.41464763270851 37.79410980578205)"
"2019-07-01T00:00:00.000","Drug Offense","Castro/Upper Market","1","POINT (-122.4283540660218 37.7612895722579)"
"2019-03-01T00:00:00.000","Motor Vehicle Theft","Bayview Hunters Point","1","POINT (-122.3918685913086 37.7203483581543)"
"2020-06-01T00:00:00.000","Larceny Theft","Nob Hill","1","POINT (-122.41228302245985 37.799095798589825)"
"2022-09-01T00:00:00.000","Larceny Theft","Mission","1","POINT (-122.42230830373133 37.76927768510462)"
"2019-08-01T00:00:00.000","Stolen Property","Outer Richmond","1","POINT (-122.50943294181482 37.779851069106634)"
"2020-01-01T00:00:00.000","Robbery","Mission","1","POINT (-122.41048431396484 37.76560592651367)"
"2024-07-01T00:00:00.000","Lost Property","Nob Hill","1","POINT (-122.41169738769531 37.787872314453125)"
"2025-03-01T00:00:00.000","Missing Person","Mission","1","POINT (-122.41545867919922 37.766937255859375)"
"2020-06-01T00:00:00.000","Motor Vehicle Theft","Mission","1","POINT (-122.40803684925086 37.75125680126218)"
"2022-07-01T00:00:00.000","Miscellaneous Investigation","Bayview Hunters Point","1","POINT (-122.40564673809936 37.73832136115452)"
"2018-12-01T00:00:00.000","Drug Offense","Tenderloin","1","POINT (-122.41513061523438 37.779788970947266)"
"2020-02-01T00:00:00.000","Suspicious Occ","Treasure Island","1","POINT (-122.3726577758789 37.824119567871094)"
"2022-03-01T00:00:00.000","Malicious Mischief","Golden Gate Park","2","POINT (-122.46481167093468 37.7734887430876)"
"2023-11-01T00:00:00.000","Larceny Theft","Pacific Heights","1","POINT (-122.43055100037523 37.78932449579461)"
"2022-02-01T00:00:00.000","Motor Vehicle Theft","West of Twin Peaks","1","POINT (-122.46033601087612 37.7350647875794)"
"2020-06-01T00:00:00.000","Larceny Theft","Marina","1","POINT (-122.43689161241157 37.803602640446194)"
"2021-09-01T00:00:00.000","Non-Criminal","Castro/Upper Market","2","POINT (-122.4351879633321 37.76267070626061)"
"2019-08-01T00:00:00.000","Non-Criminal","Mission Bay","2","POINT (-122.38971710205078 37.77293014526367)"
"2020-11-01T00:00:00.000","Larceny Theft","Oceanview/Merced/Ingleside","1","POINT (-122.45919036865234 37.718231201171875)"
"2022-02-01T00:00:00.000","Disorderly Conduct","West of Twin Peaks","4","POINT (-122.47036530108029 37.74515899338193)"
"2021-06-01T00:00:00.000","Lost Property","Sunset/Parkside","1","POINT (-122.48932371166421 37.75367419233453)"
"2018-02-01T00:00:00.000","Larceny Theft","Mission","1","POINT (-122.41299438476562 37.75257110595703)"
"2019-11-01T00:00:00.000","Malicious Mischief","Marina","1","POINT (-122.43201590117913 37.79657475201131)"
"2023-11-01T00:00:00.000","Burglary","South of Market","1","POINT (-122.40816079455212 37.7805353858225)"
"2021-02-01T00:00:00.000","Warrant","Bayview Hunters Point","1","POINT (-122.38736826221584 37.725354103710416)"
"2018-08-01T00:00:00.000","Larceny Theft","Mission","1","POINT (-122.42104114274726 37.756101805523016)"
"2022-06-01T00:00:00.000","Larceny Theft","Noe Valley","1","POINT (-122.43385110439293 37.748895971062346)"
"2021-09-01T00:00:00.000","Assault","Bayview Hunters Point","1","POINT (-122.38810729980469 37.727664947509766)"
"2022-11-01T00:00:00.000","Traffic Collision","Sunset/Parkside","1","POINT (-122.49538786106307 37.76338957055555)"
"2018-08-01T00:00:00.000","Non-Criminal","Noe Valley","1","POINT (-122.435840860086 37.74637267141344)"
"2019-02-01T00:00:00.000","Burglary","Mission","1","POINT (-122.4217300415039 37.76329803466797)"
"2022-06-01T00:00:00.000","Malicious Mischief","Tenderloin","1","POINT (-122.41983309179925 37.786358950426)"
"2022-06-01T00:00:00.000","Non-Criminal","South of Market","1","POINT (-122.40542473566995 37.77129635185078)"
"2023-01-01T00:00:00.000","Malicious Mischief","Inner Richmond","1","POINT (-122.46576034051692 37.786627326475184)"
"2024-11-01T00:00:00.000","Miscellaneous Investigation","Russian Hill","1","POINT (-122.4195785522461 37.80678176879883)"
"2018-10-01T00:00:00.000","Larceny Theft","West of Twin Peaks","1","POINT (-122.4615249633789 37.751502990722656)"
"2025-01-01T00:00:00.000","Larceny Theft","South of Market","1","POINT (-122.40928649902344 37.779659271240234)"
"2021-01-01T00:00:00.000","Fraud","Tenderloin","1","POINT (-122.40803623744476 37.78640961281089)"
"2019-11-01T00:00:00.000","Larceny Theft","Financial District/South Beach","2","POINT (-122.39826202392578 37.791717529296875)"
"2018-04-01T00:00:00.000","Malicious Mischief","Marina","1","POINT (-122.44341278076172 37.802772521972656)"
"2023-05-01T00:00:00.000","Fraud","Oceanview/Merced/Ingleside","1","POINT (-122.4560775756836 37.71578598022461)"
"2018-08-01T00:00:00.000","Other Miscellaneous","Tenderloin","1","POINT (-122.42081700428415 37.78289412114938)"
"2021-09-01T00:00:00.000","Larceny Theft","Mission","1","POINT (-122.423828125 37.75030517578125)"
"2018-07-01T00:00:00.000","Warrant","Tenderloin","2","POINT (-122.41349029541016 37.779991149902344)"
"2019-11-01T00:00:00.000","Motor Vehicle Theft","Portola","1","POINT (-122.41888781569907 37.72496594996197)"
"2020-04-01T00:00:00.000","Robbery","Bernal Heights","1","POINT (-122.42404014973928 37.73740624597639)"
"2024-06-01T00:00:00.000","Motor Vehicle Theft","Bernal Heights","1","POINT (-122.41610717773438 37.74525451660156)"
"2024-04-01T00:00:00.000","Recovered Vehicle","Western Addition","1","POINT (-122.42960357666016 37.78468322753906)"
"2018-03-01T00:00:00.000","Larceny Theft","Mission","1","POINT (-122.4067997377898 37.75776205694905)"
"2018-04-01T00:00:00.000","Fraud","Tenderloin","1","POINT (-122.40977511008917 37.78665887330192)"
"2020-04-01T00:00:00.000","Larceny Theft","Chinatown","2","POINT (-122.40843200683594 37.79670333862305)"
"2018-07-01T00:00:00.000","Larceny Theft","Mission","5","POINT (-122.41217041015625 37.762916564941406)"
"2021-11-01T00:00:00.000","Disorderly Conduct","Bayview Hunters Point","1","POINT (-122.37940979003906 37.736759185791016)"
"2021-07-01T00:00:00.000","Weapons Carrying Etc","Hayes Valley","3","POINT (-122.42645263671875 37.77738952636719)"
"2022-08-01T00:00:00.000","Other Miscellaneous","Outer Mission","1","POINT (-122.43599094660901 37.72671921895877)"
"2018-08-01T00:00:00.000","Non-Criminal","Mission Bay","1","POINT (-122.38952660390618 37.771109951957804)"
"2021-06-01T00:00:00.000","Missing Person","Mission Bay","4","POINT (-122.38971710205078 37.77293014526367)"
"2018-05-01T00:00:00.000","Larceny Theft","Western Addition","2","POINT (-122.4250469538071 37.78713043316287)"
"2020-07-01T00:00:00.000","Larceny Theft","Oceanview/Merced/Ingleside","1","POINT (-122.45309196064848 37.72004058916149)"
"2020-12-01T00:00:00.000","Larceny Theft","Inner Richmond","1","POINT (-122.46214294433594 37.78111267089844)"
"2022-02-01T00:00:00.000","Larceny Theft","Nob Hill","1","POINT (-122.40859504581255 37.78922561367261)"
"2025-04-01T00:00:00.000","Recovered Vehicle","North Beach","1","POINT (-122.41101837158203 37.801170349121094)"
"2025-01-01T00:00:00.000","Assault","Outer Mission","1","POINT (-122.4415512084961 37.71575164794922)"
"2018-04-01T00:00:00.000","Non-Criminal","Mission","1","POINT (-122.42345251793947 37.75756490811037)"
"2020-03-01T00:00:00.000","Malicious Mischief","Haight Ashbury","1","POINT (-122.45316314697266 37.76730728149414)"
"2021-08-01T00:00:00.000","Disorderly Conduct","Pacific Heights","1","POINT (-122.44210815429688 37.78785705566406)"
"2020-08-01T00:00:00.000","Burglary","Lakeshore","1","POINT (-122.48135379506493 37.720398971160876)"
"2023-04-01T00:00:00.000","Disorderly Conduct","Twin Peaks","1","POINT (-122.44598442613956 37.75235171503818)"
"2022-12-01T00:00:00.000","Fraud","Outer Mission","1","POINT (-122.45767211914062 37.70954132080078)"
"2019-11-01T00:00:00.000","Motor Vehicle Theft","South of Market","1","POINT (-122.40725467595034 37.78211941829001)"
"2019-10-01T00:00:00.000","Suspicious Occ","Mission","1","POINT (-122.41626551140196 37.752372787574465)"
"2022-02-01T00:00:00.000","Other Miscellaneous","Mission","1","POINT (-122.41997494764911 37.76018890923618)"
"2021-04-01T00:00:00.000","Assault","Treasure Island","1","POINT (-122.37490844726562 37.82317352294922)"
"2025-02-01T00:00:00.000","Assault","Sunset/Parkside","1","POINT (-122.50127410888672 37.740047454833984)"
"2022-07-01T00:00:00.000","Burglary","Mission","1","POINT (-122.41901397705078 37.758201599121094)"
"2021-02-01T00:00:00.000","Malicious Mischief","Financial District/South Beach","2","POINT (-122.38942894299095 37.78883777870189)"
"2019-06-01T00:00:00.000","Lost Property","Castro/Upper Market","1","POINT (-122.43518829345703 37.762672424316406)"
"2022-12-01T00:00:00.000","Larceny Theft","Tenderloin","4","POINT (-122.40987396240234 37.787147521972656)"
"2018-01-01T00:00:00.000","Non-Criminal","South of Market","1","POINT (-122.41500091552734 37.772647857666016)"
"2023-11-01T00:00:00.000","Embezzlement","South of Market","1","POINT (-122.40392303466797 37.78070068359375)"
"2021-10-01T00:00:00.000","Assault","Western Addition","1","POINT (-122.42904060264011 37.781847438583505)"
"2023-12-01T00:00:00.000","Larceny Theft","Oceanview/Merced/Ingleside","1","POINT (-122.45816261377148 37.71823153865495)"
"2019-10-01T00:00:00.000","Assault","Presidio","1","POINT (-122.45957727700629 37.799487768387436)"
"2022-02-01T00:00:00.000","Burglary","South of Market","1","POINT (-122.40374755859375 37.77262496948242)"
"2024-09-01T00:00:00.000","Disorderly Conduct","South of Market","1","POINT (-122.40337371826172 37.77671432495117)"
"2023-07-01T00:00:00.000","Burglary","Marina","1","POINT (-122.4472885131836 37.80516052246094)"
"2018-10-01T00:00:00.000","Non-Criminal","Outer Richmond","1","POINT (-122.48300474922829 37.78583460497524)"
"2021-11-01T00:00:00.000","Miscellaneous Investigation","Bayview Hunters Point","1","POINT (-122.38195037841797 37.731529235839844)"
"2019-02-01T00:00:00.000","Non-Criminal","Marina","1","POINT (-122.43352508544922 37.80403518676758)"
"2021-02-01T00:00:00.000","Malicious Mischief","Potrero Hill","1","POINT (-122.38985954971992 37.75399971361786)"
"2023-12-01T00:00:00.000","Fraud","Lakeshore","1","POINT (-122.4983570184546 37.71369412498646)"
"2019-10-01T00:00:00.000","Warrant","Tenderloin","2","POINT (-122.41468048095703 37.78175735473633)"
"2020-06-01T00:00:00.000","Forgery And Counterfeiting","Lakeshore","1","POINT (-122.48320770263672 37.71758270263672)"
"2025-03-01T00:00:00.000","Non-Criminal","West of Twin Peaks","2","POINT (-122.4731674194336 37.72861862182617)"
"2024-11-01T00:00:00.000","Vehicle Misplaced","Mission","1","POINT (-122.41968536376953 37.756988525390625)"
"2022-07-01T00:00:00.000","Warrant","Mission Bay","1","POINT (-122.38971710205078 37.77293014526367)"
"2021-04-01T00:00:00.000","Disorderly Conduct","Inner Sunset","1","POINT (-122.45645141601562 37.75148391723633)"
"2021-09-01T00:00:00.000","Motor Vehicle Theft","Tenderloin","1","POINT (-122.41761857247508 37.783777522298124)"
"2022-07-01T00:00:00.000","Assault","North Beach","1","POINT (-122.41561889648438 37.80727767944336)"
"2023-01-01T00:00:00.000","Recovered Vehicle","Western Addition","1","POINT (-122.4221420288086 37.788944244384766)"
"2023-03-01T00:00:00.000","Other Miscellaneous","Mission","1","POINT (-122.42262268066406 37.77250289916992)"
"2019-02-01T00:00:00.000","Disorderly Conduct","Castro/Upper Market","1","POINT (-122.43229924087287 37.767528443706794)"
"2018-09-01T00:00:00.000","Other Miscellaneous","Financial District/South Beach","1","POINT (-122.40785217285156 37.785491943359375)"
"2021-10-01T00:00:00.000","Missing Person","Hayes Valley","1","POINT (-122.42218780517578 37.77290725708008)"
"2024-06-01T00:00:00.000","Malicious Mischief","Chinatown","1","POINT (-122.40748596191406 37.79501724243164)"
"2024-12-01T00:00:00.000","Other Miscellaneous","Chinatown","1","POINT (-122.41045379638672 37.79837417602539)"
"2024-11-01T00:00:00.000","Motor Vehicle Theft","South of Market","1","POINT (-122.40460205078125 37.7776985168457)"
"2021-12-01T00:00:00.000","Burglary","Oceanview/Merced/Ingleside","1","POINT (-122.45819139221014 37.724317534370066)"
"2023-03-01T00:00:00.000","Suspicious Occ","Oceanview/Merced/Ingleside","1","POINT (-122.45608520507812 37.71662902832031)"
"2019-08-01T00:00:00.000","Larceny Theft","North Beach","8","POINT (-122.4154281616211 37.80634307861328)"
"2022-04-01T00:00:00.000","Fraud","Bayview Hunters Point","2","POINT (-122.39453125 37.724693298339844)"
"2020-07-01T00:00:00.000","Other Offenses","Castro/Upper Market","1","POINT (-122.42649069925302 37.765773605268606)"
"2024-10-01T00:00:00.000","Larceny Theft","Mission","1","POINT (-122.42012786865234 37.76178741455078)"
"2018-05-01T00:00:00.000","Larceny Theft","South of Market","11","POINT (-122.40583038330078 37.785743713378906)"
"2018-03-01T00:00:00.000","Warrant","Lakeshore","1","POINT (-122.4850751793089 37.72399972606433)"
"2023-09-01T00:00:00.000","Burglary","Tenderloin","1","POINT (-122.41481018066406 37.78651809692383)"
"2020-11-01T00:00:00.000","Malicious Mischief","Haight Ashbury","1","POINT (-122.44995880126953 37.76580047607422)"
"2020-03-01T00:00:00.000","Assault","West of Twin Peaks","1","POINT (-122.46699101513855 37.73972349862644)"
"2019-04-01T00:00:00.000","Traffic Violation Arrest","Outer Richmond","1","POINT (-122.47643680448161 37.78427112424727)"
"2020-06-01T00:00:00.000","Miscellaneous Investigation","West of Twin Peaks","2","POINT (-122.46180645122098 37.72872041247446)"
"2020-01-01T00:00:00.000","Other","Presidio","1","POINT (-122.46168518066406 37.79549789428711)"
"2020-08-01T00:00:00.000","Fraud","North Beach","2","POINT (-122.41360416993442 37.805618478961165)"
"2024-09-01T00:00:00.000","Robbery","Mission","5","POINT (-122.40633392333984 37.75300216674805)"
"2018-05-01T00:00:00.000","Malicious Mischief","South of Market","1","POINT (-122.39794158935547 37.782997131347656)"
"2023-08-01T00:00:00.000","Recovered Vehicle","Pacific Heights","1","POINT (-122.43016838316078 37.787440824364865)"
"2018-01-01T00:00:00.000","Lost Property","South of Market","2","POINT (-122.40725467595034 37.78211941829001)"
"2021-10-01T00:00:00.000","Other Miscellaneous","Tenderloin","2","POINT (-122.41588253952085 37.78351564008561)"
"2024-05-01T00:00:00.000","Malicious Mischief","Visitacion Valley","1","POINT (-122.40355682373047 37.71833801269531)"
"2021-05-01T00:00:00.000","Assault","South of Market","1","POINT (-122.40392303466797 37.78070068359375)"
"2019-05-01T00:00:00.000","Assault","Castro/Upper Market","2","POINT (-122.44337443129945 37.760376326936566)"
"2021-08-01T00:00:00.000","Burglary","Mission","1","POINT (-122.42213439941406 37.76747131347656)"
"2020-03-01T00:00:00.000","Motor Vehicle Theft","Lone Mountain/USF","1","POINT (-122.44477844238281 37.77601623535156)"
"2021-09-01T00:00:00.000","Motor Vehicle Theft","Financial District/South Beach","1","POINT (-122.39344787597656 37.78647232055664)"
"2019-01-01T00:00:00.000","Non-Criminal","South of Market","4","POINT (-122.41262817382812 37.774566650390625)"
"2020-08-01T00:00:00.000","Stolen Property","Pacific Heights","1","POINT (-122.43345642089844 37.78702163696289)"
"2025-02-01T00:00:00.000","Assault","Portola","1","POINT (-122.40470886230469 37.730316162109375)"
"2023-12-01T00:00:00.000","Warrant","Sunset/Parkside","1","POINT (-122.4811782836914 37.74468231201172)"
"2020-03-01T00:00:00.000","Motor Vehicle Theft","Mission","1","POINT (-122.41944122314453 37.76271438598633)"
"2024-04-01T00:00:00.000","Other Miscellaneous","Outer Mission","1","POINT (-122.44660949707031 37.720726013183594)"
"2022-07-01T00:00:00.000","Drug Offense","Western Addition","2","POINT (-122.42100836115098 37.783824117317494)"
"2023-12-01T00:00:00.000","Lost Property","Russian Hill","1","POINT (-122.42105102539062 37.79238510131836)"
"2022-01-01T00:00:00.000","Larceny Theft","Nob Hill","2","POINT (-122.4089197830783 37.790812878071975)"
"2019-07-01T00:00:00.000","Burglary","Financial District/South Beach","2","POINT (-122.39695784020824 37.796346859010335)"
"2019-04-01T00:00:00.000","Malicious Mischief","Castro/Upper Market","1","POINT (-122.42669318465524 37.767869018159196)"
"2024-09-01T00:00:00.000","Arson","Tenderloin","1","POINT (-122.41069793701172 37.782894134521484)"
"2022-12-01T00:00:00.000","Larceny Theft","Inner Richmond","2","POINT (-122.46414184570312 37.779090881347656)"
"2020-08-01T00:00:00.000","Burglary","Bayview Hunters Point","1","POINT (-122.3875503540039 37.728294372558594)"
"2021-12-01T00:00:00.000","Non-Criminal","Tenderloin","6","POINT (-122.41259527758581 37.7839325760642)"
"2024-01-01T00:00:00.000","Suspicious Occ","Visitacion Valley","1","POINT (-122.4222412109375 37.7113151550293)"
"2018-10-01T00:00:00.000","Disorderly Conduct","Noe Valley","2","POINT (-122.43171691894531 37.74982833862305)"
"2018-01-01T00:00:00.000","Burglary","Russian Hill","1","POINT (-122.42253633242393 37.80447319069931)"
"2024-05-01T00:00:00.000","Recovered Vehicle","Mission Bay","1","POINT (-122.40080261230469 37.77113723754883)"
"2023-06-01T00:00:00.000","Malicious Mischief","Bayview Hunters Point","1","POINT (-122.38996124267578 37.73816680908203)"
"2020-11-01T00:00:00.000","Assault","Tenderloin","1","POINT (-122.41644912401847 37.78631021732119)"
"2023-01-01T00:00:00.000","Non-Criminal","North Beach","1","POINT (-122.41561889648438 37.80727767944336)"
"2022-08-01T00:00:00.000","Larceny Theft","Golden Gate Park","1","POINT (-122.48980712890625 37.77089309692383)"
"2021-08-01T00:00:00.000","Larceny Theft","Portola","1","POINT (-122.40854851232349 37.72900289661166)"
"2020-10-01T00:00:00.000","Motor Vehicle Theft","Bayview Hunters Point","1","POINT (-122.4003573368811 37.73558082001715)"
"2019-02-01T00:00:00.000","Malicious Mischief","North Beach","1","POINT (-122.4117664820691 37.80489600962184)"
"2023-03-01T00:00:00.000","Assault","Financial District/South Beach","1","POINT (-122.39516062311648 37.78431101165721)"
"2023-06-01T00:00:00.000","Larceny Theft","Western Addition","1","POINT (-122.4374464318004 37.78172707795915)"
"2025-03-01T00:00:00.000","Weapons Carrying Etc","Tenderloin","3","POINT (-122.41214752197266 37.785892486572266)"
"2023-05-01T00:00:00.000","Lost Property","Lakeshore","1","POINT (-122.47593688964844 37.73011779785156)"
"2019-09-01T00:00:00.000","Lost Property","Mission","1","POINT (-122.41402670798057 37.771863705465925)"
"2018-10-01T00:00:00.000","Fraud","Nob Hill","1","POINT (-122.42068481445312 37.79057693481445)"
"2018-02-01T00:00:00.000","Malicious Mischief","South of Market","1","POINT (-122.40061307317757 37.781587665481965)"
"2022-10-01T00:00:00.000","Larceny Theft","Visitacion Valley","1","POINT (-122.40792714845274 37.7114477604954)"
"2022-06-01T00:00:00.000","Assault","Visitacion Valley","1","POINT (-122.42224083209325 37.71131669257075)"
"2022-04-01T00:00:00.000","Burglary","Mission","1","POINT (-122.4180289209908 37.770876469287494)"
"2022-06-01T00:00:00.000","Non-Criminal","Mission","1","POINT (-122.41344451904297 37.757362365722656)"
"2022-12-01T00:00:00.000","Larceny Theft","Golden Gate Park","1","POINT (-122.45948611950966 37.77416693305064)"
"2025-04-01T00:00:00.000","Warrant","Financial District/South Beach","2","POINT (-122.39085388183594 37.7844123840332)"
"2021-05-01T00:00:00.000","Motor Vehicle Theft","Bayview Hunters Point","2","POINT (-122.40078735351562 37.72361755371094)"
"2019-12-01T00:00:00.000","Malicious Mischief","Financial District/South Beach","1","POINT (-122.40206909179688 37.78872299194336)"
"2021-02-01T00:00:00.000","Larceny Theft","Pacific Heights","1","POINT (-122.43877410888672 37.78827667236328)"
"2021-03-01T00:00:00.000","Non-Criminal","Potrero Hill","2","POINT (-122.38924822480189 37.757883662734024)"
"2022-05-01T00:00:00.000","Other Miscellaneous","South of Market","1","POINT (-122.40806579589844 37.783992767333984)"
"2023-08-01T00:00:00.000","Burglary","Sunset/Parkside","1","POINT (-122.48462677001953 37.76323318481445)"
"2021-12-01T00:00:00.000","Burglary","Outer Richmond","1","POINT (-122.48017534858164 37.776497607931965)"
"2021-04-01T00:00:00.000","Other Miscellaneous","Tenderloin","2","POINT (-122.41222381591797 37.782073974609375)"
"2021-04-01T00:00:00.000","Traffic Violation Arrest","South of Market","1","POINT (-122.40908314824856 37.77173210697335)"
"2018-04-01T00:00:00.000","Malicious Mischief","Financial District/South Beach","1","POINT (-122.40303039550781 37.787025451660156)"
"2022-12-01T00:00:00.000","Larceny Theft","Inner Sunset","6","POINT (-122.46297454833984 37.7623176574707)"
"2019-02-01T00:00:00.000","Larceny Theft","Oceanview/Merced/Ingleside","1","POINT (-122.45902252197266 37.713172912597656)"
"2021-06-01T00:00:00.000","Malicious Mischief","Hayes Valley","2","POINT (-122.43138442446295 37.77675967691884)"
"2025-02-01T00:00:00.000","Larceny Theft","Chinatown","1","POINT (-122.40885162353516 37.79664993286133)"
"2024-07-01T00:00:00.000","Lost Property","Russian Hill","1","POINT (-122.42037200927734 37.805721282958984)"
"2023-12-01T00:00:00.000","Warrant","Bayview Hunters Point","1","POINT (-122.39485205000103 37.720175220095285)"
"2020-07-01T00:00:00.000","Motor Vehicle Theft","Bernal Heights","2","POINT (-122.4187240600586 37.734981536865234)"
"2023-09-01T00:00:00.000","Missing Person","Chinatown","4","POINT (-122.40988159179688 37.79844284057617)"
"2021-12-01T00:00:00.000","Recovered Vehicle","Excelsior","1","POINT (-122.4284321332757 37.721634672027925)"
"2025-03-01T00:00:00.000",,"Tenderloin","1","POINT (-122.40933227539062 37.78624725341797)"
"2021-02-01T00:00:00.000","Motor Vehicle Theft","Bayview Hunters Point","1","POINT (-122.3871665135461 37.731857469541474)"
"2020-11-01T00:00:00.000","Suspicious Occ","Financial District/South Beach","1","POINT (-122.39427622920932 37.78992622888631)"
"2018-08-01T00:00:00.000","Other Miscellaneous","Excelsior","1","POINT (-122.43531036376953 37.72400665283203)"
"2018-12-01T00:00:00.000","Assault","Western Addition","1","POINT (-122.43042441598713 37.78071557225048)"
"2018-06-01T00:00:00.000","Larceny Theft","Bayview Hunters Point","1","POINT (-122.38883209228516 37.73942184448242)"
"2021-02-01T00:00:00.000","Burglary","Western Addition","1","POINT (-122.436978519651 37.77940392343982)"
"2022-06-01T00:00:00.000","Malicious Mischief","Nob Hill","1","POINT (-122.41518527060464 37.78838792971966)"
"2018-07-01T00:00:00.000","Malicious Mischief","Castro/Upper Market","1","POINT (-122.4432144165039 37.75779724121094)"
"2025-01-01T00:00:00.000","Assault","Haight Ashbury","1","POINT (-122.45121002197266 37.76468276977539)"
"2023-06-01T00:00:00.000","Suspicious Occ","Pacific Heights","1","POINT (-122.43455505371094 37.79247283935547)"
"2021-06-01T00:00:00.000","Burglary","Presidio Heights","1","POINT (-122.44540405273438 37.787437438964844)"
"2018-05-01T00:00:00.000","Missing Person","Haight Ashbury","2","POINT (-122.44218444824219 37.77157211303711)"
"2019-10-01T00:00:00.000","Robbery","Bayview Hunters Point","1","POINT (-122.39096789139202 37.734013871373556)"
"2020-11-01T00:00:00.000","Fraud","Tenderloin","2","POINT (-122.41278212939851 37.7848662445387)"
"2018-08-01T00:00:00.000","Traffic Collision","Mission","1","POINT (-122.41964721679688 37.7710075378418)"
"2019-12-01T00:00:00.000","Motor Vehicle Theft","Outer Richmond","1","POINT (-122.47790014893334 37.774729988925806)"
"2020-06-01T00:00:00.000","Motor Vehicle Theft","Noe Valley","1","POINT (-122.43824612687847 37.74866449989663)"
"2018-09-01T00:00:00.000","Larceny Theft","Potrero Hill","2","POINT (-122.38855639968526 37.76049100756587)"
"2022-11-01T00:00:00.000","Suspicious Occ","Hayes Valley","1","POINT (-122.42570021089418 37.7736662286543)"
"2020-06-01T00:00:00.000","Motor Vehicle Theft","Excelsior","1","POINT (-122.43016970132632 37.72654377709943)"
"2023-12-01T00:00:00.000","Recovered Vehicle","Financial District/South Beach","1","POINT (-122.40025046404315 37.800607119774014)"
"2021-12-01T00:00:00.000","Larceny Theft","Mission Bay","2","POINT (-122.39137353346597 37.77283099431839)"
"2023-08-01T00:00:00.000","Other Miscellaneous","South of Market","1","POINT (-122.39738464355469 37.782554626464844)"
"2022-12-01T00:00:00.000","Malicious Mischief","Mission","4","POINT (-122.41874757531652 37.75543693568604)"
"2024-08-01T00:00:00.000","Motor Vehicle Theft","South of Market","4","POINT (-122.4112777709961 37.77157974243164)"
"2021-07-01T00:00:00.000","Larceny Theft","Potrero Hill","1","POINT (-122.39737175879361 37.76124221709518)"
"2021-10-01T00:00:00.000","Fraud","Castro/Upper Market","1","POINT (-122.42894744873047 37.76750564575195)"
"2024-01-01T00:00:00.000","Assault","Inner Richmond","1","POINT (-122.4649429321289 37.77532196044922)"
"2025-03-01T00:00:00.000","Other Offenses","South of Market","1","POINT (-122.40715789794922 37.77973937988281)"
"2024-11-01T00:00:00.000","Larceny Theft","Russian Hill","1","POINT (-122.42341613769531 37.795738220214844)"
"2019-01-01T00:00:00.000","Assault","Golden Gate Park","1","POINT (-122.49383248064382 37.772129661055054)"
"2024-12-01T00:00:00.000","Motor Vehicle Theft","Castro/Upper Market","1","POINT (-122.43949890136719 37.76657485961914)"
"2022-05-01T00:00:00.000","Burglary","Outer Richmond","1","POINT (-122.49195944565577 37.77596005867512)"
"2020-04-01T00:00:00.000","Miscellaneous Investigation","Castro/Upper Market","1","POINT (-122.42881774902344 37.76612854003906)"
"2021-01-01T00:00:00.000","Suspicious Occ","Western Addition","1","POINT (-122.4288558959961 37.780914306640625)"
"2024-04-01T00:00:00.000","Larceny Theft","Bayview Hunters Point","1","POINT (-122.38684844970703 37.71751022338867)"
"2018-03-01T00:00:00.000","Malicious Mischief","South of Market","1","POINT (-122.41414642333984 37.77824020385742)"
"2021-07-01T00:00:00.000","Non-Criminal","Treasure Island","1","POINT (-122.3712458991155 37.817823897791946)"
"2019-11-01T00:00:00.000","Larceny Theft","Outer Mission","1","POINT (-122.43716183523746 37.72347948556501)"
"2019-01-01T00:00:00.000","Missing Person","Mission","1","POINT (-122.40669900268833 37.75683373380551)"
"2022-06-01T00:00:00.000","Suspicious Occ","West of Twin Peaks","1","POINT (-122.46624768164624 37.7349371423656)"
"2018-03-01T00:00:00.000","Burglary","Financial District/South Beach","1","POINT (-122.3928451538086 37.78245544433594)"
"2019-03-01T00:00:00.000","Lost Property","Chinatown","1","POINT (-122.40460968017578 37.79356384277344)"
"2023-11-01T00:00:00.000","Motor Vehicle Theft","Outer Richmond","1","POINT (-122.4749561631184 37.778602200278876)"
"2024-08-01T00:00:00.000","Non-Criminal","Chinatown","1","POINT (-122.40460968017578 37.79356384277344)"
"2022-07-01T00:00:00.000","Larceny Theft","Oceanview/Merced/Ingleside","1","POINT (-122.46623527351693 37.71791217297683)"
"2020-12-01T00:00:00.000","Robbery","Russian Hill","3","POINT (-122.41722869873047 37.80516815185547)"
"2020-01-01T00:00:00.000","Assault","Tenderloin","1","POINT (-122.41241455078125 37.78300476074219)"
"2020-08-01T00:00:00.000","Malicious Mischief","Outer Mission","1","POINT (-122.44726731512198 37.71464738702074)"
"2022-08-01T00:00:00.000","Robbery","Mission","1","POINT (-122.41780090332031 37.76840591430664)"
"2019-07-01T00:00:00.000","Warrant","Noe Valley","1","POINT (-122.43392944335938 37.74969482421875)"
"2024-08-01T00:00:00.000","Larceny Theft","Bayview Hunters Point","1","POINT (-122.39335632324219 37.724971771240234)"
"2023-09-01T00:00:00.000","Non-Criminal","Tenderloin","1","POINT (-122.41499328613281 37.787452697753906)"
"2021-11-01T00:00:00.000","Robbery","Mission","1","POINT (-122.417658993747 37.75550249751555)"
"2024-07-01T00:00:00.000","Warrant","Mission","1","POINT (-122.4198226928711 37.76667404174805)"
"2019-07-01T00:00:00.000","Other Offenses","Western Addition","1","POINT (-122.42081045853567 37.78241705359624)"
"2024-03-01T00:00:00.000","Drug Offense","South of Market","14","POINT (-122.41193389892578 37.780006408691406)"
"2020-05-01T00:00:00.000","Malicious Mischief","Western Addition","1","POINT (-122.428955078125 37.781429290771484)"
"2024-07-01T00:00:00.000","Drug Offense","Tenderloin","3","POINT (-122.4180908203125 37.786102294921875)"
"2021-12-01T00:00:00.000","Case Closure",,"6",
"2019-04-01T00:00:00.000","Larceny Theft","Japantown","3","POINT (-122.43473052978516 37.784942626953125)"
"2019-04-01T00:00:00.000","Malicious Mischief","Western Addition","1","POINT (-122.42523650200324 37.788070187301344)"
"2023-03-01T00:00:00.000","Other Miscellaneous","Visitacion Valley","1","POINT (-122.41877184294184 37.71073194458116)"
"2019-01-01T00:00:00.000","Malicious Mischief","Mission","1","POINT (-122.42458109059115 37.76973469514724)"
"2021-09-01T00:00:00.000","Larceny Theft","Western Addition","1","POINT (-122.43270874023438 37.78329086303711)"
"2018-10-01T00:00:00.000","Non-Criminal","Bayview Hunters Point","1","POINT (-122.39717864990234 37.72990798950195)"
"2019-07-01T00:00:00.000","Larceny Theft","Tenderloin","3","POINT (-122.41918182373047 37.78310012817383)"
"2024-08-01T00:00:00.000","Drug Offense","Tenderloin","1","POINT (-122.42082977294922 37.78337097167969)"
"2023-08-01T00:00:00.000","Warrant","Potrero Hill","1","POINT (-122.38985954971992 37.75399971361786)"
"2020-08-01T00:00:00.000","Burglary","Inner Sunset","1","POINT (-122.46819078800767 37.76021764915843)"
"2024-10-01T00:00:00.000","Robbery","South of Market","1","POINT (-122.41414642333984 37.77824020385742)"
"2018-01-01T00:00:00.000","Malicious Mischief","South of Market","2","POINT (-122.40729368158074 37.777179297336886)"
"2020-06-01T00:00:00.000","Recovered Vehicle","Castro/Upper Market","1","POINT (-122.44217681884766 37.75893783569336)"
"2020-11-01T00:00:00.000","Larceny Theft","Financial District/South Beach","1","POINT (-122.40658988465438 37.7875680237141)"
"2018-06-01T00:00:00.000","Larceny Theft","South of Market","3","POINT (-122.39753890763892 37.77913222249791)"
"2022-11-01T00:00:00.000","Other Miscellaneous","Tenderloin","1","POINT (-122.41827392578125 37.78703689575195)"
"2021-08-01T00:00:00.000","Larceny Theft","Nob Hill","1","POINT (-122.41446685791016 37.7932243347168)"
"2023-08-01T00:00:00.000","Miscellaneous Investigation","Haight Ashbury","1","POINT (-122.43723493300963 37.77220371162243)"
"2021-03-01T00:00:00.000","Offences Against The Family And Children","Twin Peaks","1","POINT (-122.4447191283289 37.7509629136968)"
"2024-03-01T00:00:00.000","Fraud","Bernal Heights","1","POINT (-122.40670776367188 37.743350982666016)"
"2020-01-01T00:00:00.000","Assault","Chinatown","1","POINT (-122.40461342242597 37.79356508316817)"
"2022-11-01T00:00:00.000","Robbery","West of Twin Peaks","1","POINT (-122.46699101513855 37.73972349862644)"
"2021-11-01T00:00:00.000","Burglary","Treasure Island","1","POINT (-122.37664031982422 37.8290901184082)"
