id,incident_number,incident_code,category,descript,day_of_the_week,date,time,police_dept_district,resolution,address,location_x_axis,location_y_axis
15609704806244,156097048,6244,Larceny/theft,Grand Theft From Locked Auto,Tuesday,2015-04-21,21:00,Northern,None,0 Block Of Rico Wy,-122.439377039453,37.8049265133237
13611433306244,136114333,6244,Larceny/theft,Grand Theft From Locked Auto,Wednesday,2013-07-03,18:45,Ingleside,None,3300 Block Of Mission St,-122.421644478447,37.7429970144076
8086895365016,80868953,65016,OtherOffenses,"Drivers License, Suspended Or Revoked",Monday,2008-08-18,07:55,Bayview,"Arrest, Cited","Oakdale Av, Industrial St",-122.399686082806,37.739901780585
15601317971000,156013179,71000,Non-criminal,Lost Property,Sunday,2015-01-04,18:00,Southern,None,"Market St, 4th St",-122.405832474482,37.7857446545609
15606653206244,156066532,6244,Larceny/theft,Grand Theft From Locked Auto,Monday,2015-03-16,18:00,Northern,None,400 Block Of Hayes St,-122.423749669429,37.776729432919
5087198628160,50871986,28160,Vandalism,"Malicious Mischief, Vandalism Of Vehicles",Thursday,2005-08-04,12:00,Taraval,None,800 Block Of Capitol Avenue,-122.459007287896,37.717858450682
7103396906111,71033969,6111,Larceny/theft,Grand Theft Pickpocket,Monday,2007-10-08,14:00,Tenderloin,None,200 Block Of Mcallister St,-122.415754575208,37.780719182394
15111532227090,151115322,27090,Larceny/theft,"Lost Property, Petty Theft",Sunday,2015-12-27,21:48,Mission,"Arrest, Booked",100 Block Of 14th St,-122.417282382012,37.7684917389792
11071985465015,110719854,65015,OtherOffenses,Traffic Violation,Wednesday,2011-09-07,17:38,Ingleside,"Arrest, Cited","Mission St, College Avenue",-122.424702079332,37.7353699090873
3092436707025,30924367,7025,VehicleTheft,Stolen Truck,Sunday,2003-08-03,17:30,Park,None,"Divisadero St, Duboce Avenue",-122.436591458194,37.7690008715946
15603937906244,156039379,6244,Larceny/theft,Grand Theft From Locked Auto,Monday,2015-02-16,19:45,Southern,None,"Howard St, Rausch St",-122.410507458268,37.7770931489525
15100348207021,151003482,7021,VehicleTheft,Stolen Automobile,Tuesday,2015-11-17,19:30,Ingleside,None,200 Block Of Molimo Dr,-122.450475127734,37.736656500246
15610444906372,156104449,6372,Larceny/theft,Petty Theft Of Property,Friday,2015-04-24,23:30,Southern,None,1000 Block Of Folsom St,-122.405834032593,37.778254811523
15609128806244,156091288,6244,Larceny/theft,Grand Theft From Locked Auto,Wednesday,2015-04-15,19:00,Bayview,None,0 Block Of Missionrock St,-122.38857804747,37.7731157627784
3016789627300,30167896,27300,OtherOffenses,Miscellaneous State Misdemeanor,Monday,2003-02-10,08:21,Richmond,None,500 Block Of John F Kennedy Dr,-122.466204667893,37.7725405391593
10079758105033,100797581,5033,Burglary,"Burglary Of Hotel Room, Unlawful Entry",Sunday,2010-08-29,22:00,Central,None,500 Block Of Post St,-122.410882825551,37.7879209375533
15111068916621,151110689,16621,Drug/narcotic,Possession Of Base/rock Cocaine,Friday,2015-12-25,21:23,Mission,"Arrest, Booked","24th St, Shotwell St",-122.415173665801,37.7524407589917
5088601007041,50886010,7041,VehicleTheft,"Vehicle, Recovered, Auto",Friday,2005-08-05,17:30,Park,None,1300 Block Of Grove St,-122.438850103104,37.7758717049622
13005415765010,130054157,65010,OtherOffenses,Traffic Violation Arrest,Saturday,2013-01-19,23:35,Mission,"Arrest, Booked","15th St, Mission St",-122.419827929961,37.7666737551835
15102192319010,151021923,19010,DisorderlyConduct,Committing Public Nuisance,Tuesday,2015-11-24,08:25,Southern,None,800 Block Of Market St,-122.406690592261,37.7852071918419
15604591206244,156045912,6244,Larceny/theft,Grand Theft From Locked Auto,Wednesday,2015-02-04,20:45,Bayview,None,2400 Block Of 3rd St,-122.388303109134,37.7592094153105
5046113906312,50461139,6312,Larceny/theft,Petty Theft Bicycle,Tuesday,2005-04-26,09:20,Southern,None,0 Block Of Henryadams St,-122.404026293246,37.7691750639058
15102510707021,151025107,7021,VehicleTheft,Stolen Automobile,Wednesday,2015-11-25,10:13,Mission,"Arrest, Booked",2700 Block Of Harrison St,-122.412041125438,37.7534100942238
15601984819050,156019848,19050,OtherOffenses,Obscene Phone Calls(s),Saturday,2015-01-24,01:00,Northern,None,1200 Block Of Polk St,-122.420326993863,37.7884521578132
4121502800000,41215028,0,OtherOffenses,Unknown Complaint,Sunday,2004-10-24,04:00,Taraval,None,2600 Block Of 25th Avenue,-122.481816386254,37.7374541616803
15105552419022,151055524,19022,DisorderlyConduct,Disturbing The Peace,Sunday,2015-12-06,01:45,Mission,None,2900 Block Of Mission St,-122.41814111944,37.749829290906
15101218206313,151012182,6313,Larceny/theft,Petty Theft Bicycle,Friday,2015-11-20,18:12,Southern,None,"9th St, Folsom St",-122.411612378034,37.7737679567236
8117438771000,81174387,71000,Non-criminal,Lost Property,Sunday,2008-11-02,10:30,Southern,None,800 Block Of Bryant St,-122.403404791479,37.775420706711
15107357607021,151073576,7021,VehicleTheft,Stolen Automobile,Friday,2015-12-11,18:00,Mission,None,3800 Block Of 19th St,-122.429327352496,37.7595684935875
15108528615200,151085286,15200,SecondaryCodes,Domestic Violence,Wednesday,2015-12-16,00:01,Southern,"Arrest, Booked",800 Block Of Bryant St,-122.403404791479,37.775420706711
13089576362050,130895763,62050,Warrants,Enroute To Outside Jurisdiction,Tuesday,2013-10-22,14:41,Northern,"Arrest, Booked","Fell St, Franklin St",-122.421149407714,37.7761593097669
8003314064070,80033140,64070,SuspiciousOcc,Suspicious Occurrence,Wednesday,2008-01-09,13:45,Mission,None,"24th St, Mission St",-122.418448186101,37.7522391652625
15110006603072,151100066,3072,Robbery,"Robbery, Armed With A Knife",Monday,2015-12-21,16:50,Central,None,800 Block Of Pacific Avenue,-122.409652663162,37.7964914531604
13040399607023,130403996,7023,VehicleTheft,Stolen Motorcycle,Monday,2013-05-13,23:00,Mission,None,300 Block Of Guerrero St,-122.424061577036,37.7655856465344
6603794871000,66037948,71000,Non-criminal,Lost Property,Saturday,2006-05-27,23:00,Mission,None,2200 Block Of Mission St,-122.419212198636,37.7610244167023
15603794706244,156037947,6244,Larceny/theft,Grand Theft From Locked Auto,Monday,2015-02-16,07:10,Park,None,1300 Block Of Pierce St,-122.435976420716,37.7823978123969
5013336607041,50133366,7041,VehicleTheft,"Vehicle, Recovered, Auto",Thursday,2005-02-03,10:30,Central,None,"Leavenworth St, Union St",-122.417389192331,37.7994126744017
3105582871000,31055828,71000,Non-criminal,Lost Property,Sunday,2003-09-07,02:00,Southern,None,500 Block Of Howard St,-122.396934740624,37.7877468463797
3045189326150,30451893,26150,OtherOffenses,Parole Violation,Thursday,2003-04-17,13:00,Mission,"Arrest, Booked","Julian Av, 16th St",-122.420901749464,37.7649778918081
8082779919057,80827799,19057,Assault,Threats Against Life,Wednesday,2008-08-06,10:00,Bayview,None,1000 Block Of Griffith St,-122.378920771859,37.7286119710993
15611477706244,156114777,6244,Larceny/theft,Grand Theft From Locked Auto,Monday,2015-05-11,19:00,Central,None,"Jones St, Filbert St",-122.415947162592,37.8005458602274
15112422619057,151124226,19057,Assault,Threats Against Life,Tuesday,2015-12-29,23:15,Northern,"Arrest, Booked",900 Block Of Geary St,-122.418940110957,37.7860492230028
4092085027010,40920850,27010,Fraud,Defrauding An Innkeeper,Thursday,2004-08-12,19:00,Central,"Arrest, Booked",300 Block Of Jefferson St,-122.418277044979,37.8079624466014
15108551506364,151085515,6364,Larceny/theft,Grand Theft Shoplifting,Tuesday,2015-12-15,14:30,Southern,None,1000 Block Of Market St,-122.411339562557,37.7812707434494
13061751712050,130617517,12050,WeaponLaws,Loitering While Carrying Concealed Weapon,Saturday,2013-07-27,00:30,Tenderloin,"Arrest, Cited","Turk St, Taylor St",-122.410768766343,37.7832145190013
15108021428160,151080214,28160,Vandalism,"Malicious Mischief, Vandalism Of Vehicles",Sunday,2015-12-13,21:00,Mission,None,"14th St, Stevenson St",-122.42121339889,37.7681976977245
15100982265016,151009822,65016,OtherOffenses,"Drivers License, Suspended Or Revoked",Friday,2015-11-20,04:05,Mission,"Arrest, Cited","Capp St, 18th St",-122.418272166422,37.7619029613022
6121160805043,61211608,5043,Burglary,"Burglary Of Residence, Unlawful Entry",Thursday,2006-09-07,09:00,Richmond,None,100 Block Of Beaumont Avenue,-122.454524371322,37.7783165297875
7127498127300,71274981,27300,OtherOffenses,Miscellaneous State Misdemeanor,Wednesday,2007-10-17,15:00,Southern,None,800 Block Of Bryant St,-122.403404791479,37.775420706711
10043463668020,100434636,68020,OtherOffenses,Miscellaneous Investigation,Monday,2010-05-10,21:50,Northern,"Arrest, Booked",700 Block Of Ellis St,-122.418562097105,37.7841847091303
15602494406374,156024944,6374,Larceny/theft,Grand Theft Of Property,Friday,2015-01-30,21:30,Central,None,200 Block Of Columbus Avenue,-122.405926769801,37.7972783315762
12093899765016,120938997,65016,OtherOffenses,"Drivers License, Suspended Or Revoked",Monday,2012-11-19,22:50,Northern,"Arrest, Cited","Vanness Av, Sacramento St",-122.422516966616,37.7912889898479
15111480704114,151114807,4114,Assault,Attempted Simple Assault,Sunday,2015-12-27,16:10,Northern,None,2100 Block Of Chestnut St,-122.43872325496,37.8005583558889
15602115006244,156021150,6244,Larceny/theft,Grand Theft From Locked Auto,Wednesday,2015-01-28,16:30,Park,None,"Kezar Dr, Martin Luther King Jr Dr",-122.458638758608,37.7671999403456
15612773628160,156127736,28160,Vandalism,"Malicious Mischief, Vandalism Of Vehicles",Wednesday,2015-05-27,20:00,Northern,None,"Polk St, Washington St",-122.421231781955,37.7932574953959
3072687807021,30726878,7021,VehicleTheft,Stolen Automobile,Monday,2003-06-16,11:00,Richmond,None,400 Block Of Anza St,-122.451377260261,37.7806105283266
10601707406244,106017074,6244,Larceny/theft,Grand Theft From Locked Auto,Tuesday,2010-02-02,19:00,Southern,None,"Mission St, 9th St",-122.414714295579,37.7762310404758
15109436265020,151094362,65020,OtherOffenses,Reckless Driving,Saturday,2015-12-19,15:12,Park,"Arrest, Booked","Fulton St, Pierce St",-122.434865853498,37.7772809749441
7016888206154,70168882,6154,Larceny/theft,Grand Theft From Person,Thursday,2007-02-15,18:00,Bayview,None,"Bay Shore Bl, Oakdale Avenue",-122.405242467114,37.7430506903112
15611633106244,156116331,6244,Larceny/theft,Grand Theft From Locked Auto,Wednesday,2015-05-13,18:00,Central,None,"Leavenworth St, Bay St",-122.418533972367,37.8049977350153
10067931504134,100679315,4134,Assault,Battery,Sunday,2010-07-25,02:25,Tenderloin,"Arrest, Booked",0 Block Of Unitednations Pz,-122.41431222924,37.7798339183587
14607264606244,146072646,6244,Larceny/theft,Grand Theft From Locked Auto,Saturday,2013-08-24,22:00,Park,None,"Turk St, Baker St",-122.442053306123,37.7792422155631
3124842103012,31248421,3012,Robbery,Robbery On The Street With A Knife,Thursday,2003-10-23,16:30,Central,None,"Van Ness Av, North Point St",-122.425300930141,37.8050769932744
8039484516621,80394845,16621,Drug/narcotic,Possession Of Base/rock Cocaine,Wednesday,2009-09-23,14:00,Southern,Prosecuted By Outside Agency,800 Block Of Bryant St,-122.403404791479,37.775420706711
15112314364070,151123143,64070,SuspiciousOcc,Suspicious Occurrence,Tuesday,2015-12-22,19:00,Richmond,None,500 Block Of 5th Avenue,-122.462938098386,37.7781960457092
15613679306244,156136793,6244,Larceny/theft,Grand Theft From Locked Auto,Friday,2015-06-05,21:30,Northern,None,"Pixley St, Fillmore St",-122.435775002745,37.7984860019922
15610867306224,156108673,6224,Larceny/theft,Grand Theft From Unlocked Auto,Monday,2015-05-04,22:15,Taraval,None,2100 Block Of 36th Avenue,-122.494161694558,37.7468933276719
15109023528160,151090235,28160,Vandalism,"Malicious Mischief, Vandalism Of Vehicles",Friday,2015-12-18,01:13,Southern,None,800 Block Of Bryant St,-122.403404791479,37.775420706711
4095069765015,40950697,65015,OtherOffenses,Traffic Violation,Friday,2004-08-20,10:30,Mission,"Arrest, Cited","Bryant St, 19th St",-122.40999730269,37.7604853376252
4068370765015,40683707,65015,OtherOffenses,Traffic Violation,Tuesday,2004-06-15,09:50,Mission,"Arrest, Cited","Division St, 9th St",-122.405942290904,37.7696597423258
11038793465016,110387934,65016,OtherOffenses,"Drivers License, Suspended Or Revoked",Friday,2011-05-13,23:10,Central,"Arrest, Cited","Pacific Av, Kearny St",-122.405320552012,37.7970893815548
15101069727170,151010697,27170,OtherOffenses,Resisting Arrest,Friday,2015-11-20,11:41,Park,"Arrest, Booked",2600 Block Of Geary Bl,-122.446612978839,37.7822458223917
15107633209250,151076332,9250,Fraud,Fraudulent Use Of Automated Teller Card,Sunday,2015-12-13,11:39,Mission,"Arrest, Booked",1700 Block Of Harrison St,-122.413354187018,37.7690748003847
15000145126030,150001451,26030,Arson,Arson,Thursday,2015-01-01,12:30,Park,None,1300 Block Of Divisadero St,-122.439086501493,37.7820088761349
15000154272000,150001542,72000,Non-criminal,Found Property,Thursday,2015-01-01,06:00,Ingleside,None,"Bernalhts Bl, Anderson St",-122.415016528388,37.7421835425926
15087234304134,150872343,4134,Assault,Battery,Friday,2015-10-02,23:00,Southern,None,"3rd St, Perry St",-122.396844646399,37.7821181034463
4036725268020,40367252,68020,OtherOffenses,Miscellaneous Investigation,Tuesday,2004-03-30,21:32,Tenderloin,None,0 Block Of Mason St,-122.409268441444,37.7837998723601
15110048603074,151100486,3074,Robbery,"Robbery, Bodily Force",Monday,2015-12-21,19:53,Ingleside,None,"Desmond St, Leland Avenue",-122.404803190167,37.7116109452918
15104361012100,151043610,12100,WeaponLaws,Poss Of Loaded Firearm,Tuesday,2015-12-01,23:19,Tenderloin,"Arrest, Booked","Taylor St, Eddy St",-122.410955248906,37.7841399509594
6010630328100,60106303,28100,Vandalism,"Malicious Mischief, Breaking Windows",Friday,2006-01-27,21:30,Southern,None,500 Block Of Folsom St,-122.396239233851,37.7859875529923
15107481971000,151074819,71000,Non-criminal,Lost Property,Saturday,2015-12-12,18:00,Central,None,700 Block Of Vallejo St,-122.409212989898,37.7984669746847
10084566364085,100845663,64085,SuspiciousOcc,Investigative Detention,Sunday,2010-09-12,19:53,Park,None,"Haight St, Cole St",-122.450709919144,37.7695262270693
11063181664020,110631816,64020,Non-criminal,"Aided Case, Mental Disturbed",Sunday,2011-08-07,19:47,Mission,Psychopathic Case,1200 Block Of Guerrero St,-122.422684132056,37.7511637962241
7037676206243,70376762,6243,Larceny/theft,Petty Theft From Locked Auto,Friday,2007-04-13,02:00,Central,None,800 Block Of Sutter St,-122.414368110368,37.7884368260567
3019462306302,30194623,6302,Larceny/theft,Petty Theft From A Building,Friday,2003-02-14,20:00,Mission,None,3300 Block Of 19th St,-122.418656834239,37.7602134417458
15101341906303,151013419,6303,Larceny/theft,Petty Theft From A Building,Friday,2015-11-20,17:00,Northern,None,500 Block Of Buchanan St,-122.427657210184,37.774615432394
13062708303074,130627083,3074,Robbery,"Robbery, Bodily Force",Tuesday,2013-07-30,02:00,Ingleside,Exceptional Clearance,700 Block Of Silver Avenue,-122.421066536312,37.7289569335978
15100398771000,151003987,71000,Non-criminal,Lost Property,Wednesday,2015-11-18,07:25,Mission,None,"14th St, Stevenson St",-122.42121339889,37.7681976977245
15110956306114,151109563,6114,Larceny/theft,Grand Theft Pickpocket,Thursday,2015-12-24,21:00,Mission,None,400 Block Of Castro St,-122.435150099812,37.7617597243598
5067745526170,50677455,26170,OtherOffenses,Probation Violation,Friday,2005-06-17,13:15,Bayview,"Arrest, Booked","Palou Av, Selby St",-122.400247774249,37.7392774132044
8015810216710,80158102,16710,Drug/narcotic,Possession Of Narcotics Paraphernalia,Thursday,2008-02-14,07:45,Southern,"Arrest, Cited",500 Block Of Jessie St,-122.409776479312,37.7810558831366
15101373204134,151013732,4134,Assault,Battery,Saturday,2015-11-21,11:47,Tenderloin,"Arrest, Booked",0 Block Of Powell St,-122.407845374111,37.7850943210103
17628190806374,176281908,6374,Larceny/theft,Grand Theft Of Property,Tuesday,2017-10-31,22:30,Mission,None,"Castro St, 18th St",-122.43500286429791,37.76088780611937
15106690706244,151066907,6244,Larceny/theft,Grand Theft From Locked Auto,Wednesday,2015-12-09,21:35,Richmond,None,"7th Av, Clement St",-122.465493608312,37.7828890050587
15111736207021,151117362,7021,VehicleTheft,Stolen Automobile,Tuesday,2015-12-22,11:00,Central,None,"Sacramento St, Jones St",-122.414295532568,37.7923429638305
15101077206243,151010772,6243,Larceny/theft,Petty Theft From Locked Auto,Friday,2015-11-20,01:00,Richmond,None,"4th Av, Fulton St",-122.461621881496,37.7738940800796
15106205209029,151062052,9029,OtherOffenses,False Personation To Receive Money Or Property,Monday,2015-11-23,00:01,Ingleside,None,100 Block Of Bonview St,-122.417900244182,37.7415188943978
15611846206224,156118462,6224,Larceny/theft,Grand Theft From Unlocked Auto,Thursday,2015-05-14,20:30,Northern,None,"Laguna St, Cleary Ct",-122.427780988735,37.7839237201691
11047029465016,110470294,65016,OtherOffenses,"Drivers License, Suspended Or Revoked",Saturday,2011-06-11,09:10,Bayview,"Arrest, Cited","3rd St, Innes Avenue",-122.389033327445,37.7395346503107
6101936119057,61019361,19057,Assault,Threats Against Life,Saturday,2006-09-23,19:55,Northern,None,100 Block Of Alhambra St,-122.438758575063,37.8019418126857
15607378106224,156073781,6224,Larceny/theft,Grand Theft From Unlocked Auto,Wednesday,2015-03-25,06:30,Northern,None,"Gough St, Bay St",-122.428402515936,37.8037270316264
15610512406244,156105124,6244,Larceny/theft,Grand Theft From Locked Auto,Monday,2015-04-27,02:30,Southern,None,300 Block Of Brannan St,-122.393792694385,37.780568189983
15105755864020,151057558,64020,Non-criminal,"Aided Case, Mental Disturbed",Sunday,2015-12-06,20:00,Central,None,800 Block Of Hyde St,-122.416992162344,37.7886442171326
3003759007021,30037590,7021,VehicleTheft,Stolen Automobile,Thursday,2003-01-09,06:30,Southern,Unfounded,"8th St, Howard St",-122.41160976065,37.7762209908176
11062420365050,110624203,65050,DrivingUnderTheInfluence,Driving While Under The Influence Of Alcohol,Friday,2011-08-05,02:37,Richmond,"Arrest, Booked",400 Block Of 10th Avenue,-122.468562845833,37.7798381239123
15604244106224,156042441,6224,Larceny/theft,Grand Theft From Unlocked Auto,Tuesday,2015-01-27,18:00,Bayview,None,500 Block Of Chinabasin St,-122.390469147395,37.7720013621198
5141039306240,51410393,6240,Larceny/theft,Attempted Theft From Locked Vehicle,Thursday,2005-12-15,19:00,Central,None,"Chestnut St, Leavenworth St",-122.418153513403,37.8031360312272
13059600203041,130596002,3041,Robbery,Robbery Of A Chain Store With A Gun,Friday,2013-07-19,22:30,Central,"Arrest, Booked",2500 Block Of Taylor St,-122.415270023651,37.8058980113661
3101873519050,31018735,19050,OtherOffenses,Obscene Phone Calls(s),Wednesday,2003-08-27,18:50,Ingleside,None,0 Block Of Sherwood Ct,-122.453680175693,37.7363435489053
5043665919090,50436659,19090,Drunkenness,Under Influence Of Alcohol In A Public Place,Wednesday,2005-04-20,01:45,Park,None,0 Block Of Castro St,-122.435637436721,37.7681694346175
15604169706244,156041697,6244,Larceny/theft,Grand Theft From Locked Auto,Sunday,2015-02-08,23:24,Bayview,None,0 Block Of Rebecca Ln,-122.382600235708,37.7376271316043
15110181028030,151101810,28030,Vandalism,Damage To Mail Box,Friday,2015-12-18,17:00,Northern,None,1900 Block Of Clay St,-122.42516511909,37.7918049124048
9112254264020,91122542,64020,Non-criminal,"Aided Case, Mental Disturbed",Saturday,2009-10-31,14:50,Southern,Psychopathic Case,800 Block Of Bryant St,-122.403404791479,37.775420706711
15100855172000,151008551,72000,Non-criminal,Found Property,Thursday,2015-11-19,17:35,Taraval,None,2300 Block Of 24th Avenue,-122.481045048875,37.7437329604819
4067212028135,40672120,28135,OtherOffenses,Harassing Phone Calls,Saturday,2004-06-12,07:15,Central,None,0 Block Of Stone St,-122.409322277196,37.7952381317849
10037308471000,100373084,71000,Non-criminal,Lost Property,Thursday,2010-04-22,13:00,Ingleside,None,0 Block Of Topaz Wy,-122.436409657177,37.7415057556445
15103070809320,151030708,9320,Fraud,"Credit Card, Theft By Use Of",Monday,2015-11-16,00:18,Bayview,None,500 Block Of Sweeny St,-122.414087354601,37.7312224353958
15109995805043,151099958,5043,Burglary,"Burglary Of Residence, Unlawful Entry",Monday,2015-12-21,09:15,Park,None,200 Block Of Glenview Dr,-122.446751870717,37.7484265857005
10003141406304,100031414,6304,Larceny/theft,Grand Theft From A Building,Saturday,2010-01-09,23:00,Central,None,500 Block Of Green St,-122.40860321116,37.7995998106551
15112331974000,151123319,74000,MissingPerson,Missing Adult,Wednesday,2015-12-30,13:31,Southern,None,700 Block Of Market St,-122.405359371753,37.7859774761625
15609905028150,156099050,28150,Vandalism,"Malicious Mischief, Vandalism",Wednesday,2015-04-22,18:30,Central,None,"Clay St, Davis St",-122.397977877047,37.7953124364017
6062912371010,60629123,71010,OtherOffenses,Lost/stolen License Plate,Tuesday,2006-06-13,07:00,Bayview,None,100 Block Of Scotia Avenue,-122.39966796159,37.732040658819
15102913763010,151029137,63010,Warrants,Warrant Arrest,Thursday,2015-11-26,18:55,Tenderloin,"Arrest, Booked","Hyde St, Turk St",-122.415694922134,37.7825851968467
15613954306244,156139543,6244,Larceny/theft,Grand Theft From Locked Auto,Sunday,2015-06-07,23:45,Ingleside,None,2500 Block Of Alemany Bl,-122.446639499125,37.7150634322987
7014750704012,70147507,4012,Assault,Aggravated Assault With A Knife,Friday,2007-02-09,23:30,Mission,"Arrest, Booked","Mission St, 18th St",-122.419360352761,37.7618358012376
6602439306374,66024393,6374,Larceny/theft,Grand Theft Of Property,Wednesday,2006-04-12,18:00,Central,None,200 Block Of Geary St,-122.407434989523,37.7875158741623
5114939813060,51149398,13060,Prostitution,Solicits For Act Of Prostitution,Tuesday,2005-10-11,21:15,Northern,"Arrest, Cited","Larkin St, Hemlock St",-122.418368839172,37.7874861572042
15610924506244,156109245,6244,Larceny/theft,Grand Theft From Locked Auto,Sunday,2015-05-03,22:30,Ingleside,None,"Brazil Av, Lagrande Avenue",-122.42547895155,37.7202325556594
15101629705071,151016297,5071,Burglary,"Burglary, Forcible Entry",Sunday,2015-11-22,05:12,Southern,None,1200 Block Of Folsom St,-122.410802477808,37.7743299153836
6005387307021,60053873,7021,VehicleTheft,Stolen Automobile,Monday,2006-01-16,00:23,Ingleside,None,0 Block Of Rotteck St,-122.431018033492,37.7329432860793
15102451305083,151024513,5083,Burglary,"Burglary, Hot Prowl, Unlawful Entry",Wednesday,2015-11-25,04:40,Taraval,None,1600 Block Of 9th Avenue,-122.46592276355,37.7574923528497
8004722605073,80047226,5073,Burglary,"Burglary, Unlawful Entry",Sunday,2008-01-13,13:30,Mission,None,3600 Block Of Market St,-122.441245488951,37.7553811390416
15600765506244,156007655,6244,Larceny/theft,Grand Theft From Locked Auto,Friday,2015-01-09,17:30,Southern,None,"3rd St, Folsom St",-122.398932711095,37.7837848211584
5089153664070,50891536,64070,SuspiciousOcc,Suspicious Occurrence,Friday,2005-08-05,17:10,Taraval,Not Prosecuted,0 Block Of Westportal Avenue,-122.466448582438,37.7403329886376
6066507006244,60665070,6244,Larceny/theft,Grand Theft From Locked Auto,Thursday,2006-06-22,00:01,Central,None,"Taylor St, Washington St",-122.413013784095,37.7943195605238
6018580216625,60185802,16625,Drug/narcotic,Sale Of Base/rock Cocaine,Friday,2006-02-17,15:53,Tenderloin,"Arrest, Booked",0 Block Of Unitednations Pz,-122.41431222924,37.7798339183587
5111264606244,51112646,6244,Larceny/theft,Grand Theft From Locked Auto,Saturday,2005-10-01,18:30,Northern,None,"Franklin St, Post St",-122.42321767392,37.7864017953926
13048023916710,130480239,16710,Drug/narcotic,Possession Of Narcotics Paraphernalia,Tuesday,2013-06-11,11:05,Mission,"Arrest, Booked","Guerrero St, 21st St",-122.423332805932,37.7567688932866
15613447428160,156134474,28160,Vandalism,"Malicious Mischief, Vandalism Of Vehicles",Thursday,2015-06-04,18:00,Park,None,"Eddy St, Broderick St",-122.440591215814,37.7803733029702
15608597471000,156085974,71000,Non-criminal,Lost Property,Saturday,2015-04-11,01:00,Central,None,700 Block Of Sutter St,-122.41274032268,37.788755110963
3072602206242,30726022,6242,Larceny/theft,Petty Theft From Locked Auto,Monday,2003-06-09,17:30,Mission,None,2300 Block Of 16th St,-122.409529913278,37.7657184395282
15600321106244,156003211,6244,Larceny/theft,Grand Theft From Locked Auto,Saturday,2015-01-03,20:00,Central,None,"Beach St, The Embarcaderonorth St",-122.40905521632,37.8081099573456
11008528507021,110085285,7021,VehicleTheft,Stolen Automobile,Thursday,2011-01-27,16:30,Southern,"Arrest, Booked","13th St, Harrison St",-122.413388483267,37.7695006538677
15112496971000,151124969,71000,Non-criminal,Lost Property,Wednesday,2015-12-30,23:10,Tenderloin,None,100 Block Of Powell St,-122.40801449292,37.7859507767613
15101732063010,151017320,63010,Warrants,Warrant Arrest,Sunday,2015-11-22,15:54,Southern,"Arrest, Booked","Valencia St, Mccoppin St",-122.422526328922,37.7715962069104
7041985126080,70419851,26080,OtherOffenses,Conspiracy,Tuesday,2007-04-24,14:35,Southern,"Arrest, Booked","Market St, Mason St",-122.408953598279,37.783287873572
15608962506244,156089625,6244,Larceny/theft,Grand Theft From Locked Auto,Tuesday,2015-04-07,10:00,Ingleside,None,"Mission St, Ocean Avenue",-122.435385454946,37.7239104470753
15101381768020,151013817,68020,OtherOffenses,Miscellaneous Investigation,Saturday,2015-11-21,11:35,Bayview,"Arrest, Booked",1500 Block Of Shafter Avenue,-122.389849114797,37.7304741509374
6047793864070,60477938,64070,SuspiciousOcc,Suspicious Occurrence,Thursday,2006-05-04,23:15,Northern,None,"Turk St, Vanness Avenue",-122.420641893733,37.7819608221838
15103098019057,151030980,19057,Assault,Threats Against Life,Friday,2015-11-27,15:05,Mission,None,"14th St, Mission St",-122.419983447697,37.7682726763619
15606179271000,156061792,71000,Non-criminal,Lost Property,Friday,2015-03-06,12:31,Tenderloin,None,"Market St, 9th St",-122.416293820935,37.777493677735
15613612906244,156136129,6244,Larceny/theft,Grand Theft From Locked Auto,Sunday,2015-06-07,10:15,Central,None,"Beach St, Polk St",-122.42384881373,37.8062214269911
15601986006224,156019860,6224,Larceny/theft,Grand Theft From Unlocked Auto,Monday,2015-01-26,13:20,Northern,None,"Cedar St, Vanness Avenue",-122.421477162118,37.7861527352201
15611036106244,156110361,6244,Larceny/theft,Grand Theft From Locked Auto,Tuesday,2015-05-05,20:00,Richmond,None,100 Block Of 29th Avenue,-122.489363885953,37.7856617969831
4089728764070,40897287,64070,SuspiciousOcc,Suspicious Occurrence,Friday,2004-08-06,23:25,Bayview,None,100 Block Of Middle Point Rd,-122.379486937006,37.7348550480451
10068635409320,100686354,9320,Fraud,"Credit Card, Theft By Use Of",Monday,2010-07-26,17:00,Ingleside,None,400 Block Of Italy Avenue,-122.435887881185,37.7168054450449
11008368705013,110083687,5013,Burglary,"Burglary Of Apartment House, Unlawful Entry",Wednesday,2011-01-26,12:30,Park,None,2000 Block Of Ellis St,-122.439954061729,37.7813589416713
7063751413060,70637514,13060,Prostitution,Solicits For Act Of Prostitution,Sunday,2007-06-24,22:25,Central,"Arrest, Cited","Hyde St, Post St",-122.416642370005,37.787245037815
15111899064020,151118990,64020,Non-criminal,"Aided Case, Mental Disturbed",Tuesday,2015-12-29,08:00,Southern,Exceptional Clearance,1100 Block Of Market St,-122.413564091744,37.779514030063
15611867206244,156118672,6244,Larceny/theft,Grand Theft From Locked Auto,Friday,2015-05-15,21:00,Northern,None,"Geary Bl, Fillmore St",-122.432914603494,37.7843533426568
15600678206244,156006782,6244,Larceny/theft,Grand Theft From Locked Auto,Wednesday,2015-01-07,07:00,Bayview,None,700 Block Of Wisconsin St,-122.399128061152,37.7585594904278
6083380765015,60833807,65015,OtherOffenses,Traffic Violation,Monday,2006-08-07,10:00,Southern,"Arrest, Cited",1400 Block Of Mission St,-122.416566499663,37.7748284841464
3148329116710,31483291,16710,Drug/narcotic,Possession Of Narcotics Paraphernalia,Monday,2003-12-22,13:29,Ingleside,"Arrest, Booked",4600 Block Of Mission St,-122.435408042463,37.7239855242312
15608722106374,156087221,6374,Larceny/theft,Grand Theft Of Property,Saturday,2015-03-28,14:40,Tenderloin,None,"Market St, 9th St",-122.416293820935,37.777493677735
11018827165015,110188271,65015,OtherOffenses,Traffic Violation,Saturday,2011-03-05,12:30,Mission,"Arrest, Cited","17th St, Shotwell St",-122.416230392543,37.7636337702985
15606010806244,156060108,6244,Larceny/theft,Grand Theft From Locked Auto,Wednesday,2015-03-11,11:00,Northern,None,1800 Block Of Post St,-122.432230255169,37.7852054554152
15607500006244,156075000,6244,Larceny/theft,Grand Theft From Locked Auto,Friday,2015-03-27,18:00,Northern,None,"Washington St, Octavia St",-122.427807851203,37.7924249809881
8029854805051,80298548,5051,Burglary,"Burglary Of Store, Forcible Entry",Friday,2008-03-21,02:59,Ingleside,None,600 Block Of Brunswick St,-122.446076876885,37.7095574077548
9127229427090,91272294,27090,Larceny/theft,"Lost Property, Petty Theft",Sunday,2009-12-13,23:30,Southern,None,"Harrison St, 9th St",-122.410078544842,37.7725264934261
9038227226142,90382272,26142,Kidnapping,False Imprisonment,Sunday,2009-04-12,12:34,Taraval,"Arrest, Booked",600 Block Of Johnmuir Dr,-122.49206801734,37.7143615498756
15610222706372,156102227,6372,Larceny/theft,Petty Theft Of Property,Sunday,2015-04-26,23:15,Central,None,"Mason St, Vandewater St",-122.413521366085,37.8051505920395
15609051906244,156090519,6244,Larceny/theft,Grand Theft From Locked Auto,Monday,2015-04-13,21:18,Bayview,None,"Charteroak Av, Augusta St",-122.404545375381,37.7343432223742
15106526628150,151065266,28150,Vandalism,"Malicious Mischief, Vandalism",Friday,2015-12-04,21:00,Mission,None,0 Block Of Sycamore St,-122.419858465007,37.7627429027065
15610093628150,156100936,28150,Vandalism,"Malicious Mischief, Vandalism",Saturday,2015-04-25,18:00,Central,None,1000 Block Of Stockton St,-122.40809943667,37.7953991562138
4020055561030,40200555,61030,Non-criminal,"Death Report, Cause Unknown",Wednesday,2004-02-18,12:00,Southern,None,100 Block Of 6th St,-122.408466556173,37.7807008318778
8030637316625,80306373,16625,Drug/narcotic,Sale Of Base/rock Cocaine,Sunday,2008-03-23,14:00,Mission,"Arrest, Booked",2000 Block Of Mission St,-122.41965834371,37.7642205603745
15104594565016,151045945,65016,OtherOffenses,"Drivers License, Suspended Or Revoked",Wednesday,2015-12-02,17:49,Ingleside,"Arrest, Booked",0 Block Of Phelan Avenue,-122.452428220398,37.7257172546557
8088358106154,80883581,6154,Larceny/theft,Grand Theft From Person,Thursday,2008-08-21,22:25,Mission,None,2200 Block Of Market St,-122.431957685196,37.7649357189679
5131711916710,51317119,16710,Drug/narcotic,Possession Of Narcotics Paraphernalia,Monday,2005-11-21,19:50,Southern,"Arrest, Booked",800 Block Of Bryant St,-122.403404791479,37.775420706711
3007064703071,30070647,3071,Robbery,"Robbery, Armed With A Gun",Friday,2003-01-17,22:50,Ingleside,None,100 Block Of Richland Avenue,-122.423798821115,37.7359528396522
10086400530000,100864005,30000,OtherOffenses,"Permit Violation, Police (general)",Friday,2010-09-17,21:35,Southern,"Arrest, Cited","Howard St, 3rd St",-122.400473580152,37.7850290611875
15608737806244,156087378,6244,Larceny/theft,Grand Theft From Locked Auto,Thursday,2015-04-09,16:00,Southern,None,200 Block Of Interstate80 Hy,-122.365565425353,37.8096707013239
5051389306244,50513893,6244,Larceny/theft,Grand Theft From Locked Auto,Sunday,2005-05-08,22:00,Northern,None,600 Block Of Polk St,-122.419020964349,37.782652976077
15108199904134,151081999,4134,Assault,Battery,Tuesday,2015-12-15,11:35,Tenderloin,None,100 Block Of Golden Gate Avenue,-122.413069926397,37.7820204255866
15612364306244,156123643,6244,Larceny/theft,Grand Theft From Locked Auto,Friday,2015-05-22,12:30,Richmond,None,"Turk St, Beaumont Avenue",-122.454333851782,37.7777125068067
8102116464020,81021164,64020,Non-criminal,"Aided Case, Mental Disturbed",Thursday,2008-09-25,15:50,Mission,Psychopathic Case,1000 Block Of Potrero Avenue,-122.406539115148,37.7564864109309
15608331006244,156083310,6244,Larceny/theft,Grand Theft From Locked Auto,Sunday,2015-04-05,18:00,Richmond,None,"Clay St, Arguello Bl",-122.459323510287,37.7875186552504
15612218406372,156122184,6372,Larceny/theft,Petty Theft Of Property,Friday,2015-05-15,00:01,Southern,None,1000 Block Of Folsom St,-122.405834032593,37.778254811523
4008791165010,40087911,65010,OtherOffenses,Traffic Violation Arrest,Thursday,2004-01-22,23:10,Bayview,"Arrest, Booked","Illinois St, 25th St",-122.38681277635,37.7528899958718
15111460363010,151114603,63010,Warrants,Warrant Arrest,Sunday,2015-12-27,13:40,Southern,"Arrest, Booked",1100 Block Of Market St,-122.412320907436,37.7807642254398
15107614475000,151076144,75000,MissingPerson,Found Person,Friday,2015-12-11,07:00,Taraval,None,100 Block Of Thrift St,-122.457612490504,37.7175207437154
15614129706244,156141297,6244,Larceny/theft,Grand Theft From Locked Auto,Saturday,2015-06-13,14:50,Northern,None,3200 Block Of Pierce St,-122.439368478152,37.7999319386215
9031495216664,90314952,16664,Drug/narcotic,Sale Of Controlled Substance,Wednesday,2009-03-25,21:26,Tenderloin,"Arrest, Booked","Golden Gate Av, Leavenworth St",-122.413869632554,37.7818621883021
4077665306244,40776653,6244,Larceny/theft,Grand Theft From Locked Auto,Wednesday,2004-06-02,22:00,Bayview,None,2400 Block Of 3rd St,-122.388575930781,37.7591946530037
7097949164070,70979491,64070,SuspiciousOcc,Suspicious Occurrence,Saturday,2007-09-22,09:00,Bayview,None,400 Block Of Elmira St,-122.403211006015,37.7314594433015
9053495616010,90534956,16010,Drug/narcotic,Possession Of Marijuana,Saturday,2009-05-23,17:36,Southern,"Arrest, Booked","Jones St, Mcallister St",-122.411979487494,37.7809039696758
15103603516010,151036035,16010,Drug/narcotic,Possession Of Marijuana,Sunday,2015-11-29,11:33,Mission,"Arrest, Booked",1900 Block Of Mission St,-122.41967661615,37.7658510977435
10074438865016,100744388,65016,OtherOffenses,"Drivers License, Suspended Or Revoked",Saturday,2010-08-14,10:00,Bayview,"Arrest, Cited","Cesar Chavez St, Vermont St",-122.402868034981,37.7494783929125
15613099906224,156130999,6224,Larceny/theft,Grand Theft From Unlocked Auto,Sunday,2015-05-31,20:00,Northern,None,1100 Block Of Polk St,-122.420136159979,37.7875096258655
15107002715200,151070027,15200,SecondaryCodes,Domestic Violence,Friday,2015-12-11,00:30,Taraval,"Arrest, Booked",1200 Block Of 23rd Avenue,-122.481542735021,37.764295193664
4027108907041,40271089,7041,VehicleTheft,"Vehicle, Recovered, Auto",Sunday,2004-03-07,15:00,Richmond,Unfounded,"48th Av, Balboa St",-122.509092023709,37.7751740518358
15105900964020,151059009,64020,Non-criminal,"Aided Case, Mental Disturbed",Monday,2015-12-07,12:23,Mission,None,800 Block Of Valencia St,-122.421380986073,37.7589148884581
12061480204134,120614802,4134,Assault,Battery,Friday,2012-08-03,21:45,Central,"Arrest, Booked",400 Block Of Broadway St,-122.404282497745,37.7982249345487
15110815109029,151108151,9029,OtherOffenses,False Personation To Receive Money Or Property,Tuesday,2015-12-22,08:00,Southern,None,0 Block Of Baysidevillage Pl,-122.389795266719,37.784851966461
8114763506314,81147635,6314,Larceny/theft,Grand Theft Bicycle,Sunday,2008-10-26,15:30,Richmond,None,200 Block Of Middle Dr,-122.46393260639,37.7698400411124
6050417771000,60504177,71000,Non-criminal,Lost Property,Thursday,2006-05-11,09:00,Southern,None,"7th St, Mission St",-122.410939205552,37.7792122590085
15105005727170,151050057,27170,OtherOffenses,Resisting Arrest,Friday,2015-12-04,07:24,Tenderloin,"Arrest, Booked",300 Block Of Ellis St,-122.411965795229,37.7849141859562
15100461206244,151004612,6244,Larceny/theft,Grand Theft From Locked Auto,Wednesday,2015-11-18,14:00,Northern,None,1300 Block Of Webster St,-122.431046366089,37.7830295716044
15102544263010,151025442,63010,Warrants,Warrant Arrest,Wednesday,2015-11-25,12:58,Bayview,"Arrest, Booked",2500 Block Of Griffith St,-122.386437671186,37.7191834462785
15613991306244,156139913,6244,Larceny/theft,Grand Theft From Locked Auto,Thursday,2015-06-11,18:05,Northern,None,"Grove St, Larkin St",-122.416583456133,37.7786591541508
6068793304014,60687933,4014,Assault,Aggravated Assault With Bodily Force,Thursday,2006-06-29,08:47,Tenderloin,"Arrest, Booked",300 Block Of Leavenworth St,-122.414269361877,37.7842081124308
15111639207025,151116392,7025,VehicleTheft,Stolen Truck,Sunday,2015-12-27,15:00,Park,None,800 Block Of Shrader St,-122.451321281998,37.7670547006262
5058377772000,50583777,72000,Non-criminal,Found Property,Tuesday,2005-05-24,13:25,Mission,None,2700 Block Of Mission St,-122.418587172219,37.7530186537446
15610733006244,156107330,6244,Larceny/theft,Grand Theft From Locked Auto,Tuesday,2015-04-28,10:30,Park,None,"Ofarrell St, Scott St",-122.437636410273,37.782660646138
15609585406244,156095854,6244,Larceny/theft,Grand Theft From Locked Auto,Friday,2015-04-17,21:45,Richmond,None,"6th Av, Lake St",-122.464693712381,37.7866683903681
6080610564070,60806105,64070,SuspiciousOcc,Suspicious Occurrence,Sunday,2006-07-30,17:50,Bayview,None,2100 Block Of Jennings St,-122.388904406633,37.7266917170382
15101560372000,151015603,72000,Non-criminal,Found Property,Saturday,2015-11-21,15:30,Richmond,None,"Geary Bl, 14th Avenue",-122.472843756623,37.7806291168287
15108623462050,151086234,62050,Warrants,Enroute To Outside Jurisdiction,Wednesday,2015-12-16,19:42,Park,"Arrest, Booked",1500 Block Of Haight St,-122.447783070559,37.7699549503465
13071329005013,130713290,5013,Burglary,"Burglary Of Apartment House, Unlawful Entry",Tuesday,2013-08-27,06:33,Northern,None,500 Block Of Octavia St,-122.424735233137,37.7768807995232
9611742906244,96117429,6244,Larceny/theft,Grand Theft From Locked Auto,Friday,2009-11-20,21:00,Central,None,1100 Block Of California St,-122.413288872508,37.7914655329997
13616595006244,136165950,6244,Larceny/theft,Grand Theft From Locked Auto,Wednesday,2013-09-11,17:20,Southern,None,800 Block Of Bryant St,-122.403404791479,37.775420706711
12067410709029,120674107,9029,OtherOffenses,False Personation To Receive Money Or Property,Thursday,2012-08-23,19:00,Taraval,None,2100 Block Of 12th Avenue,-122.468456568938,37.7475967957402
9610474906374,96104749,6374,Larceny/theft,Grand Theft Of Property,Thursday,2009-10-22,22:40,Southern,None,"Howard St, 5th St",-122.404934413339,37.7814987213218
3117335107041,31173351,7041,VehicleTheft,"Vehicle, Recovered, Auto",Sunday,2003-10-05,09:00,Ingleside,None,"Bosworth St, Brompton Avenue",-122.434997541871,37.7337179258383
3143802071000,31438020,71000,Non-criminal,Lost Property,Friday,2003-12-05,22:00,Southern,None,300 Block Of 11th St,-122.413189430011,37.7712736913576
13085818106372,130858181,6372,Larceny/theft,Petty Theft Of Property,Thursday,2013-10-10,15:47,Southern,None,500 Block Of 5th St,-122.39998111124,37.7776242389287
15101429107025,151014291,7025,VehicleTheft,Stolen Truck,Saturday,2015-11-21,10:15,Park,None,700 Block Of Baker St,-122.441705386451,37.7778540141174
13618432006224,136184320,6224,Larceny/theft,Grand Theft From Unlocked Auto,Wednesday,2013-10-02,19:30,Northern,None,400 Block Of Haight St,-122.429622714719,37.7721558284987
15611355306224,156113553,6224,Larceny/theft,Grand Theft From Unlocked Auto,Monday,2015-05-11,00:01,Northern,None,300 Block Of Linden St,-122.423580316315,37.7762712765896
8022912304014,80229123,4014,Assault,Aggravated Assault With Bodily Force,Monday,2008-03-03,14:28,Ingleside,None,3300 Block Of Mission St,-122.421644478447,37.7429970144076
12029101872000,120291018,72000,Non-criminal,Found Property,Wednesday,2012-04-11,19:30,Richmond,None,100 Block Of 8th Avenue,-122.466691991903,37.7856272511349
15107558806243,151075588,6243,Larceny/theft,Petty Theft From Locked Auto,Saturday,2015-12-12,09:00,Bayview,None,300 Block Of Selby St,-122.394559471382,37.7454986548372
10077006065015,100770060,65015,OtherOffenses,Traffic Violation,Saturday,2010-08-21,22:15,Southern,"Arrest, Cited","Harrison St, 7th St",-122.406300138733,37.7755131129937
4118118413060,41181184,13060,Prostitution,Solicits For Act Of Prostitution,Saturday,2004-10-16,00:40,Northern,"Arrest, Cited","Hemlock St, Larkin St",-122.418368839172,37.7874861572042
15111006527170,151110065,27170,OtherOffenses,Resisting Arrest,Friday,2015-12-25,15:10,Mission,"Arrest, Booked",2900 Block Of Harrison St,-122.411737039652,37.7502155641558
4013763506224,40137635,6224,Larceny/theft,Grand Theft From Unlocked Auto,Tuesday,2004-02-03,16:00,Central,None,0 Block Of Telegraph Hill Bl,-122.405471739992,37.8022505061483
15100708627195,151007086,27195,Trespass,Trespassing,Thursday,2015-11-19,07:40,Ingleside,None,100 Block Of Robinhood Dr,-122.456996462841,37.7370280605375
7096825665016,70968256,65016,OtherOffenses,"Drivers License, Suspended Or Revoked",Thursday,2007-09-20,22:15,Richmond,"Arrest, Cited","Geary Bl, Cook St",-122.452144682873,37.7818526961918
15102799364070,151027993,64070,SuspiciousOcc,Suspicious Occurrence,Monday,2015-10-26,09:28,Northern,None,"California St, Fillmore St",-122.433843066298,37.7889062433785
13088815004136,130888150,4136,Assault,Battery With Serious Injuries,Sunday,2013-10-20,02:13,Southern,"Arrest, Booked",800 Block Of Bryant St,-122.403404791479,37.775420706711
15106803807025,151068038,7025,VehicleTheft,Stolen Truck,Monday,2015-12-07,11:30,Taraval,None,"36th Av, Kirkham St",-122.495081738303,37.7590263418333
15112065064002,151120650,64002,Non-criminal,"Civil Sidewalks, Citation",Tuesday,2015-12-29,17:33,Park,"Arrest, Booked",1400 Block Of Haight St,-122.446165617978,37.7701611813393
11001902419024,110019024,19024,DisorderlyConduct,"Disturbing The Peace, Fighting",Thursday,2011-01-06,21:40,Ingleside,"Arrest, Booked",700 Block Of Rockdale Dr,-122.452020344629,37.7413116550616
4061289719057,40612897,19057,Assault,Threats Against Life,Friday,2004-05-28,09:20,Bayview,None,100 Block Of Kiska Rd,-122.378494173975,37.7304096808335
10060171675000,100601716,75000,MissingPerson,Found Person,Sunday,2010-06-27,21:00,Taraval,Located,1500 Block Of 17th Avenue,-122.474726848505,37.7589732042341
15601375928150,156013759,28150,Vandalism,"Malicious Mischief, Vandalism",Sunday,2015-01-18,15:00,Southern,None,800 Block Of Bryant St,-122.403404791479,37.775420706711
15101739206362,151017392,6362,Larceny/theft,Petty Theft Shoplifting,Sunday,2015-11-22,17:15,Southern,"Arrest, Booked",500 Block Of 9th St,-122.407702149718,37.7706967930865
6064268627195,60642686,27195,Trespass,Trespassing,Saturday,2006-06-17,11:45,Central,None,600 Block Of Jones St,-122.413162802096,37.7870801005292
9073158816010,90731588,16010,Drug/narcotic,Possession Of Marijuana,Saturday,2009-07-18,15:22,Southern,"Arrest, Booked",1000 Block Of Market St,-122.411071423064,37.7817511307229
15101803328160,151018033,28160,Vandalism,"Malicious Mischief, Vandalism Of Vehicles",Sunday,2015-11-22,18:30,Central,None,500 Block Of Union St,-122.408628177706,37.8005681237694
3058013563010,30580135,63010,Warrants,Warrant Arrest,Friday,2003-01-17,15:30,Park,None,1600 Block Of Haight St,-122.449942040795,37.7696796386185
15610637606244,156106376,6244,Larceny/theft,Grand Theft From Locked Auto,Sunday,2015-05-03,15:30,Northern,None,"Page St, Gough St",-122.422407312809,37.7740841093313
15604915206372,156049152,6372,Larceny/theft,Petty Theft Of Property,Tuesday,2015-02-03,09:54,Park,None,1300 Block Of 7th Avenue,-122.464036682659,37.7631850405353
15611825271000,156118252,71000,Non-criminal,Lost Property,Friday,2015-05-15,03:00,Southern,None,800 Block Of Bryant St,-122.403404791479,37.775420706711
15100899328100,151008993,28100,Vandalism,"Malicious Mischief, Breaking Windows",Thursday,2015-11-19,17:40,Ingleside,None,0 Block Of Blythdale Avenue,-122.417678812123,37.7107672954351
15107787919090,151077879,19090,Drunkenness,Under Influence Of Alcohol In A Public Place,Sunday,2015-12-13,22:30,Central,"Arrest, Booked",200 Block Of Jefferson St,-122.416629414907,37.8080574789267
13080689528165,130806895,28165,Vandalism,"Malicious Mischief, Graffiti",Tuesday,2013-09-24,02:00,Southern,None,0 Block Of 8th St,-122.413684555167,37.7777984628537
15607799306244,156077993,6244,Larceny/theft,Grand Theft From Locked Auto,Tuesday,2015-03-17,16:00,Park,None,0 Block Of Devonshire Wy,-122.460919930363,37.7548065369185
10113884127068,101138841,27068,Fraud,False Report Of Emergency,Friday,2010-12-10,08:00,Park,"Arrest, Cited",0 Block Of Castro St,-122.435637436721,37.7681694346175
11606898206244,116068982,6244,Larceny/theft,Grand Theft From Locked Auto,Saturday,2011-05-28,12:30,Central,None,500 Block Of The Embarcaderonorth St,-122.398235203603,37.8001789040645
5042902430200,50429024,30200,OtherOffenses,Violation Of Municipal Code,Monday,2005-04-18,12:09,Mission,"Arrest, Booked",3000 Block Of 16th St,-122.420080983505,37.7650815376682
3100802106244,31008021,6244,Larceny/theft,Grand Theft From Locked Auto,Monday,2003-08-25,19:15,Southern,None,200 Block Of Townsend St,-122.393759444353,37.7781318813502
15608448706374,156084487,6374,Larceny/theft,Grand Theft Of Property,Thursday,2015-03-19,09:04,Central,None,500 Block Of Mason St,-122.410219831759,37.7885496705771
9047662127170,90476621,27170,OtherOffenses,Resisting Arrest,Thursday,2009-05-07,15:27,Mission,"Arrest, Booked",2000 Block Of Market St,-122.426955631709,37.769247063207
10102481471000,101024814,71000,Non-criminal,Lost Property,Tuesday,2010-11-02,18:00,Central,None,500 Block Of Beach St,-122.418089185425,37.8069115312916
6100259816623,61002598,16623,Drug/narcotic,Possession Of Base/rock Cocaine For Sale,Tuesday,2006-09-19,16:25,Tenderloin,"Arrest, Booked",0 Block Of Unitednations Pz,-122.41431222924,37.7798339183587
7039770216030,70397702,16030,Drug/narcotic,Possession Of Marijuana For Sales,Wednesday,2007-04-18,16:20,Richmond,"Arrest, Booked",500 Block Of Johnfkennedy Dr,-122.466204667893,37.7725405391593
9048683009020,90486830,9020,Forgery/counterfeiting,"Checks, Make Or Pass Fictitious",Saturday,2009-05-09,08:20,Richmond,None,100 Block Of Cornwall St,-122.4608172611,37.7850359398002
5003271816625,50032718,16625,Drug/narcotic,Sale Of Base/rock Cocaine,Sunday,2005-01-09,22:20,Tenderloin,"Arrest, Booked",0 Block Of Turk St,-122.409853729941,37.7833862379382
9032962206362,90329622,6362,Larceny/theft,Petty Theft Shoplifting,Sunday,2009-03-29,20:24,Central,"Arrest, Cited",400 Block Of Post St,-122.409256096494,37.788239899778
5072013919057,50720139,19057,Assault,Threats Against Life,Tuesday,2005-06-28,06:45,Tenderloin,"Arrest, Booked",300 Block Of Golden Gate Avenue,-122.416330278481,37.7814946497101
15606945106244,156069451,6244,Larceny/theft,Grand Theft From Locked Auto,Sunday,2015-03-15,21:00,Ingleside,None,0 Block Of Moneta Wy,-122.449757085087,37.7129011058725
9088839965015,90888399,65015,OtherOffenses,Traffic Violation,Saturday,2009-08-29,17:00,Mission,"Arrest, Cited","Cesar Chavez St, Bryant St",-122.408706424988,37.7483538788739
15111344562050,151113445,62050,Warrants,Enroute To Outside Jurisdiction,Saturday,2015-12-26,01:23,Mission,"Arrest, Booked","Shotwell St, 21st St",-122.415629332446,37.757232227914
6109774315201,61097743,15201,Assault,Stalking,Friday,2006-10-13,23:13,Central,None,200 Block Of Columbus Avenue,-122.406503626072,37.7976778969458
8105778316660,81057783,16660,Drug/narcotic,Possession Of Controlled Substance,Saturday,2008-10-04,15:00,Southern,"Arrest, Booked",100 Block Of 6th St,-122.408466556173,37.7807008318778
7058928806241,70589288,6241,Larceny/theft,Petty Theft From Locked Auto,Sunday,2007-06-10,13:00,Bayview,None,700 Block Of Barneveld Avenue,-122.407626522365,37.7340230602944
6006997716621,60069977,16621,Drug/narcotic,Possession Of Base/rock Cocaine,Thursday,2006-01-19,08:33,Mission,"Arrest, Booked",2000 Block Of Mission St,-122.41965834371,37.7642205603745
15605617906244,156056179,6244,Larceny/theft,Grand Theft From Locked Auto,Thursday,2015-03-05,11:45,Bayview,None,1600 Block Of Evans Avenue,-122.38944972301,37.743478842873
15100447419057,151004474,19057,Assault,Threats Against Life,Wednesday,2015-11-18,14:01,Richmond,"Arrest, Booked",300 Block Of 11th Avenue,-122.469766223526,37.7817135599476
15102938165015,151029381,65015,OtherOffenses,Traffic Violation,Thursday,2015-11-26,22:15,Bayview,"Arrest, Booked","Felton St, Hamilton St",-122.410520362843,37.7284889193174
6042632716621,60426327,16621,Drug/narcotic,Possession Of Base/rock Cocaine,Friday,2006-04-21,16:01,Tenderloin,"Arrest, Booked","Turk St, Taylor St",-122.410768766343,37.7832145190013
15110834965016,151108349,65016,OtherOffenses,"Drivers License, Suspended Or Revoked",Thursday,2015-12-24,17:00,Tenderloin,"Arrest, Booked","Geary St, Grant Avenue",-122.405043248406,37.7877653941874
6096842619010,60968426,19010,DisorderlyConduct,Committing Public Nuisance,Monday,2006-09-11,07:43,Mission,"Arrest, Cited",400 Block Of Valencia St,-122.421994366464,37.765314854109
15107343505011,151073435,5011,Burglary,"Burglary Of Apartment House, Forcible Entry",Friday,2015-12-11,01:30,Central,None,500 Block Of Stockton St,-122.407193783677,37.791011200664
9121388414040,91213884,14040,OtherOffenses,Indecent Exposure,Tuesday,2009-11-24,17:00,Southern,None,800 Block Of Market St,-122.407633520742,37.7841893501425
8071243519057,80712435,19057,Assault,Threats Against Life,Tuesday,2008-07-08,11:27,Mission,"Arrest, Booked","24th St, Potrero Avenue",-122.406338412685,37.7530042877223
8096423809020,80964238,9020,Forgery/counterfeiting,"Checks, Make Or Pass Fictitious",Saturday,2008-03-01,00:01,Northern,None,2300 Block Of Clay St,-122.433155243894,37.790788621456
12004156216621,120041562,16621,Drug/narcotic,Possession Of Base/rock Cocaine,Sunday,2012-01-15,17:15,Southern,"Arrest, Booked","Market St, 7th St",-122.412515341356,37.7804777480508
5103938510149,51039385,10149,Forgery/counterfeiting,"Money, Changing Face Amount",Thursday,2005-09-15,13:37,Southern,Prosecuted By Outside Agency,1600 Block Of Mission St,-122.419105740752,37.7719857711361
15600689528160,156006895,28160,Vandalism,"Malicious Mischief, Vandalism Of Vehicles",Thursday,2015-01-08,01:30,Bayview,None,"Jerrold Av, Earl St",-122.372586225498,37.7292572982969
5033481506365,50334815,6365,Larceny/theft,Petty Theft With Prior,Friday,2005-03-25,18:50,Northern,"Arrest, Cited",1200 Block Of Vanness Avenue,-122.421441956086,37.7868516471087
15110370306152,151103703,6152,Larceny/theft,Grand Theft From Person,Tuesday,2015-12-22,11:00,Tenderloin,None,"Grove St, Hyde St",-122.414743835382,37.778719262789
9057997464070,90579974,64070,SuspiciousOcc,Suspicious Occurrence,Friday,2009-06-05,16:40,Mission,None,2300 Block Of 16th St,-122.409529913278,37.7657184395282
13053359307021,130533593,7021,VehicleTheft,Stolen Automobile,Friday,2013-03-29,01:30,Mission,None,"Potrero Av, 19th St",-122.40706775926,37.7606618802723
10083332368060,100833323,68060,OtherOffenses,"Traffic Collision, Hit & Run, Property Damage",Thursday,2010-09-09,09:20,Taraval,None,900 Block Of Ocean Avenue,-122.452757708661,37.7230849825376
15611378506244,156113785,6244,Larceny/theft,Grand Theft From Locked Auto,Sunday,2015-05-03,18:30,Central,None,"Bay St, Stockton St",-122.410313788739,37.8060266607919
15105706909340,151057069,9340,Fraud,Fraudulent Credit Application,Thursday,2015-01-01,00:01,Richmond,None,600 Block Of 35th Avenue,-122.495310429803,37.7767239668024
15602666106244,156026661,6244,Larceny/theft,Grand Theft From Locked Auto,Wednesday,2015-02-04,13:00,Southern,None,800 Block Of Bryant St,-122.403404791479,37.775420706711
15101681106362,151016811,6362,Larceny/theft,Petty Theft Shoplifting,Sunday,2015-11-22,12:00,Southern,None,600 Block Of Market St,-122.402552957865,37.7884749146803
6605470406374,66054704,6374,Larceny/theft,Grand Theft Of Property,Monday,2006-07-24,08:00,Southern,None,"Townsend St, 4th St",-122.394985875925,37.7770909534023
15608839806372,156088398,6372,Larceny/theft,Petty Theft Of Property,Wednesday,2015-04-08,14:00,Southern,None,200 Block Of 8th St,-122.411271940537,37.7760329501244
15106516911012,151065169,11012,StolenProperty,"Stolen Property, Possession With Knowledge, Receiving",Wednesday,2015-12-09,12:30,Northern,"Arrest, Booked",2200 Block Of Chestnut St,-122.439917841054,37.800406453512
11611242606244,116112426,6244,Larceny/theft,Grand Theft From Locked Auto,Saturday,2011-09-03,20:30,Bayview,None,"Patterson St, Oakdale Avenue",-122.404828258937,37.7428156575753
6091887964070,60918879,64070,SuspiciousOcc,Suspicious Occurrence,Tuesday,2006-08-29,02:23,Southern,None,400 Block Of Townsend St,-122.398389903403,37.7744749193206
15111903962050,151119039,62050,Warrants,Enroute To Outside Jurisdiction,Tuesday,2015-12-29,08:51,Bayview,"Arrest, Booked",1400 Block Of Mendell St,-122.390577977348,37.7342439948771
3078325464020,30783254,64020,Non-criminal,"Aided Case, Mental Disturbed",Monday,2003-06-30,22:07,Ingleside,Psychopathic Case,0 Block Of Pretor Wy,-122.442429280178,37.7100702548549
11600616471000,116006164,71000,Non-criminal,Lost Property,Monday,2010-12-13,13:00,Tenderloin,None,"8th St, Market St",-122.414743835382,37.778719262789
15104134163010,151041341,63010,Warrants,Warrant Arrest,Tuesday,2015-12-01,09:16,Tenderloin,"Arrest, Booked",300 Block Of Ellis St,-122.411965795229,37.7849141859562
15111362765057,151113627,65057,DrivingUnderTheInfluence,"Driving While Under The Influence Of Drugs, W/injury",Sunday,2015-12-27,05:56,Southern,None,"6th St, Harrison St",-122.404071611406,37.7772741854354
15101151028160,151011510,28160,Vandalism,"Malicious Mischief, Vandalism Of Vehicles",Thursday,2015-11-19,07:00,Ingleside,None,0 Block Of Montecito Avenue,-122.453839006261,37.7309288554346
15100695312120,151006953,12120,WeaponLaws,Poss Of Prohibited Weapon,Thursday,2015-11-19,08:50,Mission,"Arrest, Booked","16th St, Mission St",-122.419671780296,37.7650501214668
15110261409026,151102614,9026,OtherOffenses,False Personation And Cheat Crimes (general),Wednesday,2015-11-18,12:00,Richmond,None,700 Block Of 43rd Avenue,-122.503606227047,37.7744731587985
15102723803074,151027238,3074,Robbery,"Robbery, Bodily Force",Wednesday,2015-11-25,22:50,Southern,None,"Golden Gate Av, Taylor St",-122.41029351969,37.7822305870036
15607521006244,156075210,6244,Larceny/theft,Grand Theft From Locked Auto,Friday,2015-03-27,21:00,Central,None,"Beach St, Hyde St",-122.420564122317,37.8066567824467
15100992907021,151009929,7021,VehicleTheft,Stolen Automobile,Thursday,2015-11-19,17:30,Park,None,0 Block Of Crestline Dr,-122.446432100907,37.750241057883
10088886706114,100888867,6114,Larceny/theft,Grand Theft Pickpocket,Friday,2010-09-24,17:15,Southern,None,"Market St, Powell St",-122.407545855931,37.784401179486
15613489406372,156134894,6372,Larceny/theft,Petty Theft Of Property,Tuesday,2015-05-12,08:00,Richmond,None,2500 Block Of California St,-122.436334100236,37.7886446325449
15108106865016,151081068,65016,OtherOffenses,"Drivers License, Suspended Or Revoked",Tuesday,2015-12-15,05:56,Central,"Arrest, Booked",1600 Block Of The Embarcaderonorth St,-122.410774214375,37.8084350175869
5120058616625,51200586,16625,Drug/narcotic,Sale Of Base/rock Cocaine,Monday,2005-10-24,15:58,Tenderloin,"Arrest, Booked",0 Block Of Unitednations Pz,-122.414317857881,37.7799444052046
3016146230200,30161462,30200,OtherOffenses,Violation Of Municipal Code,Saturday,2003-02-08,09:46,Central,"Arrest, Cited",400 Block Of The Embarcadero North St,-122.396374439116,37.7980532528058
15103661527130,151036615,27130,OtherOffenses,Possession Of Burglary Tools,Sunday,2015-11-29,16:38,Southern,"Arrest, Booked","5th St, Mission St",-122.406481972743,37.7827317884887
3117600409110,31176004,9110,Fraud,"Forgery, Credit Card",Thursday,2003-05-29,12:01,Central,None,0 Block Of Bernard St,-122.41427932973,37.7963631160042
3051202516621,30512025,16621,Drug/narcotic,Possession Of Base/rock Cocaine,Thursday,2003-05-01,19:39,Southern,"Arrest, Booked",1000 Block Of Market St,-122.411071423064,37.7817511307229
15613488871000,156134888,71000,Non-criminal,Lost Property,Friday,2015-06-05,18:00,Taraval,None,"Sloat Bl, 19th Avenue",-122.475102006298,37.734623708357
7038868265015,70388682,65015,OtherOffenses,Traffic Violation,Monday,2007-04-16,18:04,Mission,"Arrest, Cited",200 Block Of Sanchez St,-122.430883448045,37.765110583712
6114855665015,61148556,65015,OtherOffenses,Traffic Violation,Friday,2006-10-27,17:12,Central,"Arrest, Booked",300 Block Of Beach St,-122.414822317443,37.8074314598723
15612705906244,156127059,6244,Larceny/theft,Grand Theft From Locked Auto,Friday,2015-05-22,23:58,Bayview,None,600 Block Of San Bruno Avenue,-122.405226360283,37.7614068935355
15605577306244,156055773,6244,Larceny/theft,Grand Theft From Locked Auto,Tuesday,2015-03-03,23:55,Northern,None,2300 Block Of Vanness Avenue,-122.423871800526,37.7971395544377
15112456104144,151124561,4144,"SexOffenses,Forcible",Sexual Battery,Tuesday,2015-12-29,18:00,Mission,None,"Castro St, Market St",-122.435187699349,37.7626702770872
3142042506304,31420425,6304,Larceny/theft,Grand Theft From A Building,Sunday,2003-11-30,00:30,Richmond,None,"Geary Bl, 3rd Avenue",-122.461062711149,37.7811580518981
12002080175000,120020801,75000,MissingPerson,Found Person,Sunday,2012-01-08,13:30,Mission,None,900 Block Of Potrero Avenue,-122.406604919508,37.7571580431915
6093498805073,60934988,5073,Burglary,"Burglary, Unlawful Entry",Thursday,2006-07-20,12:00,Central,None,1300 Block Of Hyde St,-122.417917488167,37.7932435167985
15608018406372,156080184,6372,Larceny/theft,Petty Theft Of Property,Saturday,2015-03-28,23:55,Southern,None,"Harrison St, 5th St",-122.401846367522,37.7790324136251
15606013606244,156060136,6244,Larceny/theft,Grand Theft From Locked Auto,Tuesday,2015-03-10,00:01,Richmond,None,"California St, Funston Avenue",-122.472052928195,37.7844743351606
13042913006304,130429130,6304,Larceny/theft,Grand Theft From A Building,Thursday,2013-05-23,09:00,Central,None,1400 Block Of California St,-122.418219833881,37.7908244663738
9021542964072,90215429,64072,SuspiciousOcc,"Suspicious Occurrence, Possible Shots Fired",Saturday,2009-02-28,01:57,Northern,None,"Vanness Av, Pacific Avenue",-122.423227151585,37.7948173520031
15602339428160,156023394,28160,Vandalism,"Malicious Mischief, Vandalism Of Vehicles",Saturday,2015-01-31,12:20,Central,None,"Drumm St, Washington St",-122.396962385547,37.7963478739442
15604324506244,156043245,6244,Larceny/theft,Grand Theft From Locked Auto,Friday,2015-02-20,07:00,Northern,None,"Gough St, Eddy St",-122.424109315499,37.7824756422772
15101287527170,151012875,27170,OtherOffenses,Resisting Arrest,Saturday,2015-11-21,00:25,Mission,"Arrest, Booked","Capp St, 20th St",-122.41796448376,37.7586968166489
8045042505053,80450425,5053,Burglary,"Burglary Of Store, Unlawful Entry",Tuesday,2008-04-29,20:30,Southern,"Arrest, Booked",800 Block Of Market St,-122.406520987144,37.7850629421661
17021379972000,170213799,72000,Non-criminal,Found Property,Saturday,2017-03-11,09:00,Southern,None,700 Block Of Market St,-122.40529484521451,37.7863072236365
6094939172000,60949391,72000,Non-criminal,Found Property,Wednesday,2006-09-06,01:25,Mission,Unfounded,600 Block Of Valencia St,-122.421747650463,37.7627436601147
15611138128160,156111381,28160,Vandalism,"Malicious Mischief, Vandalism Of Vehicles",Friday,2015-05-08,21:50,Bayview,None,"Kansas St, Cesar Chavez St",-122.402063377785,37.7493979879214
9005981328100,90059813,28100,Vandalism,"Malicious Mischief, Breaking Windows",Saturday,2009-01-17,02:30,Northern,None,1300 Block Of Polk St,-122.420422400634,37.7889233553137
4043928727195,40439287,27195,Trespass,Trespassing,Saturday,2004-04-17,12:00,Southern,"Arrest, Booked",1200 Block Of Folsom St,-122.410900108267,37.7744077759133
15602815606374,156028156,6374,Larceny/theft,Grand Theft Of Property,Wednesday,2015-02-04,21:30,Southern,None,1400 Block Of Market St,-122.418025338851,37.7759819721841
13030657205071,130306572,5071,Burglary,"Burglary, Forcible Entry",Friday,2013-04-12,17:00,Richmond,None,1600 Block Of Divisadero St,-122.439895352954,37.7847777703892
15612033206372,156120332,6372,Larceny/theft,Petty Theft Of Property,Friday,2015-05-15,12:00,Central,None,1200 Block Of Jones St,-122.414405940495,37.7925546958216
5066539707021,50665397,7021,VehicleTheft,Stolen Automobile,Tuesday,2005-06-14,08:30,Ingleside,Unfounded,0 Block Of Still St,-122.430403703662,37.7317874596348
15604521306372,156045213,6372,Larceny/theft,Petty Theft Of Property,Thursday,2015-02-19,23:00,Richmond,None,3900 Block Of Geary Bl,-122.461620169101,37.7812597610597
15104073519057,151040735,19057,Assault,Threats Against Life,Tuesday,2015-12-01,01:35,Park,None,1100 Block Of Scott St,-122.437236101904,37.7803348745141
15613576728150,156135767,28150,Vandalism,"Malicious Mischief, Vandalism",Friday,2015-06-05,23:00,Park,None,1800 Block Of Eddy St,-122.438120409301,37.7807473113138
15108456709320,151084567,9320,Fraud,"Credit Card, Theft By Use Of",Wednesday,2015-12-16,09:00,Southern,None,700 Block Of Market St,-122.403919148357,37.7871160984672
10114706804134,101147068,4134,Assault,Battery,Monday,2010-12-13,16:45,Southern,None,300 Block Of The Embarcaderosouth St,-122.39670853026,37.7978728855933
3101000462030,31010004,62030,Warrants,Enroute To Parole Officer,Tuesday,2003-08-26,16:20,Southern,"Arrest, Booked","7th St, Market St",-122.412515341363,37.7804777480279
15602069128150,156020691,28150,Vandalism,"Malicious Mischief, Vandalism",Saturday,2015-01-24,23:00,Taraval,None,100 Block Of Cambon Dr,-122.474170989826,37.7166569724342
15100451562050,151004515,62050,Warrants,Enroute To Outside Jurisdiction,Wednesday,2015-11-18,13:13,Southern,"Arrest, Booked",300 Block Of 10th St,-122.412311666664,37.7724811636038
15601161206372,156011612,6372,Larceny/theft,Petty Theft Of Property,Friday,2015-01-02,00:01,Northern,None,1500 Block Of Gough St,-122.425257074187,37.7878246746017
3107351304134,31073513,4134,Assault,Battery,Thursday,2003-09-11,11:25,Taraval,None,1200 Block Of 41st Avenue,-122.500694029642,37.7634490984123
15105429763010,151054297,63010,Warrants,Warrant Arrest,Saturday,2015-12-05,16:40,Central,"Arrest, Booked",300 Block Of Bay St,-122.412803753,37.8057739875696
13046704909264,130467049,9264,OtherOffenses,"Computer System, Accessing, Copying, Or Damaging",Thursday,2013-05-02,13:00,Park,Prosecuted By Outside Agency,100 Block Of Grattan St,-122.450346057833,37.7639870852471
15101248304013,151012483,4013,Assault,Aggravated Assault With A Deadly Weapon,Friday,2015-11-20,22:33,Central,None,1100 Block Of The Embarcaderonorth St,-122.40256476079,37.8047715653509
5092545863010,50925458,63010,Warrants,Warrant Arrest,Thursday,2005-08-18,09:14,Northern,"Arrest, Booked",300 Block Of Elm St,-122.423032653125,37.7812342694653
15103502106244,151035021,6244,Larceny/theft,Grand Theft From Locked Auto,Saturday,2015-11-28,21:00,Central,None,700 Block Of Broadway St,-122.409987226165,37.7975109044812
15112555304134,151125553,4134,Assault,Battery,Thursday,2015-10-01,00:01,Tenderloin,None,0 Block Of Mcallister St,-122.412596970637,37.7811192121542
15112209807021,151122098,7021,VehicleTheft,Stolen Automobile,Wednesday,2015-12-30,00:42,Southern,None,1500 Block Of Howard St,-122.415881424989,37.7727413124227
5023063328160,50230633,28160,Vandalism,"Malicious Mischief, Vandalism Of Vehicles",Monday,2005-02-28,12:50,Southern,None,1000 Block Of Market St,-122.411071423064,37.7817511307229
15111964707021,151119647,7021,VehicleTheft,Stolen Automobile,Monday,2015-12-28,18:30,Bayview,None,"Gilman Av, Ingalls St",-122.391872492835,37.7203513038826
15109309127195,151093091,27195,Trespass,Trespassing,Saturday,2015-12-19,01:52,Southern,"Arrest, Booked",800 Block Of Bryant St,-122.403404791479,37.775420706711
15106667864020,151066678,64020,Non-criminal,"Aided Case, Mental Disturbed",Wednesday,2015-12-09,20:55,Southern,None,700 Block Of Mission St,-122.403070000847,37.7852686309087
5087327727170,50873277,27170,OtherOffenses,Resisting Arrest,Thursday,2005-08-04,23:15,Northern,"Arrest, Cited",600 Block Of Eddy St,-122.418360181974,37.7831498978211
15603947628150,156039476,28150,Vandalism,"Malicious Mischief, Vandalism",Tuesday,2015-02-17,04:05,Southern,None,500 Block Of Market St,-122.399396749686,37.7909646254938
15103533807055,151035338,7055,RecoveredVehicle,Recovered Vehicle - Stolen Outside Sf,Sunday,2015-11-29,03:54,Mission,None,"21st St, Diamond St",-122.436746376944,37.7559641323825
5073157872000,50731578,72000,Non-criminal,Found Property,Thursday,2005-06-30,11:25,Northern,None,1800 Block Of Geary Bl,-122.433701277792,37.7840473873954
15611516706244,156115167,6244,Larceny/theft,Grand Theft From Locked Auto,Sunday,2015-05-10,15:22,Park,None,"Middle Dr, Metson Rd",-122.49291291303,37.766141968756
9082901404144,90829014,4144,"SexOffenses,Forcible",Sexual Battery,Friday,2009-08-14,12:30,Mission,None,0 Block Of Bartlett St,-122.420003504083,37.7561630112752
15109760128160,151097601,28160,Vandalism,"Malicious Mischief, Vandalism Of Vehicles",Sunday,2015-12-20,18:40,Mission,None,"Alabama St, 24th St",-122.410962664755,37.752684919614
15612018806244,156120188,6244,Larceny/theft,Grand Theft From Locked Auto,Monday,2015-05-18,19:40,Northern,None,"Fillmore St, Pine St",-122.433648580485,37.7879507587225
13102115307021,131021153,7021,VehicleTheft,Stolen Automobile,Friday,2013-11-29,15:00,Park,None,"Pierce St, Hayes St",-122.434485055659,37.7754165687704
15602019606244,156020196,6244,Larceny/theft,Grand Theft From Locked Auto,Tuesday,2015-01-27,13:00,Central,None,"Chestnut St, The Embarcaderonorth St",-122.403193067238,37.8051144492271
15111509305152,151115093,5152,Burglary,"Burglary,store Under Construction, Att. Forcible",Sunday,2015-12-20,19:00,Northern,None,500 Block Of Larkin St,-122.417367329727,37.7828626236813
15103721564085,151037215,64085,SuspiciousOcc,Investigative Detention,Sunday,2015-11-29,21:20,Ingleside,Exceptional Clearance,"Foerster St, Staples Avenue",-122.44884916581,37.7290725174135
4112386306240,41123863,6240,Larceny/theft,Attempted Theft From Locked Vehicle,Friday,2004-10-01,00:01,Bayview,None,"Pennsylvania Av, 18th St",-122.393613284855,37.7627549475679
3128378407020,31283784,7020,VehicleTheft,Stolen And Recovered Vehicle,Saturday,2003-11-01,03:50,Bayview,None,"Jamestown Av, Hawes St",-122.391600029314,37.7175263464706
9067262562030,90672625,62030,Warrants,Enroute To Parole Officer,Thursday,2009-07-02,07:50,Northern,"Arrest, Booked",0 Block Of Alhambra St,-122.437767918656,37.8028621250371
6093331628150,60933316,28150,Vandalism,"Malicious Mischief, Vandalism",Thursday,2006-08-10,20:00,Southern,None,500 Block Of 3rd St,-122.394886569527,37.7804801938296
6052919704134,60529197,4134,Assault,Battery,Thursday,2006-05-18,18:02,Central,None,800 Block Of Post St,-122.415821891164,37.7872932910877
11083426465020,110834264,65020,OtherOffenses,Reckless Driving,Sunday,2011-10-16,11:37,Ingleside,"Arrest, Booked",2000 Block Of Bay Shore Bl,-122.399766787626,37.7141809476816
10075042671010,100750426,71010,OtherOffenses,Lost/stolen License Plate,Sunday,2010-08-15,18:00,Ingleside,None,100 Block Of Randall St,-122.427912304718,37.7397076515478
15105197016652,151051970,16652,Drug/narcotic,Possession Of Meth-amphetamine For Sale,Friday,2015-12-04,18:45,Tenderloin,"Arrest, Booked","Turk St, Taylor St",-122.410768766343,37.7832145190013
15612486706224,156124867,6224,Larceny/theft,Grand Theft From Unlocked Auto,Sunday,2015-05-24,23:00,Richmond,None,600 Block Of Funston Avenue,-122.471369155977,37.7759452824674
15611592971000,156115929,71000,Non-criminal,Lost Property,Tuesday,2015-05-12,16:45,Richmond,None,"Geary Bl, 20th Avenue",-122.47938403981,37.7803326972451
15105729128100,151057291,28100,Vandalism,"Malicious Mischief, Breaking Windows",Sunday,2015-12-06,20:07,Park,None,"Haight St, Stanyan St",-122.45353456066,37.7691662978052
15612123306374,156121233,6374,Larceny/theft,Grand Theft Of Property,Monday,2015-05-18,01:00,Northern,None,400 Block Of Haight St,-122.429644614552,37.7722642986091
15609105606244,156091056,6244,Larceny/theft,Grand Theft From Locked Auto,Wednesday,2015-04-15,17:00,Southern,None,200 Block Of Interstate80 Hy,-122.365565425353,37.8096707013239
11086776071000,110867760,71000,Non-criminal,Lost Property,Tuesday,2008-01-01,00:01,Southern,None,800 Block Of Bryant St,-122.403404791479,37.775420706711
15109725316060,151097253,16060,Drug/narcotic,Transportation Of Marijuana,Sunday,2015-12-20,15:40,Park,"Arrest, Booked","Buenavistawest Av, Waller St",-122.442764781005,37.7696601882348
3041345105043,30413451,5043,Burglary,"Burglary Of Residence, Unlawful Entry",Monday,2003-04-07,13:00,Mission,None,0 Block Of Fountain St,-122.441681630817,37.7500294084309
12027884064020,120278840,64020,Non-criminal,"Aided Case, Mental Disturbed",Sunday,2012-04-08,09:30,Southern,Psychopathic Case,0 Block Of Dore St,-122.413045971966,37.7738617771611
15112038706364,151120387,6364,Larceny/theft,Grand Theft Shoplifting,Tuesday,2015-12-29,16:11,Northern,None,2000 Block Of Fillmore St,-122.433813580387,37.7884287785616
3125321028100,31253210,28100,Vandalism,"Malicious Mischief, Breaking Windows",Friday,2003-10-24,19:40,Tenderloin,None,0 Block Of Mason St,-122.409268441444,37.7837998723601
4048073507055,40480735,7055,VehicleTheft,Recovered Vehicle - Stolen Outside Sf,Tuesday,2004-04-27,11:30,Richmond,None,500 Block Of 38th Avenue,-122.498660660334,37.7784714881751
13048243909029,130482439,9029,OtherOffenses,False Personation To Receive Money Or Property,Saturday,2012-11-17,12:00,Taraval,None,200 Block Of Randolph St,-122.464859528476,37.7143452864077
9094911707023,90949117,7023,VehicleTheft,Stolen Motorcycle,Monday,2009-09-14,18:00,Northern,None,"Scott St, Lombard St",-122.440979708229,37.7992107895433
15601657106244,156016571,6244,Larceny/theft,Grand Theft From Locked Auto,Wednesday,2015-01-21,04:15,Central,None,"Broadway St, Larkin St",-122.420110903923,37.796094078966
5028668606244,50286686,6244,Larceny/theft,Grand Theft From Locked Auto,Saturday,2005-03-12,00:01,Taraval,None,"Cardenas Av, Holloway Avenue",-122.477017344718,37.7208100203961
15105520164020,151055201,64020,Non-criminal,"Aided Case, Mental Disturbed",Sunday,2015-12-06,00:50,Southern,None,200 Block Of 8th St,-122.411271940537,37.7760329501244
15611974906244,156119749,6244,Larceny/theft,Grand Theft From Locked Auto,Saturday,2015-05-16,20:20,Southern,None,800 Block Of Bryant St,-122.403404791479,37.775420706711
5108679007051,51086790,7051,VehicleTheft,Attempted Stolen Vehicle,Tuesday,2005-09-20,13:00,Park,None,1300 Block Of Fell St,-122.440126155736,37.7737933965852
7130705907021,71307059,7021,VehicleTheft,Stolen Automobile,Saturday,2007-12-22,21:30,Bayview,None,800 Block Of Mendell St,-122.387306524412,37.7380706920065
7031140116625,70311401,16625,Drug/narcotic,Sale Of Base/rock Cocaine,Monday,2007-03-26,19:25,Southern,"Arrest, Booked","Golden Gate Av, Taylor St",-122.41029351969,37.7822305870036
7069282509120,70692825,9120,Forgery/counterfeiting,"Forgery, Drivers License Or Id-card",Wednesday,2007-07-04,08:00,Central,None,1400 Block Of Taylor St,-122.413210338057,37.7956578490762
15610495006374,156104950,6374,Larceny/theft,Grand Theft Of Property,Wednesday,2015-04-22,18:30,Southern,None,800 Block Of Howard St,-122.403793259489,37.7823235897616
7107991307025,71079913,7025,VehicleTheft,Stolen Truck,Sunday,2007-10-21,00:01,Mission,None,"Castro St, 23rd St",-122.434241023308,37.7528902531123
15610518006244,156105180,6244,Larceny/theft,Grand Theft From Locked Auto,Tuesday,2015-04-28,21:45,Southern,None,200 Block Of Townsend St,-122.394491170773,37.7775540286252
15107138207055,151071382,7055,RecoveredVehicle,Recovered Vehicle - Stolen Outside Sf,Friday,2015-12-11,15:07,Central,None,800 Block Of Geary St,-122.417295322526,37.7862578545865
10055842405053,100558424,5053,Burglary,"Burglary Of Store, Unlawful Entry",Thursday,2010-06-17,01:56,Northern,"Arrest, Booked",800 Block Of Turk St,-122.423127788491,37.781691873286
15100744064002,151007440,64002,Non-criminal,"Civil Sidewalks, Citation",Thursday,2015-11-19,11:32,Park,"Arrest, Booked",1600 Block Of Haight St,-122.450452600564,37.7695032629887
4005576405052,40055764,5052,Burglary,"Burglary Of Store, Attempted Forcible Entry",Wednesday,2004-01-14,22:00,Central,None,0 Block Of Jefferson St,-122.413349164272,37.8084667368908
13038806916625,130388069,16625,Drug/narcotic,Sale Of Base/rock Cocaine,Saturday,2013-05-11,17:40,Tenderloin,"Arrest, Booked","Turk St, Taylor St",-122.410768766343,37.7832145190013
10066588164085,100665881,64085,SuspiciousOcc,Investigative Detention,Tuesday,2010-07-20,22:59,Ingleside,None,1000 Block Of Bowdoin St,-122.409328239528,37.7228014302087
15606283128150,156062831,28150,Vandalism,"Malicious Mischief, Vandalism",Friday,2015-03-13,06:59,Southern,None,1500 Block Of Folsom St,-122.414705605518,37.7711178632173
10113027304138,101130273,4138,Assault,"Battery, Former Spouse Or Dating Relationship",Wednesday,2010-12-08,09:10,Ingleside,None,0 Block Of Phelan Avenue,-122.452289660492,37.7256933575703
7603982106372,76039821,6372,Larceny/theft,Petty Theft Of Property,Thursday,2007-06-07,09:00,Southern,None,300 Block Of Mission St,-122.396211154038,37.790761361966
11104504807055,111045048,7055,RecoveredVehicle,Recovered Vehicle - Stolen Outside Sf,Saturday,2011-12-31,18:33,Park,None,300 Block Of Baker St,-122.440949589926,37.7741190407726
3104779061030,31047790,61030,Non-criminal,"Death Report, Cause Unknown",Friday,2003-09-05,04:38,Tenderloin,None,100 Block Of Leavenworth St,-122.414029821727,37.7823291237659
15601781406244,156017814,6244,Larceny/theft,Grand Theft From Locked Auto,Thursday,2015-01-22,17:45,Northern,None,"Steiner St, Page St",-122.432282489277,37.7728293793018
4016460004134,40164600,4134,Assault,Battery,Tuesday,2004-02-10,15:16,Bayview,None,0 Block Of Cameron Wy,-122.387181635995,37.7209669615499
15603375706244,156033757,6244,Larceny/theft,Grand Theft From Locked Auto,Thursday,2015-02-12,10:35,Southern,None,800 Block Of Bryant St,-122.403404791479,37.775420706711
15106933764020,151069337,64020,Non-criminal,"Aided Case, Mental Disturbed",Thursday,2015-12-10,18:58,Tenderloin,None,100 Block Of Golden Gate Avenue,-122.413069926397,37.7820204255866
12033680204138,120336802,4138,Assault,"Battery, Former Spouse Or Dating Relationship",Saturday,2012-04-28,11:10,Southern,"Arrest, Booked",800 Block Of Bryant St,-122.403404791479,37.775420706711
15103537206244,151035372,6244,Larceny/theft,Grand Theft From Locked Auto,Sunday,2015-11-29,01:00,Mission,None,"18th St, Diamond St",-122.437193152373,37.7607584311693
12018812068020,120188120,68020,OtherOffenses,Miscellaneous Investigation,Tuesday,2012-03-06,18:19,Richmond,None,600 Block Of 46th Avenue,-122.507058663685,37.7757122874982
13016925106244,130169251,6244,Larceny/theft,Grand Theft From Locked Auto,Wednesday,2013-02-27,12:20,Park,None,100 Block Of Museum Wy,-122.440134716077,37.7646048667932
15614166706244,156141667,6244,Larceny/theft,Grand Theft From Locked Auto,Saturday,2015-05-02,03:00,Southern,None,"Harriet St, Harrison St",-122.404614332685,37.7768451419275
13046203363010,130462033,63010,Warrants,Warrant Arrest,Tuesday,2013-06-04,23:20,Bayview,"Arrest, Booked","Lane St, Underwood Avenue",-122.391853305122,37.7297872912873
12098945128150,120989451,28150,Vandalism,"Malicious Mischief, Vandalism",Saturday,2012-12-08,07:30,Park,None,2000 Block Of Ofarrell St,-122.438885953102,37.7825586616359
6053434064020,60534340,64020,Non-criminal,"Aided Case, Mental Disturbed",Saturday,2006-05-20,00:17,Mission,Psychopathic Case,2200 Block Of Market St,-122.431957685196,37.7649357189679
15101049368020,151010493,68020,OtherOffenses,Miscellaneous Investigation,Friday,2015-11-20,11:51,Bayview,None,2600 Block Of Bay Shore Bl,-122.405055997714,37.7085854037105
9092582265015,90925822,65015,OtherOffenses,Traffic Violation,Tuesday,2009-09-08,17:30,Tenderloin,"Arrest, Cited","Mcallister St, Leavenworth St",-122.413679376888,37.7809258336852
11046059606244,110460596,6244,Larceny/theft,Grand Theft From Locked Auto,Tuesday,2011-06-07,10:04,Central,None,1300 Block Of Columbus Avenue,-122.419232131738,37.8064740791427
15102636506300,151026365,6300,Larceny/theft,Attempted Theft From A Building,Wednesday,2015-11-25,16:38,Northern,None,400 Block Of Haight St,-122.429622714719,37.7721558284987
15605016506244,156050165,6244,Larceny/theft,Grand Theft From Locked Auto,Saturday,2015-02-28,18:40,Central,None,800 Block Of Chestnut St,-122.417357825425,37.8032938546353
10035687030191,100356870,30191,OtherOffenses,Aggressive Soliciting,Saturday,2010-04-17,18:00,Southern,"Arrest, Cited","5th St, Jessie St",-122.40718855811,37.7832917166536
15606009506244,156060095,6244,Larceny/theft,Grand Theft From Locked Auto,Wednesday,2015-03-11,12:00,Northern,None,0 Block Of Cleary Ct,-122.426445754167,37.7841466012998
15111012804138,151110128,4138,Assault,"Battery, Former Spouse Or Dating Relationship",Friday,2015-12-25,01:00,Mission,None,100 Block Of Bartlett St,-122.419711251166,37.7545565620279
15102248228161,151022482,28161,Vandalism,"Malicious Mischief, Tire Slashing",Tuesday,2015-11-24,10:30,Bayview,None,1300 Block Of Underwood Avenue,-122.387234036752,37.7271017664689
15102547072000,151025470,72000,Non-criminal,Found Property,Wednesday,2015-11-25,10:55,Northern,None,"Franklin St, Ofarrell St",-122.422840794653,37.7845455355216
15100884619057,151008846,19057,Assault,Threats Against Life,Thursday,2015-11-19,17:15,Mission,None,1000 Block Of Potrero Avenue,-122.406539115148,37.7564864109309
13612146306244,136121463,6244,Larceny/theft,Grand Theft From Locked Auto,Friday,2013-07-12,09:30,Southern,None,700 Block Of Market St,-122.404756583284,37.7864540511999
11002382104134,110023821,4134,Assault,Battery,Monday,2006-03-20,01:30,Mission,None,"18th St, Castro St",-122.435002864298,37.7608878061194
10012585762030,100125857,62030,Warrants,Enroute To Parole Officer,Sunday,2010-02-07,11:55,Bayview,"Arrest, Booked",100 Block Of Westpoint Rd,-122.380382266471,37.7353538209895
15106390362050,151063903,62050,Warrants,Enroute To Outside Jurisdiction,Wednesday,2015-12-09,00:47,Northern,"Arrest, Booked","Polk St, Sutter St",-122.420120319204,37.7877570602411
15107268106243,151072681,6243,Larceny/theft,Petty Theft From Locked Auto,Friday,2015-12-11,20:45,Tenderloin,None,100 Block Of Turk St,-122.411615075408,37.7831614109395
15111336004014,151113360,4014,Assault,Aggravated Assault With Bodily Force,Sunday,2015-12-27,00:48,Northern,None,1200 Block Of Polk St,-122.420231590619,37.78798096196
9015123706244,90151237,6244,Larceny/theft,Grand Theft From Locked Auto,Tuesday,2009-02-10,22:00,Northern,None,"Fillmore St, Lombard St",-122.436049203586,37.7998412228823
15601482606244,156014826,6244,Larceny/theft,Grand Theft From Locked Auto,Saturday,2015-01-10,22:00,Southern,None,"Howard St, 2nd St",-122.398261647342,37.7867787589097
15101520574000,151015205,74000,MissingPerson,Missing Adult,Saturday,2015-11-21,20:05,Southern,None,"Market St, Taylor St",-122.41029351969,37.7822305870036
15106635519024,151066355,19024,DisorderlyConduct,"Disturbing The Peace, Fighting",Wednesday,2015-12-09,15:30,Tenderloin,None,100 Block Of Ofarrell St,-122.407244087032,37.7865647607685
15112676106244,151126761,6244,Larceny/theft,Grand Theft From Locked Auto,Thursday,2015-12-31,16:45,Park,None,"Fulton St, Pierce St",-122.434865853498,37.7772809749441
15102172926170,151021729,26170,OtherOffenses,Probation Violation,Tuesday,2015-11-24,04:02,Northern,"Arrest, Booked",800 Block Of Larkin St,-122.418110537872,37.7858627664608
15103977209024,151039772,9024,OtherOffenses,"Fraudulent Game Or Trick, Obtaining Money Or Property",Monday,2015-11-30,13:30,Richmond,None,300 Block Of 7th Avenue,-122.465352199094,37.7819129193277
15112089809029,151120898,9029,OtherOffenses,False Personation To Receive Money Or Property,Monday,2015-11-30,12:00,Taraval,None,1700 Block Of 9th Avenue,-122.465655683424,37.7556306137644
15100901016010,151009010,16010,Drug/narcotic,Possession Of Marijuana,Thursday,2015-11-19,19:40,Park,"Arrest, Booked","Haight St, Clayton St",-122.448578484966,37.7697977168831
15101441707021,151014417,7021,VehicleTheft,Stolen Automobile,Friday,2015-11-20,18:00,Northern,None,"Buchanan St, Pacific Avenue",-122.43144962232,37.7937663104892
15102313975000,151023139,75000,MissingPerson,Found Person,Tuesday,2015-11-24,13:45,Southern,Unfounded,600 Block Of 8th St,-122.404587336887,37.7707065329437
7100480707021,71004807,7021,VehicleTheft,Stolen Automobile,Friday,2007-09-28,18:00,Richmond,None,700 Block Of Lake St,-122.467378421516,37.7866116374094
12028363928120,120283639,28120,Vandalism,"Malicious Mischief, Building Under Construction",Monday,2012-04-09,17:30,Mission,None,200 Block Of Valencia St,-122.422158645677,37.7684403915766
6031387106244,60313871,6244,Larceny/theft,Grand Theft From Locked Auto,Sunday,2006-03-19,18:00,Northern,None,"Geary Bl, Steiner St",-122.4345637373,37.7841504915887
4078385219075,40783852,19075,Loitering,Loitering,Friday,2004-07-09,21:41,Bayview,"Arrest, Booked",1200 Block Of Minnesota St,-122.389853876028,37.7546271609506
15610154271000,156101542,71000,Non-criminal,Lost Property,Tuesday,2015-04-28,19:30,Taraval,None,"Ocean Av, Ashton Avenue",-122.462212868171,37.7252659069258
5028511128165,50285111,28165,Vandalism,"Malicious Mischief, Graffiti",Sunday,2005-03-13,23:58,Central,"Arrest, Booked",600 Block Of Geary St,-122.414010814727,37.7866770011071
3013781104134,30137811,4134,Assault,Battery,Monday,2003-02-03,02:43,Bayview,"Arrest, Booked",1200 Block Of Shafter Avenue,-122.384161286185,37.7273840237408
15602442706244,156024427,6244,Larceny/theft,Grand Theft From Locked Auto,Friday,2015-01-30,00:05,Southern,None,"Brannan St, Zoe St",-122.39530865057,37.779297019059
13059510112120,130595101,12120,WeaponLaws,Poss Of Prohibited Weapon,Thursday,2013-04-25,07:00,Richmond,"Arrest, Booked",3000 Block Of Cabrillo St,-122.491294032579,37.7740631639958
10606539606244,106065396,6244,Larceny/theft,Grand Theft From Locked Auto,Saturday,2010-06-05,21:00,Ingleside,None,100 Block Of Laidley St,-122.430549011591,37.7402459750208
15603457306244,156034573,6244,Larceny/theft,Grand Theft From Locked Auto,Friday,2015-02-13,23:20,Northern,None,"Polk St, Ofarrell St",-122.419549568783,37.7849590112628
15614161706372,156141617,6372,Larceny/theft,Petty Theft Of Property,Saturday,2015-06-13,10:15,Park,None,"Frederick St, Willard St",-122.454594080488,37.7661655561572
15601687271000,156016872,71000,Non-criminal,Lost Property,Sunday,2015-01-18,03:40,Ingleside,None,400 Block Of 29th St,-122.430007513832,37.7434419876507
15110201209029,151102012,9029,OtherOffenses,False Personation To Receive Money Or Property,Sunday,2015-11-15,12:00,Mission,None,600 Block Of Alvarado St,-122.435446402463,37.7536598749757
15105912804013,151059128,4013,Assault,Aggravated Assault With A Deadly Weapon,Monday,2015-12-07,14:24,Northern,"Arrest, Booked","Ofarrell St, Larkin St",-122.417903977564,37.7851670875517
11046333010149,110463330,10149,Forgery/counterfeiting,"Money, Changing Face Amount",Wednesday,2011-06-08,16:30,Southern,None,0 Block Of Unitednations Pz,-122.414317857881,37.7799444052046
15606633806372,156066338,6372,Larceny/theft,Petty Theft Of Property,Wednesday,2015-03-18,01:30,Northern,None,1200 Block Of Polk St,-122.420326993863,37.7884521578132
10607284606244,106072846,6244,Larceny/theft,Grand Theft From Locked Auto,Thursday,2010-06-10,23:00,Southern,None,1200 Block Of Folsom St,-122.410802477808,37.7743299153836
7061508707025,70615087,7025,VehicleTheft,Stolen Truck,Friday,2007-06-15,17:30,Bayview,None,1000 Block Of Gilman Avenue,-122.389056277059,37.7188220274007
10088534616020,100885346,16020,Drug/narcotic,Planting/cultivating Marijuana,Thursday,2010-09-23,16:00,Bayview,"Arrest, Booked",1400 Block Of Yosemite Avenue,-122.388843330032,37.7253147120101
15102770506243,151027705,6243,Larceny/theft,Petty Theft From Locked Auto,Wednesday,2015-11-25,21:00,Northern,None,300 Block Of Lily St,-122.426649920758,37.7740791213941
9044069873000,90440698,73000,Non-criminal,Property For Identification,Friday,2009-05-01,08:15,Southern,Unfounded,800 Block Of Bryant St,-122.403404791479,37.775420706711
3016209019057,30162090,19057,Assault,Threats Against Life,Thursday,2003-02-27,23:30,Taraval,None,1700 Block Of Ocean Avenue,-122.46070943325,37.7249316978293
15102046415160,151020464,15160,OtherOffenses,Violation Of Emergency Protective Order,Sunday,2015-11-22,17:30,Ingleside,None,1800 Block Of Church St,-122.426661689935,37.74088636244
15111465364070,151114653,64070,SuspiciousOcc,Suspicious Occurrence,Sunday,2015-12-27,00:01,Southern,None,400 Block Of Berry St,-122.3982226939,37.7720161231813
15601195706372,156011957,6372,Larceny/theft,Petty Theft Of Property,Thursday,2015-01-15,19:00,Southern,None,100 Block Of Langton St,-122.407470899419,37.7755204237187
5005004907041,50050049,7041,VehicleTheft,"Vehicle, Recovered, Auto",Thursday,2005-01-13,08:00,Taraval,None,"Lake Merced Bl, Font Bl",-122.485073656914,37.7239983809291
6009899806244,60098998,6244,Larceny/theft,Grand Theft From Locked Auto,Wednesday,2005-11-16,06:30,Mission,None,2000 Block Of Market St,-122.426955631709,37.769247063207
10101079404013,101010794,4013,Assault,Aggravated Assault With A Deadly Weapon,Sunday,2010-10-31,03:12,Mission,None,3000 Block Of 24th St,-122.412733985804,37.7526417555714
15601370906244,156013709,6244,Larceny/theft,Grand Theft From Locked Auto,Saturday,2015-01-17,15:00,Richmond,None,"Johnfkennedy Dr, Transverse Dr",-122.479893513106,37.7704927987827
8099711006374,80997110,6374,Larceny/theft,Grand Theft Of Property,Friday,2008-09-19,17:15,Southern,None,"Stockton St, Market St",-122.405832474482,37.7857446545609
10089462665015,100894626,65015,OtherOffenses,Traffic Violation,Sunday,2010-09-26,12:41,Bayview,"Arrest, Cited","3rd St, Underwood Avenue",-122.392351560046,37.7300677159311
15609991906244,156099919,6244,Larceny/theft,Grand Theft From Locked Auto,Friday,2015-04-24,20:30,Central,None,"Northpoint St, Polk St",-122.423658369809,37.8052850926566
15110821403044,151108214,3044,Robbery,Robbery Of A Chain Store With Bodily Force,Thursday,2015-12-24,16:00,Southern,None,800 Block Of Market St,-122.407633520742,37.7841893501425
4036586406363,40365864,6363,Larceny/theft,Petty Theft Shoplifting,Tuesday,2004-03-30,12:52,Park,"Arrest, Cited",2600 Block Of Geary Bl,-122.446612978839,37.7822458223917
15101112809020,151011128,9020,Forgery/counterfeiting,"Checks, Make Or Pass Fictitious",Friday,2015-11-13,12:00,Southern,None,900 Block Of Market St,-122.409708423721,37.7828276498838
11014698416625,110146984,16625,Drug/narcotic,Sale Of Base/rock Cocaine,Friday,2011-02-18,17:19,Tenderloin,"Arrest, Booked",200 Block Of Hyde St,-122.415858343095,37.7830505366842
12007985863010,120079858,63010,Warrants,Warrant Arrest,Sunday,2012-01-29,02:20,Central,"Arrest, Booked",1100 Block Of Bush St,-122.416221156508,37.7892672343725
8101569013060,81015690,13060,Prostitution,Solicits For Act Of Prostitution,Wednesday,2008-09-24,19:30,Central,"Arrest, Cited","Post St, Larkin St",-122.41827417166,37.7870372043685
12608039628150,126080396,28150,Vandalism,"Malicious Mischief, Vandalism",Thursday,2012-06-14,12:30,Southern,None,800 Block Of Bryant St,-122.403404791479,37.775420706711
15604579606372,156045796,6372,Larceny/theft,Petty Theft Of Property,Tuesday,2015-02-24,17:05,Richmond,None,1400 Block Of Cabrillo St,-122.474139288952,37.7749565198304
10609827828160,106098278,28160,Vandalism,"Malicious Mischief, Vandalism Of Vehicles",Sunday,2010-08-15,12:30,Northern,None,1500 Block Of Bay St,-122.43253044394,37.8032140328664
15101461106113,151014611,6113,Larceny/theft,Grand Theft Pickpocket,Saturday,2015-11-21,15:00,Southern,None,"5th St, Folsom St",-122.403390364796,37.7802655777189
10036740764085,100367407,64085,SuspiciousOcc,Investigative Detention,Wednesday,2010-04-21,01:00,Central,None,"Jones St, Bush St",-122.413731461593,37.7895283021427
13047241809029,130472418,9029,OtherOffenses,False Personation To Receive Money Or Property,Saturday,2013-06-08,12:00,Taraval,None,"Irving St, 24th Avenue",-122.482480961268,37.7633237012278
13049222871000,130492228,71000,Non-criminal,Lost Property,Friday,2013-06-14,15:30,Central,None,2800 Block Of Taylor St,-122.415923448242,37.8085905137102
7020798504134,70207985,4134,Assault,Battery,Tuesday,2007-02-27,01:30,Mission,None,3000 Block Of Mission St,-122.418163204335,37.7485889485524
15095002403074,150950024,3074,Robbery,"Robbery, Bodily Force",Friday,2015-10-30,22:55,Bayview,None,0 Block Of Westview Avenue,-122.418240102107,37.7311402768386
4119470105052,41194701,5052,Burglary,"Burglary Of Store, Attempted Forcible Entry",Monday,2004-10-18,21:00,Taraval,None,3600 Block Of Lawton St,-122.501918850131,37.7568029070565
15603416928150,156034169,28150,Vandalism,"Malicious Mischief, Vandalism",Monday,2015-02-09,12:40,Southern,None,"Folsom St, 4th St",-122.401161555602,37.7820238478975
15112617509026,151126175,9026,OtherOffenses,False Personation And Cheat Crimes (general),Wednesday,2015-12-16,11:15,Ingleside,None,100 Block Of Highland Avenue,-122.423583118335,37.7373272692065
15612314806244,156123148,6244,Larceny/theft,Grand Theft From Locked Auto,Sunday,2015-05-17,15:08,Northern,None,1000 Block Of Vanness Avenue,-122.421203512,37.7854812046447
15100662405071,151006624,5071,Burglary,"Burglary, Forcible Entry",Thursday,2015-11-19,03:31,Southern,"Arrest, Booked",400 Block Of Bryant St,-122.395260522807,37.7817034867796
15613854506244,156138545,6244,Larceny/theft,Grand Theft From Locked Auto,Sunday,2015-05-31,05:30,Southern,None,"Hawthorne St, Harrison St",-122.396265814237,37.7834404321177
15105417806241,151054178,6241,Larceny/theft,Petty Theft From Locked Auto,Wednesday,2015-12-02,19:00,Northern,None,1600 Block Of Bush St,-122.424442028878,37.7882271832363
15108999316030,151089993,16030,Drug/narcotic,Possession Of Marijuana For Sales,Thursday,2015-12-17,22:49,Southern,"Arrest, Booked","6th St, Minna St",-122.408162953857,37.7805345385278
12077899705014,120778997,5014,Burglary,"Burglary, Vehicle (arrest Made)",Friday,2012-09-28,15:30,Central,"Arrest, Booked","Bay St, Powell St",-122.411953083611,37.8058242949274
15102422806243,151024228,6243,Larceny/theft,Petty Theft From Locked Auto,Tuesday,2015-11-24,19:00,Northern,None,1100 Block Of Fillmore St,-122.432116233695,37.7800304351156
12072242704134,120722427,4134,Assault,Battery,Sunday,2012-09-09,13:07,Southern,"Arrest, Cited",0 Block Of 6th St,-122.409011206639,37.7811340568243
15109705965016,151097059,65016,OtherOffenses,"Drivers License, Suspended Or Revoked",Sunday,2015-12-20,15:00,Mission,"Arrest, Cited","16th St, Mission St",-122.419671780296,37.7650501214668
5022767409015,50227674,9015,Forgery/counterfeiting,"Checks, Forgery (felony)",Saturday,2003-06-14,00:01,Richmond,District Attorney Refuses To Prosecute,100 Block Of Pointlobos Avenue,-122.504613910148,37.7796987940753
4063828565016,40638285,65016,OtherOffenses,"Drivers License, Suspended Or Revoked",Thursday,2004-06-03,20:39,Park,"Arrest, Booked",1600 Block Of Turk St,-122.436274979481,37.7800247331065
15614015806372,156140158,6372,Larceny/theft,Petty Theft Of Property,Tuesday,2015-06-09,22:15,Northern,None,2000 Block Of Polk St,-122.421608893207,37.7955038710773
15607851506244,156078515,6244,Larceny/theft,Grand Theft From Locked Auto,Thursday,2015-03-19,18:00,Northern,None,"Turk St, Franklin St",-122.42227702764,37.7817528767881
4106460906244,41064609,6244,Larceny/theft,Grand Theft From Locked Auto,Thursday,2004-09-16,20:00,Southern,None,"3rd St, Harrison St",-122.397388784833,37.7825543452197
12095159106303,120951591,6303,Larceny/theft,Petty Theft From A Building,Saturday,2012-11-24,17:30,Southern,None,800 Block Of Market St,-122.406520987144,37.7850629421661
15602569106244,156025691,6244,Larceny/theft,Grand Theft From Locked Auto,Sunday,2015-02-01,06:30,Southern,None,800 Block Of Bryant St,-122.403404791479,37.775420706711
13018920905151,130189209,5151,Burglary,"Burglary,store Under Construction, Forcible Entry",Tuesday,2013-03-05,22:00,Taraval,None,1000 Block Of Irving St,-122.469000635792,37.7639738591154
15602167706244,156021677,6244,Larceny/theft,Grand Theft From Locked Auto,Thursday,2015-01-29,23:00,Central,None,"Mason St, Bush St",-122.410436716211,37.7899498165885
15100768804170,151007688,4170,Assault,False Imprisonment,Sunday,2015-11-15,15:00,Southern,None,200 Block Of Mission St,-122.39543402071,37.7915297792874
8036138306372,80361383,6372,Larceny/theft,Petty Theft Of Property,Saturday,2008-04-05,17:00,Southern,None,1200 Block Of Market St,-122.415448759562,37.778293520129
15105115206242,151051152,6242,Larceny/theft,Petty Theft From Locked Auto,Thursday,2015-12-03,15:00,Central,None,"Powell St, Green St",-122.410649664898,37.7993023103299
15102049207021,151020492,7021,VehicleTheft,Stolen Automobile,Monday,2015-11-23,16:45,Southern,None,"Tehama St, 5th St",-122.404407887961,37.7810759636856
15604669706224,156046697,6224,Larceny/theft,Grand Theft From Unlocked Auto,Tuesday,2015-02-24,20:30,Southern,None,600 Block Of Harrison St,-122.396893909407,37.7830194257801
15102407407021,151024074,7021,VehicleTheft,Stolen Automobile,Tuesday,2015-11-24,19:00,Ingleside,None,900 Block Of Mangels Avenue,-122.457318218988,37.7323550382475
15600977006244,156009770,6244,Larceny/theft,Grand Theft From Locked Auto,Friday,2015-01-09,03:56,Ingleside,None,"Cortland Av, Bennington St",-122.417779045651,37.7391829161149
15109014464020,151090144,64020,Non-criminal,"Aided Case, Mental Disturbed",Friday,2015-12-18,00:16,Tenderloin,None,400 Block Of Ellis St,-122.413609328985,37.784696907904
15607956306244,156079563,6244,Larceny/theft,Grand Theft From Locked Auto,Thursday,2015-04-02,18:55,Central,None,300 Block Of Post St,-122.407591091073,37.7883401187101
15103938007023,151039380,7023,VehicleTheft,Stolen Motorcycle,Wednesday,2015-11-25,17:00,Mission,None,200 Block Of Dolores St,-122.426357450236,37.7660086430173
15112141006244,151121410,6244,Larceny/theft,Grand Theft From Locked Auto,Tuesday,2015-12-29,18:20,Northern,None,3600 Block Of Lyon St,-122.44827840533,37.804271887891
9117073907021,91170739,7021,VehicleTheft,Stolen Automobile,Thursday,2009-11-12,22:00,Richmond,Unfounded,4200 Block Of Geary Bl,-122.464840134534,37.7811196378597
13054623919024,130546239,19024,DisorderlyConduct,"Disturbing The Peace, Fighting",Wednesday,2013-07-03,12:20,Ingleside,None,"Mission St, Maynard St",-122.430809883715,37.7292267015236
11078072003074,110780720,3074,Robbery,"Robbery, Bodily Force",Saturday,2011-08-27,20:30,Southern,None,"Harrison St, 1st St",-122.392940948663,37.7860677021529
15604175006372,156041750,6372,Larceny/theft,Petty Theft Of Property,Wednesday,2015-02-18,17:45,Central,None,500 Block Of Montgomery St,-122.403026088419,37.7944564013948
10044819863010,100448198,63010,Warrants,Warrant Arrest,Friday,2010-05-14,18:00,Southern,None,800 Block Of Bryant St,-122.403404791479,37.775420706711
13086772816710,130867728,16710,Drug/narcotic,Possession Of Narcotics Paraphernalia,Sunday,2013-10-13,18:15,Taraval,"Arrest, Booked",1200 Block Of 20th Avenue,-122.478325615864,37.7644357771555
12064567571000,120645675,71000,Non-criminal,Lost Property,Tuesday,2012-03-06,00:01,Taraval,None,2300 Block Of 26th Avenue,-122.483187040372,37.7436387657351
9079951409130,90799514,9130,Forgery/counterfeiting,"Forgery, False Entries In Records Or Returns",Monday,2009-07-06,00:01,Park,None,100 Block Of Alpine Tr,-122.437314717824,37.7681233353288
12034836806244,120348368,6244,Larceny/theft,Grand Theft From Locked Auto,Wednesday,2012-05-02,12:45,Central,None,0 Block Of Broadway St,-122.399295690795,37.798859198392
4091314072000,40913140,72000,Non-criminal,Found Property,Tuesday,2004-08-10,21:00,Southern,None,100 Block Of 4th St,-122.4039407276,37.7843007072344
7026034727300,70260347,27300,OtherOffenses,Miscellaneous State Misdemeanor,Tuesday,2007-03-13,08:25,Ingleside,"Arrest, Cited",0 Block Of Phelan Avenue,-122.452289660492,37.7256933575703
9603342728150,96033427,28150,Vandalism,"Malicious Mischief, Vandalism",Friday,2009-03-27,15:00,Northern,None,"Bay St, Laguna St",-122.43168292833,37.8032668026887
3098529064070,30985290,64070,SuspiciousOcc,Suspicious Occurrence,Wednesday,2003-08-06,18:00,Taraval,None,0 Block Of Josepha Avenue,-122.477540720349,37.7167060809755
10030506516623,100305065,16623,Drug/narcotic,Possession Of Base/rock Cocaine For Sale,Thursday,2010-04-01,15:59,Tenderloin,"Arrest, Booked",100 Block Of Eddy St,-122.410157073911,37.7842973843312
13098491804013,130984918,4013,Assault,Aggravated Assault With A Deadly Weapon,Wednesday,2013-11-20,19:30,Mission,None,100 Block Of Diamond St,-122.437182095555,37.7599382810818
12600958428150,126009584,28150,Vandalism,"Malicious Mischief, Vandalism",Tuesday,2012-01-17,22:00,Richmond,None,"41st Av, Fulton St",-122.501328197805,37.771784502351
15103008771012,151030087,71012,Non-criminal,"License Plate, Recovered",Wednesday,2015-11-25,17:00,Taraval,"Arrest, Booked",3900 Block Of Irving St,-122.50016923551,37.7624904433566
15106492328150,151064923,28150,Vandalism,"Malicious Mischief, Vandalism",Tuesday,2015-12-08,08:00,Southern,None,1400 Block Of Howard St,-122.414927187814,37.773523978923
7008188606244,70081886,6244,Larceny/theft,Grand Theft From Locked Auto,Tuesday,2007-01-23,09:00,Northern,None,"Golden Gate Av, Laguna St",-122.427019628488,37.7801921188917
15101499065015,151014990,65015,OtherOffenses,Traffic Violation,Saturday,2015-11-21,18:44,Ingleside,"Arrest, Booked","Alemany Bl, Santarosa Avenue",-122.435991188442,37.726718863669
15610189306244,156101893,6244,Larceny/theft,Grand Theft From Locked Auto,Sunday,2015-03-29,00:01,Northern,None,1200 Block Of Golden Gate Avenue,-122.431119958372,37.7797256100586
15107004928160,151070049,28160,Vandalism,"Malicious Mischief, Vandalism Of Vehicles",Friday,2015-12-11,00:35,Southern,None,"Folsom St, Hallam St",-122.408848122308,37.7759525921489
11075130107025,110751301,7025,VehicleTheft,Stolen Truck,Saturday,2011-09-17,23:45,Central,None,700 Block Of Sacramento St,-122.40539653724,37.7935249040335
15103629527170,151036295,27170,OtherOffenses,Resisting Arrest,Sunday,2015-11-29,13:45,Bayview,"Arrest, Booked",1600 Block Of Lasalle Avenue,-122.389241311502,37.7368837969126
15608207706244,156082077,6244,Larceny/theft,Grand Theft From Locked Auto,Friday,2015-04-03,22:00,Southern,None,"Rizal St, Lapu-lapu St",-122.398882384128,37.7822226458536
15103255063010,151032550,63010,Warrants,Warrant Arrest,Saturday,2015-11-28,01:50,Southern,"Arrest, Booked",400 Block Of 10th St,-122.410541166987,37.7709130566165
15604754806224,156047548,6224,Larceny/theft,Grand Theft From Unlocked Auto,Saturday,2015-01-31,22:00,Bayview,None,"3rd St, 22nd St",-122.388318045049,37.757939423202
15602133206244,156021332,6244,Larceny/theft,Grand Theft From Locked Auto,Tuesday,2015-01-27,18:50,Ingleside,None,400 Block Of Arlington St,-122.42940335725,37.7352902464447
15111029706243,151110297,6243,Larceny/theft,Petty Theft From Locked Auto,Friday,2015-12-25,17:00,Central,None,"Sacramento St, Front St",-122.39897271985,37.794282815785
15108386072000,151083860,72000,Non-criminal,Found Property,Tuesday,2015-12-15,21:12,Central,None,1600 Block Of The Embarcaderonorth St,-122.410774214375,37.8084350175869
15602709506244,156027095,6244,Larceny/theft,Grand Theft From Locked Auto,Thursday,2015-02-05,12:30,Richmond,None,"Geary Bl, 10th Avenue",-122.46856416247,37.780821519541
4019979807046,40199798,7046,VehicleTheft,"Vehicle, Recovered, Other Vehicle",Wednesday,2004-02-18,17:10,Bayview,None,1300 Block Of 25th St,-122.392162163015,37.7526286509553
9020234106234,90202341,6234,Larceny/theft,Grand Theft Auto Strip,Tuesday,2009-02-24,20:33,Northern,None,600 Block Of Oak St,-122.430006398939,37.7740207326063
7055972074000,70559720,74000,MissingPerson,Missing Adult,Saturday,2007-06-02,17:00,Park,None,1600 Block Of Oak St,-122.44651891893,37.771922889157
15111360503084,151113605,3084,Robbery,Carjacking With Bodily Force,Sunday,2015-12-27,05:40,Central,"Arrest, Booked",900 Block Of Hyde St,-122.417044292614,37.7895952774322
12089377703014,120893777,3014,Robbery,"Robbery On The Street, Strongarm",Sunday,2012-11-04,21:50,Southern,None,"Market St, Davis St",-122.397387796127,37.7924047319625
12001662819057,120016628,19057,Assault,Threats Against Life,Friday,2012-01-06,21:50,Richmond,"Arrest, Booked",1800 Block Of Divisadero St,-122.440270476975,37.7866399955625
13033642262050,130336422,62050,Warrants,Enroute To Outside Jurisdiction,Wednesday,2013-04-24,18:37,Park,"Arrest, Booked",1900 Block Of Eddy St,-122.43978515169,37.7805327441756
3133606065016,31336060,65016,OtherOffenses,"Drivers License, Suspended Or Revoked",Thursday,2003-11-13,22:24,Bayview,"Arrest, Cited","3rd St, 20th St",-122.388559411371,37.7604929243656
15600669106244,156006691,6244,Larceny/theft,Grand Theft From Locked Auto,Monday,2015-01-05,17:00,Bayview,None,"22nd St, Illinois St",-122.387316279433,37.7580021664589
15606231471000,156062314,71000,Non-criminal,Lost Property,Tuesday,2015-03-03,08:00,Southern,None,500 Block Of Market St,-122.401833062479,37.7890397716649
7025831416623,70258314,16623,Drug/narcotic,Possession Of Base/rock Cocaine For Sale,Monday,2007-03-12,16:10,Mission,"Arrest, Booked",2000 Block Of Mission St,-122.41965834371,37.7642205603745
15601329806244,156013298,6244,Larceny/theft,Grand Theft From Locked Auto,Sunday,2015-01-18,00:01,Tenderloin,None,"Hyde St, Ofarrell St",-122.416261836834,37.7853750846376
15612548906244,156125489,6244,Larceny/theft,Grand Theft From Locked Auto,Monday,2015-05-25,03:00,Ingleside,None,400 Block Of Justin Dr,-122.425489752811,37.7319946459628
15100819762071,151008197,62071,Warrants,Probation Search,Thursday,2015-11-19,14:51,Bayview,None,1700 Block Of Lasalle Avenue,-122.391434800433,37.7381270935013
15604680706244,156046807,6244,Larceny/theft,Grand Theft From Locked Auto,Sunday,2015-02-22,18:40,Southern,None,"Mission St, 6th St",-122.408710606663,37.7809706722053
15112269007025,151122690,7025,VehicleTheft,Stolen Truck,Wednesday,2015-12-30,00:42,Southern,None,1500 Block Of Howard St,-122.415881424989,37.7727413124227
15602509971000,156025099,71000,Non-criminal,Lost Property,Sunday,2015-02-01,20:00,Southern,None,"Folsom St, The Embarcaderosouth St",-122.390094248247,37.7907638589303
15110248271000,151102482,71000,Non-criminal,Lost Property,Saturday,2015-12-19,00:01,Southern,None,0 Block Of Howard St,-122.392134062208,37.7916972492914
15607280206244,156072802,6244,Larceny/theft,Grand Theft From Locked Auto,Tuesday,2015-03-24,16:00,Richmond,None,"Great Hy, Johnfkennedy Dr",-122.510925873275,37.7704317242476
11009861409029,110098614,9029,OtherOffenses,False Personation To Receive Money Or Property,Tuesday,2010-07-20,00:01,Southern,None,0 Block Of Isis St,-122.414555110956,37.770069446157
15101553406241,151015534,6241,Larceny/theft,Petty Theft From Locked Auto,Saturday,2015-11-21,22:00,Southern,None,800 Block Of Bryant St,-122.403404791479,37.775420706711
15106770107023,151067701,7023,VehicleTheft,Stolen Motorcycle,Wednesday,2015-12-09,17:00,Tenderloin,None,"Hyde St, Fulton St",-122.415127837608,37.7797870676495
13017793171000,130177931,71000,Non-criminal,Lost Property,Thursday,2013-02-28,17:30,Richmond,None,"Lincoln Wy, Great Hy",-122.510339992198,37.7640000597982
4116795215200,41167952,15200,SecondaryCodes,Domestic Violence,Tuesday,2004-10-12,15:25,Northern,"Arrest, Booked",1100 Block Of Fillmore St,-122.431979576386,37.7800478529923
4098868251040,40988682,51040,Non-criminal,Aided Case,Sunday,2004-08-29,19:06,Mission,"Arrest, Booked",2000 Block Of Market St,-122.426955631709,37.769247063207
10060211209027,100602112,9027,OtherOffenses,False Personation,Friday,2006-12-15,00:01,Taraval,None,100 Block Of Bepler St,-122.463545016819,37.7079683645097
15112248074000,151122480,74000,MissingPerson,Missing Adult,Wednesday,2015-12-30,06:00,Park,None,0 Block Of Shrader St,-122.452839772389,37.7745145380854
15607025406244,156070254,6244,Larceny/theft,Grand Theft From Locked Auto,Sunday,2015-03-22,10:00,Northern,None,"Franklin St, Lombard St",-122.426184340275,37.8010960360093
15608205506372,156082055,6372,Larceny/theft,Petty Theft Of Property,Saturday,2015-04-04,00:15,Southern,None,"Harrison St, 6th St",-122.404071611406,37.7772741854354
15111258807020,151112588,7020,VehicleTheft,Stolen And Recovered Vehicle,Thursday,2015-12-24,17:00,Mission,None,"Sanchez St, Clipper St",-122.429425154175,37.7491591997239
13067359706365,130673597,6365,Larceny/theft,Petty Theft With Prior,Wednesday,2013-08-14,15:08,Northern,"Arrest, Cited",1300 Block Of Webster St,-122.431046366089,37.7830295716044
12057225030000,120572250,30000,OtherOffenses,"Permit Violation, Police (general)",Friday,2012-07-20,11:30,Central,"Arrest, Cited",1600 Block Of Stockton St,-122.409212768605,37.8009250806392
11077071564020,110770715,64020,Non-criminal,"Aided Case, Mental Disturbed",Saturday,2011-09-24,14:54,Southern,Psychopathic Case,800 Block Of Bryant St,-122.403404791479,37.775420706711
13083104627065,130831046,27065,Fraud,False Id To Peace Officer,Wednesday,2013-10-02,10:00,Northern,"Arrest, Booked",2900 Block Of Buchanan St,-122.432180248476,37.7970410945516
8044412706374,80444127,6374,Larceny/theft,Grand Theft Of Property,Sunday,2008-03-23,11:00,Taraval,None,2400 Block Of 31st Avenue,-122.488549779228,37.7415296053051
6034126409320,60341264,9320,Fraud,"Credit Card, Theft By Use Of",Thursday,2006-03-30,12:30,Southern,None,600 Block Of Market St,-122.401655040432,37.7889048945911
4019867126150,40198671,26150,OtherOffenses,Parole Violation,Wednesday,2004-02-18,23:30,Southern,"Arrest, Booked",800 Block Of Bryant St,-122.403404791479,37.775420706711
9000241406111,90002414,6111,Larceny/theft,Grand Theft Pickpocket,Wednesday,2008-12-31,10:00,Central,None,"Stockton St, Jackson St",-122.408254664048,37.7958223141329
3057493471000,30574934,71000,Non-criminal,Lost Property,Saturday,2003-05-10,11:00,Bayview,None,"Wayland St, University St",-122.412970862274,37.7238590266506
7082786206244,70827862,6244,Larceny/theft,Grand Theft From Locked Auto,Tuesday,2007-08-14,23:55,Mission,None,"Sanchez St, Dorland St",-122.430653620875,37.7619535174571
15612357428150,156123574,28150,Vandalism,"Malicious Mischief, Vandalism",Friday,2015-05-15,08:00,Ingleside,None,"Alpha St, Arleta Avenue",-122.404844350245,37.7132172373649
15110787464065,151107874,64065,SuspiciousOcc,"Suspicious Auto, Possibly Sex",Thursday,2015-12-24,11:51,Taraval,"Arrest, Booked","24th Av, Lawton St",-122.482089473385,37.7577292315573
13019602230200,130196022,30200,OtherOffenses,Violation Of Municipal Code,Friday,2013-03-08,00:01,Park,"Arrest, Booked",700 Block Of Stanyan St,-122.453512911126,37.7686969786551
15601023806244,156010238,6244,Larceny/theft,Grand Theft From Locked Auto,Saturday,2015-01-10,11:30,Tenderloin,None,"Hyde St, Mcallister St",-122.415317966992,37.7807179285998
10610472806244,106104728,6244,Larceny/theft,Grand Theft From Locked Auto,Friday,2010-08-20,21:45,Tenderloin,None,"Hyde St, Fulton St",-122.415127837608,37.7797870676495
5057045126150,50570451,26150,OtherOffenses,Parole Violation,Sunday,2005-05-22,15:41,Northern,"Arrest, Booked","Larkin St, Pine St",-122.418844748105,37.7898297669362
12024373071024,120243730,71024,Non-criminal,"Stay Away Or Court Order, Non-dv Related",Monday,2012-03-26,09:15,Northern,"Arrest, Booked",700 Block Of 14th St,-122.430631050261,37.767573913801
15611421606244,156114216,6244,Larceny/theft,Grand Theft From Locked Auto,Sunday,2015-05-10,06:45,Central,None,900 Block Of Hyde St,-122.417044292614,37.7895952774322
11075371105153,110753711,5153,Burglary,"Burglary,store Under Construction, Unlawful Entry",Monday,2011-09-19,05:50,Central,"Arrest, Booked",800 Block Of Sansome St,-122.402204951701,37.7979674610453
10020199665016,100201996,65016,OtherOffenses,"Drivers License, Suspended Or Revoked",Tuesday,2010-03-02,01:10,Park,"Arrest, Cited","Oak St, Shrader St",-122.45224265737,37.7712286761869
10615971706244,106159717,6244,Larceny/theft,Grand Theft From Locked Auto,Wednesday,2010-11-17,16:00,Southern,None,"Shipley St, 4th St",-122.400617398903,37.7815876234701
4072894928160,40728949,28160,Vandalism,"Malicious Mischief, Vandalism Of Vehicles",Friday,2004-06-25,18:30,Bayview,None,1800 Block Of Newhall St,-122.395227148604,37.732393576591
10056176264085,100561762,64085,SuspiciousOcc,Investigative Detention,Thursday,2010-06-17,22:57,Tenderloin,None,500 Block Of Ofarrell St,-122.413820070176,37.7857382950322
15610128506224,156101285,6224,Larceny/theft,Grand Theft From Unlocked Auto,Thursday,2015-04-23,16:00,Northern,None,"Franklin St, Hayes St",-122.421332684633,37.7770902743669
5141912964070,51419129,64070,SuspiciousOcc,Suspicious Occurrence,Sunday,2005-12-18,20:26,Taraval,None,200 Block Of Broad St,-122.460831252681,37.7132158370223
15608806906244,156088069,6244,Larceny/theft,Grand Theft From Locked Auto,Saturday,2015-04-11,12:30,Northern,None,300 Block Of Grove St,-122.422348143857,37.7778617759699
15609297906244,156092979,6244,Larceny/theft,Grand Theft From Locked Auto,Friday,2015-04-17,09:45,Park,None,"Haight St, Clayton St",-122.448578484966,37.7697977168831
5089717003014,50897170,3014,Robbery,"Robbery On The Street, Strongarm",Thursday,2005-08-11,01:22,Bayview,None,3000 Block Of San Bruno Avenue,-122.401771055489,37.7233932851873
15100455906374,151004559,6374,Larceny/theft,Grand Theft Of Property,Wednesday,2015-11-18,13:45,Central,"Arrest, Booked",300 Block Of Grant Avenue,-122.405519715753,37.7898606192523
15102284616120,151022846,16120,Drug/narcotic,Sale Of Heroin,Tuesday,2015-11-24,12:59,Bayview,None,4800 Block Of 3rd St,-122.390965298144,37.7344291807899
15613832906244,156138329,6244,Larceny/theft,Grand Theft From Locked Auto,Saturday,2015-06-06,22:00,Northern,None,300 Block Of Grove St,-122.42236966578,37.7779702929916
8094660606243,80946606,6243,Larceny/theft,Petty Theft From Locked Auto,Saturday,2008-09-06,23:00,Mission,None,"Valencia St, 16th St",-122.421886357981,37.7649178909424
13046651864085,130466518,64085,SuspiciousOcc,Investigative Detention,Thursday,2013-06-06,13:25,Central,None,"Bay St, Kearny St",-122.407149304657,37.806426731679
4057415671000,40574156,71000,Non-criminal,Lost Property,Friday,2004-04-16,17:00,Southern,None,300 Block Of Harrison St,-122.391673509398,37.7871426531094
15610674606244,156106746,6244,Larceny/theft,Grand Theft From Locked Auto,Friday,2015-05-01,14:30,Southern,None,200 Block Of King St,-122.393110640713,37.7773103219698
9033234613070,90332346,13070,Prostitution,Solicits To Visit House Of Prostitution,Monday,2009-03-30,15:00,Central,"Arrest, Cited","Larkin St, Geary St",-122.418090766692,37.7861007451645
3116389164070,31163891,64070,SuspiciousOcc,Suspicious Occurrence,Thursday,2003-09-25,18:00,Bayview,None,"3rd St, La Salle Avenue",-122.389865610375,37.7371699446517
15103318827010,151033188,27010,Fraud,Defrauding An Innkeeper,Saturday,2015-11-28,11:53,Northern,"Arrest, Booked",2000 Block Of Fillmore St,-122.433813580387,37.7884287785616
10007435173010,100074351,73010,Non-criminal,Turned In Gun,Saturday,2010-01-23,10:38,Bayview,None,1200 Block Of Rhodeisland St,-122.401458491977,37.7539239678382
15109308571000,151093085,71000,Non-criminal,Lost Property,Friday,2015-12-18,15:00,Southern,None,800 Block Of Market St,-122.407633520742,37.7841893501425
5046481006222,50464810,6222,Larceny/theft,Petty Theft From Unlocked Auto,Monday,2005-04-11,22:30,Mission,None,"Shotwell St, 22nd St",-122.415473931521,37.7556332979368
8010568616040,80105686,16040,Drug/narcotic,Sale Of Marijuana,Wednesday,2008-01-30,17:12,Southern,"Arrest, Booked",1000 Block Of Market St,-122.411071423064,37.7817511307229
4130438671010,41304386,71010,OtherOffenses,Lost/stolen License Plate,Sunday,2004-10-24,00:01,Richmond,None,400 Block Of 27th Avenue,-122.487016643217,37.7809368494178
15107091464085,151070914,64085,SuspiciousOcc,Investigative Detention,Friday,2015-12-11,11:29,Park,None,"Haight St, Stanyan St",-122.45353456066,37.7691662978052
9091986919055,90919869,19055,Assault,Threatening Phone Call(s),Saturday,2009-09-05,14:52,Park,None,1300 Block Of 5th Avenue,-122.461895226034,37.7632789691499
10038147968020,100381479,68020,OtherOffenses,Miscellaneous Investigation,Sunday,2010-04-25,09:00,Park,None,300 Block Of Divisadero St,-122.437446773425,37.7726629315652
9079923507025,90799235,7025,VehicleTheft,Stolen Truck,Wednesday,2009-08-05,17:00,Taraval,Unfounded,"Rivera St, 41st Avenue",-122.478093283052,37.7466849071174
12067861005053,120678610,5053,Burglary,"Burglary Of Store, Unlawful Entry",Saturday,2012-08-25,17:00,Park,"Arrest, Booked",1700 Block Of Fulton St,-122.445652525154,37.7759612670837
4029388971000,40293889,71000,Non-criminal,Lost Property,Thursday,2004-03-11,17:00,Taraval,None,"14th Av, Santiago St",-122.470365997501,37.7451579492757
12605027006374,126050270,6374,Larceny/theft,Grand Theft Of Property,Tuesday,2012-04-03,05:15,Southern,None,800 Block Of Market St,-122.407633520742,37.7841893501425
15107112262020,151071122,62020,Warrants,Enroute To Department Of Corrections,Friday,2015-12-11,12:46,Mission,"Arrest, Booked",3500 Block Of 16th St,-122.431304274727,37.7642928874306
5045240107025,50452401,7025,VehicleTheft,Stolen Truck,Saturday,2005-04-23,21:45,Bayview,"Arrest, Booked",1400 Block Of Thomas Avenue,-122.388542831272,37.7287892888548
10024354027130,100243540,27130,OtherOffenses,Possession Of Burglary Tools,Sunday,2010-03-14,13:05,Southern,"Arrest, Booked",800 Block Of Market St,-122.406520987144,37.7850629421661
12009884215095,120098842,15095,Non-criminal,Tarasoff Report,Saturday,2012-02-04,20:59,Northern,None,2300 Block Of Buchanan St,-122.431073169007,37.7915687103002
4060587014040,40605870,14040,OtherOffenses,Indecent Exposure,Wednesday,2004-05-26,19:40,Central,None,0 Block Of Spofford Ln,-122.407321394337,37.7945862444358
15602788506244,156027885,6244,Larceny/theft,Grand Theft From Locked Auto,Monday,2015-02-02,12:05,Southern,None,"Market St, Laguna St",-122.424854040258,37.7707478792597
7044858716623,70448587,16623,Drug/narcotic,Possession Of Base/rock Cocaine For Sale,Wednesday,2007-05-02,14:50,Tenderloin,"Arrest, Booked","Ellis St, Jones St",-122.412784096502,37.7848656939526
10608654606372,106086546,6372,Larceny/theft,Petty Theft Of Property,Thursday,2010-07-15,12:25,Central,None,"The Embarcaderosouth St, Market St",-122.393983685228,37.795060765295
15608825706372,156088257,6372,Larceny/theft,Petty Theft Of Property,Sunday,2015-04-12,15:00,Northern,None,0 Block Of Marina Bl,-122.432951589917,37.8050520228881
7071695871000,70716958,71000,Non-criminal,Lost Property,Friday,2007-06-22,19:00,Mission,None,"South Van Ness Av, 24th St",-122.416268632715,37.7523735149599
15611569006374,156115690,6374,Larceny/theft,Grand Theft Of Property,Sunday,2015-05-10,19:00,Southern,None,800 Block Of Bryant St,-122.403404791479,37.775420706711
10063236363010,100632363,63010,Warrants,Warrant Arrest,Saturday,2010-07-10,13:05,Tenderloin,"Arrest, Booked",500 Block Of Ellis St,-122.415414178631,37.784476659022
15105263328160,151052633,28160,Vandalism,"Malicious Mischief, Vandalism Of Vehicles",Friday,2015-12-04,19:00,Southern,None,800 Block Of Howard St,-122.403793259489,37.7823235897616
15100353928150,151003539,28150,Vandalism,"Malicious Mischief, Vandalism",Tuesday,2015-11-17,16:30,Taraval,None,"Sunset Bl, Yorba St",-122.493936746778,37.7350591340579
15603111506244,156031115,6244,Larceny/theft,Grand Theft From Locked Auto,Tuesday,2015-02-10,14:30,Taraval,None,0 Block Of Zoo Rd,-122.500837040524,37.7308580846494
15100814773010,151008147,73010,Non-criminal,Turned In Gun,Sunday,2015-11-15,09:00,Ingleside,None,400 Block Of Ellington Avenue,-122.447526215895,37.7116676649678
15102146265016,151021462,65016,OtherOffenses,"Drivers License, Suspended Or Revoked",Monday,2015-11-23,23:35,Central,"Arrest, Cited","Pine St, Powell St",-122.408977605413,37.7910886909542
5146344964080,51463449,64080,SuspiciousOcc,Suspicious Person,Friday,2005-12-30,22:11,Northern,None,0 Block Of Lily St,-122.421685487687,37.7745991401929
15102571564020,151025715,64020,Non-criminal,"Aided Case, Mental Disturbed",Wednesday,2015-11-25,12:46,Central,None,500 Block Of The Embarcaderonorth St,-122.398586934103,37.7999893077504
11071829871000,110718298,71000,Non-criminal,Lost Property,Monday,2011-09-05,13:30,Ingleside,None,200 Block Of Duncan St,-122.425774356023,37.7462234810272
8077606106362,80776061,6362,Larceny/theft,Petty Theft Shoplifting,Thursday,2008-07-24,00:14,Central,"Arrest, Booked",1000 Block Of Hyde St,-122.417368206741,37.7905094151595
13031879365016,130318793,65016,OtherOffenses,"Drivers License, Suspended Or Revoked",Friday,2013-04-19,09:30,Taraval,"Arrest, Cited","Miramar Av, Demontfort Avenue",-122.458189870681,37.7236571994208
15603971106374,156039711,6374,Larceny/theft,Grand Theft Of Property,Monday,2015-02-16,16:50,Northern,None,"Jackson St, Laguna St",-122.429628791653,37.7930984055829
11616620706372,116166207,6372,Larceny/theft,Petty Theft Of Property,Friday,2011-12-30,15:45,Central,None,"Beach St, Jones St",-122.417265053145,37.807073051215
13056788709031,130567887,9031,OtherOffenses,"Money, Property Or Labor, Fraudulently Obtaining",Wednesday,2013-07-10,12:46,Northern,Unfounded,1800 Block Of Union St,-122.429763201881,37.7978730399148
4076409071010,40764090,71010,OtherOffenses,Lost/stolen License Plate,Saturday,2004-07-03,23:00,Bayview,None,100 Block Of Dakota St,-122.395635436168,37.7535645746594
15606205706244,156062057,6244,Larceny/theft,Grand Theft From Locked Auto,Monday,2015-03-09,00:42,Southern,None,"Howard St, 7th St",-122.409391574893,37.7779765037999
15613385206244,156133852,6244,Larceny/theft,Grand Theft From Locked Auto,Tuesday,2015-06-02,10:40,Taraval,None,100 Block Of Lenox Wy,-122.465616085454,37.7417568103981
7117523265015,71175232,65015,OtherOffenses,Traffic Violation,Friday,2007-11-16,07:20,Richmond,"Arrest, Cited","36th Av, Anza St",-122.496377376874,37.7776260872043
15602182106372,156021821,6372,Larceny/theft,Petty Theft Of Property,Thursday,2015-01-22,00:01,Southern,None,"4th St, Howard St",-122.402712593282,37.7832596543979
7037210263010,70372102,63010,Warrants,Warrant Arrest,Wednesday,2007-04-11,19:36,Southern,"Arrest, Booked",900 Block Of Market St,-122.408595110869,37.7837069301545
7111203006241,71112030,6241,Larceny/theft,Petty Theft From Locked Auto,Monday,2007-10-29,19:30,Bayview,None,100 Block Of Kiska Rd,-122.375989158092,37.7301576924252
15600680106244,156006801,6244,Larceny/theft,Grand Theft From Locked Auto,Wednesday,2015-01-07,18:00,Bayview,None,800 Block Of Chinabasin St,-122.386775025935,37.765377517215
15603341228150,156033412,28150,Vandalism,"Malicious Mischief, Vandalism",Saturday,2015-02-07,20:30,Ingleside,None,"Cortland Av, Nebraska St",-122.410509701286,37.7397789731401
5116645527170,51166455,27170,OtherOffenses,Resisting Arrest,Saturday,2005-10-15,23:01,Mission,"Arrest, Booked","18th St, Valencia St",-122.421581681378,37.7617007179563
7029674064015,70296740,64015,Non-criminal,"Aided Case, Injured Person",Thursday,2007-03-22,11:00,Taraval,None,2300 Block Of Irving St,-122.483032150394,37.7633566102197
13013499706132,130134997,6132,Larceny/theft,Grand Theft Pursesnatch,Friday,2013-02-15,22:47,Southern,"Arrest, Booked",1000 Block Of Howard St,-122.408520791815,37.7785853155801
12038511665016,120385116,65016,OtherOffenses,"Drivers License, Suspended Or Revoked",Tuesday,2012-05-15,11:02,Bayview,"Arrest, Cited","16th St, Owens St",-122.39266866531,37.7666926998245
3102442551040,31024425,51040,Non-criminal,Aided Case,Friday,2003-08-29,13:00,Taraval,None,100 Block Of West Portal Avenue,-122.468117499815,37.7389000144845
9084700075000,90847000,75000,MissingPerson,Found Person,Tuesday,2009-08-18,21:00,Southern,None,600 Block Of Howard St,-122.39998852115,37.7854873412292
4119935311010,41199353,11010,StolenProperty,Receiving Stolen Property,Wednesday,2004-10-20,11:30,Tenderloin,"Arrest, Booked",300 Block Of Ellis St,-122.411987643595,37.7850226622786
15606002306244,156060023,6244,Larceny/theft,Grand Theft From Locked Auto,Tuesday,2015-03-10,22:00,Northern,None,2200 Block Of Broadway St,-122.434101662511,37.7943138372159
15103299264020,151032992,64020,Non-criminal,"Aided Case, Mental Disturbed",Saturday,2015-11-28,10:35,Central,Exceptional Clearance,800 Block Of Leavenworth St,-122.415348738908,37.7888542050467
5080072506244,50800725,6244,Larceny/theft,Grand Theft From Locked Auto,Tuesday,2005-07-19,17:30,Taraval,None,1300 Block Of Wawona St,-122.48120518527,37.7372498843025
10091838905071,100918389,5071,Burglary,"Burglary, Forcible Entry",Saturday,2010-10-02,17:00,Park,None,100 Block Of Johnfkennedy Dr,-122.457507583541,37.7711332354432
9027406164070,90274061,64070,SuspiciousOcc,Suspicious Occurrence,Saturday,2009-03-14,00:01,Southern,None,500 Block Of Mission St,-122.399010207568,37.7887066123323
12015035171000,120150351,71000,Non-criminal,Lost Property,Wednesday,2012-02-22,20:40,Taraval,None,1200 Block Of 9th Avenue,-122.46630620635,37.7649657627052
15112632906244,151126329,6244,Larceny/theft,Grand Theft From Locked Auto,Thursday,2015-12-31,14:45,Mission,None,"Market St, 15th St",-122.431028702713,37.7658672394532
15101412207025,151014122,7025,VehicleTheft,Stolen Truck,Friday,2015-11-20,23:00,Richmond,None,5800 Block Of Fulton St,-122.494382131748,37.7721595963115
13097672706360,130976727,6360,Larceny/theft,Attempted Shoplifting,Monday,2013-11-18,09:56,Central,None,500 Block Of Sutter St,-122.409423604675,37.7890647342848
4086404804134,40864048,4134,Assault,Battery,Saturday,2004-07-24,19:44,Ingleside,"Arrest, Booked","Otsego Av, Onondaga Avenue",-122.441430773439,37.7227259272547
15607992706372,156079927,6372,Larceny/theft,Petty Theft Of Property,Friday,2015-04-03,16:00,Central,None,300 Block Of Post St,-122.407612885387,37.7884486019705
6067064309320,60670643,9320,Fraud,"Credit Card, Theft By Use Of",Tuesday,2006-05-09,00:01,Southern,Not Prosecuted,800 Block Of Bryant St,-122.403404791479,37.775420706711
6044077571010,60440775,71010,OtherOffenses,Lost/stolen License Plate,Wednesday,2006-04-05,19:30,Mission,None,600 Block Of Potrero Avenue,-122.407254213895,37.7612780377437
12025254371000,120252543,71000,Non-criminal,Lost Property,Wednesday,2012-03-28,14:00,Central,None,1600 Block Of The Embarcaderonorth St,-122.410774214375,37.8084350175869
15108496564070,151084965,64070,SuspiciousOcc,Suspicious Occurrence,Wednesday,2015-12-16,11:20,Ingleside,None,3200 Block Of San Bruno Avenue,-122.400805419866,37.7209886364992
3026009206243,30260092,6243,Larceny/theft,Petty Theft From Locked Auto,Tuesday,2003-03-04,03:00,Ingleside,None,100 Block Of Laidley St,-122.429058209532,37.7395288770786
8090335564020,80903355,64020,Non-criminal,"Aided Case, Mental Disturbed",Tuesday,2008-08-26,21:15,Mission,Psychopathic Case,400 Block Of Castro St,-122.435012093789,37.7617677182954
15608468106224,156084681,6224,Larceny/theft,Grand Theft From Unlocked Auto,Wednesday,2015-04-08,14:17,Central,None,2300 Block Of Stockton St,-122.410524742229,37.8074451162355
4007137874000,40071378,74000,MissingPerson,Missing Adult,Saturday,2004-01-17,08:30,Park,Located,1600 Block Of Hayes St,-122.44360648696,37.7743063909083
15613758106244,156137581,6244,Larceny/theft,Grand Theft From Locked Auto,Monday,2015-06-08,06:30,Central,None,"Bay St, Powell St",-122.411953083611,37.8058242949274
15611091306224,156110913,6224,Larceny/theft,Grand Theft From Unlocked Auto,Thursday,2015-05-07,20:00,Central,None,"Sansome St, Union St",-122.402792626123,37.8012422995059
15107803704013,151078037,4013,Assault,Aggravated Assault With A Deadly Weapon,Monday,2015-12-14,01:30,Central,"Arrest, Booked",400 Block Of Mason St,-122.409925328419,37.7877640990096
15604755406244,156047554,6244,Larceny/theft,Grand Theft From Locked Auto,Friday,2015-01-23,19:20,Bayview,None,"Illinois St, 23rd St",-122.387067977547,37.7554460266182
13098531451040,130985314,51040,Non-criminal,Aided Case,Wednesday,2013-11-20,22:55,Mission,None,1400 Block Of Valencia St,-122.420497863936,37.749686670992
8095334406314,80953344,6314,Larceny/theft,Grand Theft Bicycle,Sunday,2008-09-07,20:30,Mission,None,100 Block Of Duboce Avenue,-122.422760608099,37.7698990326822
9113615126170,91136151,26170,OtherOffenses,Probation Violation,Wednesday,2009-11-04,01:15,Mission,"Arrest, Booked","16th St, Mission St",-122.419671780296,37.7650501214668
15611278706244,156112787,6244,Larceny/theft,Grand Theft From Locked Auto,Friday,2015-05-08,17:00,Richmond,None,"Johnfkennedy Dr, Great Hy",-122.510925873416,37.7704317243551
4004784606302,40047846,6302,Larceny/theft,Petty Theft From A Building,Saturday,2004-01-10,23:00,Mission,None,400 Block Of Castro St,-122.435150099812,37.7617597243598
3035282168020,30352821,68020,OtherOffenses,Miscellaneous Investigation,Tuesday,2003-03-25,17:45,Central,None,600 Block Of Geary St,-122.413988841812,37.7865685406761
9022563851040,90225638,51040,Non-criminal,Aided Case,Monday,2009-03-02,23:47,Taraval,None,100 Block Of Junipero Serra Bl,-122.472156761057,37.7325199293917
15109639612080,151096396,12080,WeaponLaws,Poss Of Firearm By Convicted Felon/addict/alien,Sunday,2015-12-20,11:20,Bayview,"Arrest, Booked",0 Block Of Lucy St,-122.393356904201,37.730076338153
13035569828165,130355698,28165,Vandalism,"Malicious Mischief, Graffiti",Tuesday,2013-04-30,22:45,Central,None,800 Block Of Geary St,-122.417295322526,37.7862578545865
10085790372000,100857903,72000,Non-criminal,Found Property,Tuesday,2010-09-14,22:30,Northern,Unfounded,400 Block Of Austin St,-122.426173332356,37.7884843739382
15111990465016,151119904,65016,OtherOffenses,"Drivers License, Suspended Or Revoked",Tuesday,2015-12-29,13:40,Southern,"Arrest, Booked",800 Block Of Bryant St,-122.403404791479,37.775420706711
15610974006244,156109740,6244,Larceny/theft,Grand Theft From Locked Auto,Wednesday,2015-03-25,21:05,Central,None,400 Block Of The Embarcaderonorth St,-122.396374439116,37.7980532528058
15101353807025,151013538,7025,VehicleTheft,Stolen Truck,Friday,2015-11-20,20:00,Bayview,None,200 Block Of Silliman St,-122.407596092045,37.7306388568631
15110755104134,151107551,4134,Assault,Battery,Thursday,2015-12-24,11:20,Ingleside,"Arrest, Booked",4600 Block Of Mission St,-122.435621772842,37.7234913181355
7098454706243,70984547,6243,Larceny/theft,Petty Theft From Locked Auto,Monday,2007-09-24,22:00,Taraval,None,"Font Bl, Junipero Serra Bl",-122.471584267545,37.7141517633377
15109739411012,151097394,11012,StolenProperty,"Stolen Property, Possession With Knowledge, Receiving",Sunday,2015-12-20,14:00,Central,"Arrest, Booked",0 Block Of Scotland St,-122.41247223362,37.8014743383195
15105317009027,151053170,9027,OtherOffenses,False Personation,Saturday,2015-12-05,09:19,Bayview,"Arrest, Booked","3rd St, Oakdale Avenue",-122.390697630683,37.7347969947349
15612451628160,156124516,28160,Vandalism,"Malicious Mischief, Vandalism Of Vehicles",Sunday,2015-05-24,23:30,Southern,None,500 Block Of Beale St,-122.389113595272,37.7857281880557
5062382807021,50623828,7021,VehicleTheft,Stolen Automobile,Friday,2005-06-03,22:00,Central,None,"Powell St, Sutter St",-122.408597386684,37.7892242058501
8099280365016,80992803,65016,OtherOffenses,"Drivers License, Suspended Or Revoked",Thursday,2008-09-18,16:33,Ingleside,"Arrest, Cited",400 Block Of Lisbon St,-122.434266203333,37.7212359779957
9117283268000,91172832,68000,Non-criminal,Fire Report,Saturday,2009-11-14,06:40,Park,None,"Lawton St, 7th Avenue",-122.463783615777,37.7585356172569
15111683174000,151116831,74000,MissingPerson,Missing Adult,Monday,2015-12-28,10:30,Ingleside,None,700 Block Of Peru Avenue,-122.423472572378,37.7256680415481
15108270928100,151082709,28100,Vandalism,"Malicious Mischief, Breaking Windows",Tuesday,2015-12-15,14:27,Southern,None,0 Block Of 6th St,-122.40950430935,37.781526271747
8086393165016,80863931,65016,OtherOffenses,"Drivers License, Suspended Or Revoked",Saturday,2008-08-16,16:03,Taraval,"Arrest, Cited","Holloway Av, Lee Avenue",-122.454106542409,37.721851576758
12070360975000,120703609,75000,MissingPerson,Found Person,Monday,2012-09-03,01:00,Ingleside,None,1700 Block Of San Jose Avenue,-122.438875966037,37.7295856135726
4105674764010,41056747,64010,Non-criminal,"Aided Case, Dog Bite",Tuesday,2004-09-14,21:00,Park,None,4300 Block Of 17th St,-122.441559262764,37.7620486897062
15609158906244,156091589,6244,Larceny/theft,Grand Theft From Locked Auto,Saturday,2015-04-11,20:00,Central,None,1300 Block Of Pacific Avenue,-122.417638463771,37.7954904018711
5097322505011,50973225,5011,Burglary,"Burglary Of Apartment House, Forcible Entry",Monday,2005-08-29,08:30,Park,None,2100 Block Of Ofarrell St,-122.440135432203,37.7822885930684
15110561806303,151105618,6303,Larceny/theft,Petty Theft From A Building,Tuesday,2015-12-22,21:00,Richmond,None,6600 Block Of Geary Bl,-122.490656279749,37.7799483961729
15100330709029,151003307,9029,OtherOffenses,False Personation To Receive Money Or Property,Tuesday,2015-11-17,20:00,Northern,None,700 Block Of Fillmore St,-122.431224960964,37.7763145302112
6089456464020,60894564,64020,Non-criminal,"Aided Case, Mental Disturbed",Tuesday,2006-08-22,20:30,Central,Psychopathic Case,2200 Block Of Leavenworth St,-122.41777148469,37.8015056603454
15600268306374,156002683,6374,Larceny/theft,Grand Theft Of Property,Saturday,2015-01-03,16:00,Central,None,900 Block Of Northpoint St,-122.422857719558,37.8054440413944
15606057806244,156060578,6244,Larceny/theft,Grand Theft From Locked Auto,Wednesday,2015-03-11,08:40,Central,None,400 Block Of Stockton St,-122.406977563692,37.789918101686
9100422913070,91004229,13070,Prostitution,Solicits To Visit House Of Prostitution,Tuesday,2009-09-29,03:50,Mission,"Arrest, Cited","20th St, Capp St",-122.41796448376,37.7586968166489
11094537265015,110945372,65015,OtherOffenses,Traffic Violation,Thursday,2011-11-24,01:16,Ingleside,"Arrest, Cited",5200 Block Of Diamondheights Bl,-122.439065944959,37.7442774766877
15100554151040,151005541,51040,Non-criminal,Aided Case,Wednesday,2015-11-18,18:56,Ingleside,None,"Mission St, Sickles Avenue",-122.452664083403,37.7088054432465
12050022327300,120500223,27300,OtherOffenses,Miscellaneous State Misdemeanor,Monday,2012-06-25,16:22,Ingleside,"Arrest, Booked",300 Block Of Cordova St,-122.435184441035,37.7105476182462
8054866603474,80548666,3474,Robbery,Attempted Robbery With Bodily Force,Sunday,2008-05-25,16:10,Bayview,None,"Bay Shore Bl, Silver Avenue",-122.404658361435,37.7329487043192
15612859606224,156128596,6224,Larceny/theft,Grand Theft From Unlocked Auto,Thursday,2015-05-28,20:00,Northern,None,"Ellis St, Larkin St",-122.417710344726,37.7842362877887
4122659203014,41226592,3014,Robbery,"Robbery On The Street, Strongarm",Friday,2004-10-15,23:00,Northern,None,0 Block Of Fell St,-122.418500584434,37.7764380944444
5061960168020,50619601,68020,OtherOffenses,Miscellaneous Investigation,Friday,2005-06-03,00:52,Central,None,"Bush St, Larkin St",-122.418658294837,37.7889098399192
8070754963010,80707549,63010,Warrants,Warrant Arrest,Sunday,2008-07-06,23:26,Tenderloin,"Arrest, Booked","Taylor St, Turk St",-122.410768766343,37.7832145190013
15613075106374,156130751,6374,Larceny/theft,Grand Theft Of Property,Sunday,2015-05-31,13:20,Northern,None,700 Block Of Polk St,-122.419159190984,37.7833430636234
15107753407025,151077534,7025,VehicleTheft,Stolen Truck,Friday,2015-12-11,23:30,Northern,None,"Fillmore St, Green St",-122.435302322073,37.7961561362463
5097802116623,50978021,16623,Drug/narcotic,Possession Of Base/rock Cocaine For Sale,Tuesday,2005-08-30,21:00,Northern,"Arrest, Booked",1000 Block Of Geary St,-122.420592674438,37.785841624062
6025360304134,60253603,4134,Assault,Battery,Monday,2006-03-06,22:30,Central,"Arrest, Booked",600 Block Of The Embarcaderonorth St,-122.40038746482,37.8025735991651
10073943616040,100739436,16040,Drug/narcotic,Sale Of Marijuana,Thursday,2010-08-12,19:30,Park,None,"Stanyan St, Page St",-122.453728603068,37.7700970411704
12053019506314,120530195,6314,Larceny/theft,Grand Theft Bicycle,Tuesday,2012-07-03,22:30,Southern,None,"3rd St, Market St",-122.403434086745,37.78764305018
12017445816650,120174458,16650,Drug/narcotic,Possession Of Meth-amphetamine,Thursday,2012-03-01,18:00,Bayview,"Arrest, Booked",400 Block Of Mississippi St,-122.39434290269,37.7607713629504
4039654627030,40396546,27030,OtherOffenses,Drives Vehicle Along Track Of Railroad,Tuesday,2004-04-06,22:51,Ingleside,None,"San Jose Av, Milton St",-122.42958210228,37.7344220562626
4095185528160,40951855,28160,Vandalism,"Malicious Mischief, Vandalism Of Vehicles",Thursday,2004-08-19,21:30,Taraval,None,1800 Block Of 33rd Avenue,-122.491339681797,37.7526298841375
13083199963010,130831999,63010,Warrants,Warrant Arrest,Wednesday,2013-10-02,16:18,Southern,"Arrest, Booked","Mason St, Turk St",-122.408953598279,37.783287873572
12050231051040,120502310,51040,Non-criminal,Aided Case,Tuesday,2012-06-26,11:15,Taraval,None,2300 Block Of 24th Avenue,-122.48118317163,37.7437268170337
8127243606372,81272436,6372,Larceny/theft,Petty Theft Of Property,Friday,2008-11-28,10:00,Mission,None,"18th St, Guerrero St",-122.423803001901,37.7615655928045
13002308304138,130023083,4138,Assault,"Battery, Former Spouse Or Dating Relationship",Thursday,2013-01-03,03:00,Tenderloin,None,"8th St, Market St",-122.414743835382,37.778719262789
15106535705012,151065357,5012,Burglary,"Burglary Of Apartment House, Att Forcible Entry",Tuesday,2015-12-08,12:00,Richmond,None,100 Block Of Anza St,-122.448173685131,37.7810153030333
15605320006244,156053200,6244,Larceny/theft,Grand Theft From Locked Auto,Wednesday,2015-03-04,01:00,Northern,None,2900 Block Of Laguna St,-122.430723228559,37.7981825246866
8047004706244,80470047,6244,Larceny/theft,Grand Theft From Locked Auto,Sunday,2008-05-04,11:00,Northern,None,3600 Block Of Lyon St,-122.44827840533,37.804271887891
15106786405043,151067864,5043,Burglary,"Burglary Of Residence, Unlawful Entry",Monday,2015-12-07,13:00,Park,None,0 Block Of Frederick St,-122.444296047125,37.7674255735007
15604728106244,156047281,6244,Larceny/theft,Grand Theft From Locked Auto,Monday,2015-02-23,13:00,Park,None,"Waller St, Downey St",-122.447570507163,37.7689683189988
15607966028150,156079660,28150,Vandalism,"Malicious Mischief, Vandalism",Friday,2015-03-27,12:00,Ingleside,None,"Athens St, Amazon Avenue",-122.43363939685,37.7147533184612
15605129806244,156051298,6244,Larceny/theft,Grand Theft From Locked Auto,Sunday,2015-03-01,22:00,Taraval,None,200 Block Of Farallones St,-122.460845506311,37.7139872622666
15105362528100,151053625,28100,Vandalism,"Malicious Mischief, Breaking Windows",Saturday,2015-12-05,04:00,Central,None,1900 Block Of Kearny St,-122.406984932491,37.8059788351705
6002852571010,60028525,71010,OtherOffenses,Lost/stolen License Plate,Saturday,2005-12-31,12:00,Mission,None,3400 Block Of 18th St,-122.420494661635,37.7618219325945
15106934304013,151069343,4013,Assault,Aggravated Assault With A Deadly Weapon,Thursday,2015-12-10,18:00,Bayview,"Arrest, Booked",100 Block Of Barneveld Avenue,-122.402841680867,37.7450364333137
10016110204134,100161102,4134,Assault,Battery,Wednesday,2010-02-17,17:15,Mission,"Arrest, Booked",3800 Block Of 18th St,-122.429490357681,37.7612760129993
15104361026200,151043610,26200,OtherOffenses,Miscellaneous State Felony,Tuesday,2015-12-01,23:19,Tenderloin,"Arrest, Booked","Taylor St, Eddy St",-122.410955248906,37.7841399509594
15614200706244,156142007,6244,Larceny/theft,Grand Theft From Locked Auto,Sunday,2015-06-14,01:00,Northern,None,1800 Block Of Steiner St,-122.435081863113,37.7863436701959
9013701130090,90137011,30090,OtherOffenses,Operating Taxi Without A Permit,Friday,2009-02-06,22:15,Southern,"Arrest, Cited","The Embarcaderosouth St, Brannan St",-122.388190455114,37.7847731760596
15103390663010,151033906,63010,Warrants,Warrant Arrest,Saturday,2015-11-28,15:29,Tenderloin,"Arrest, Booked",0 Block Of Unitednations Pz,-122.414317857881,37.7799444052046
15100880265010,151008802,65010,OtherOffenses,Traffic Violation Arrest,Thursday,2015-11-19,18:29,Mission,"Arrest, Cited","Guerrero St, 16th St",-122.424104315404,37.7647828165893
15606441706372,156064417,6372,Larceny/theft,Petty Theft Of Property,Saturday,2015-03-14,19:00,Northern,None,300 Block Of Oak St,-122.425018205965,37.774655409686
4057416263010,40574162,63010,Warrants,Warrant Arrest,Wednesday,2004-05-19,14:55,Mission,"Arrest, Booked","Osage St, 25th St",-122.418862681565,37.7506062364011
8128335804134,81283358,4134,Assault,Battery,Monday,2008-12-01,15:18,Richmond,None,3100 Block Of Fulton St,-122.464277662782,37.7735011284479
15101836212015,151018362,12015,WeaponLaws,Carrying A Concealed Weapon,Sunday,2015-11-22,22:07,Taraval,"Arrest, Booked","Lawton St, 19th Avenue",-122.476684519586,37.7579683424839
10061385207055,100613852,7055,RecoveredVehicle,Recovered Vehicle - Stolen Outside Sf,Sunday,2010-07-04,12:20,Bayview,None,800 Block Of Barneveld Avenue,-122.407218369691,37.7328709181863
15602042506244,156020425,6244,Larceny/theft,Grand Theft From Locked Auto,Monday,2015-01-26,05:30,Northern,None,100 Block Of Franklin St,-122.420938261674,37.775472463559
15108285607022,151082856,7022,VehicleTheft,Stolen Bus,Sunday,2015-12-13,23:00,Taraval,None,"17th Av, Rivera St",-122.473815511455,37.7468720100524
13020194464020,130201944,64020,Non-criminal,"Aided Case, Mental Disturbed",Sunday,2013-03-10,15:55,Mission,Psychopathic Case,400 Block Of Valencia St,-122.421935077177,37.7661343875141
8064650506242,80646505,6242,Larceny/theft,Petty Theft From Locked Auto,Friday,2008-06-20,18:15,Taraval,None,300 Block Of Eucalyptus Dr,-122.476383904851,37.7310536423783
15106393165015,151063931,65015,OtherOffenses,Traffic Violation,Wednesday,2015-12-09,01:49,Southern,"Arrest, Booked","7th St, Market St",-122.412515341356,37.7804777480508
15602411006244,156024110,6244,Larceny/theft,Grand Theft From Locked Auto,Monday,2015-01-26,22:00,Northern,None,"Post St, Polk St",-122.419930111611,37.7868262082156
3013494215200,30134942,15200,SecondaryCodes,Domestic Violence,Sunday,2003-02-02,06:06,Southern,None,500 Block Of 3rd St,-122.394402506696,37.7802494745874
15611415306224,156114153,6224,Larceny/theft,Grand Theft From Unlocked Auto,Saturday,2015-05-09,23:00,Central,None,700 Block Of Bay St,-122.419381099647,37.8049469154449
11087871703011,110878717,3011,Robbery,Robbery On The Street With A Gun,Saturday,2011-10-29,02:00,Mission,None,"16th St, Utah St",-122.406553700757,37.7658426354415
15602680906244,156026809,6244,Larceny/theft,Grand Theft From Locked Auto,Thursday,2015-02-05,12:30,Northern,None,"Geary Bl, Webster St",-122.431206932079,37.7845681170336
15100565406243,151005654,6243,Larceny/theft,Petty Theft From Locked Auto,Tuesday,2015-11-17,19:00,Taraval,None,0 Block Of Font Bl,-122.472433715803,37.7145563271509
3086161207041,30861612,7041,VehicleTheft,"Vehicle, Recovered, Auto",Saturday,2003-07-19,23:30,Northern,None,"Hayes St, Steiner St",-122.432832799178,37.7756249672549
15601522206224,156015222,6224,Larceny/theft,Grand Theft From Unlocked Auto,Saturday,2015-01-17,18:15,Southern,None,900 Block Of Howard St,-122.405399502883,37.7812083871442
4038673507041,40386735,7041,VehicleTheft,"Vehicle, Recovered, Auto",Saturday,2004-04-03,21:30,Ingleside,None,200 Block Of Nevada St,-122.411361377439,37.7390008232868
15112571362050,151125713,62050,Warrants,Enroute To Outside Jurisdiction,Thursday,2015-12-31,11:45,Bayview,"Arrest, Booked","3rd St, Missionrock St",-122.389731237453,37.7730989038326
4002307862030,40023078,62030,Warrants,Enroute To Parole Officer,Wednesday,2004-01-07,11:29,Southern,"Arrest, Booked",100 Block Of 12th St,-122.417628311343,37.7719781799261
15609894906244,156098949,6244,Larceny/theft,Grand Theft From Locked Auto,Saturday,2015-04-11,10:00,Central,None,400 Block Of Post St,-122.40923414477,37.7881314364513
15112702665016,151127026,65016,OtherOffenses,"Drivers License, Suspended Or Revoked",Thursday,2015-12-31,22:00,Southern,None,"Tehama St, 5th St",-122.404407887961,37.7810759636856
15112576327170,151125763,27170,OtherOffenses,Resisting Arrest,Thursday,2015-12-31,12:00,Southern,"Arrest, Booked",1500 Block Of Mission St,-122.417975390351,37.7737509379648
15600918406244,156009184,6244,Larceny/theft,Grand Theft From Locked Auto,Monday,2015-01-12,11:00,Central,None,400 Block Of Stockton St,-122.406977563692,37.789918101686
15110764206240,151107642,6240,Larceny/theft,Attempted Theft From Locked Vehicle,Thursday,2015-12-24,09:45,Southern,None,800 Block Of Bryant St,-122.403404791479,37.775420706711
15607871906244,156078719,6244,Larceny/theft,Grand Theft From Locked Auto,Sunday,2015-03-29,17:20,Central,None,400 Block Of Stockton St,-122.406977563692,37.789918101686
5063283506221,50632835,6221,Larceny/theft,Petty Theft From Unlocked Auto,Sunday,2005-06-05,10:35,Northern,None,"Post St, Steiner St",-122.434733246306,37.7849443169746
3025017827170,30250178,27170,OtherOffenses,Resisting Arrest,Saturday,2003-03-01,10:50,Mission,"Arrest, Booked",2000 Block Of Mission St,-122.41965834371,37.7642205603745
12023962672000,120239626,72000,Non-criminal,Found Property,Saturday,2012-03-24,10:00,Ingleside,None,200 Block Of Acadia St,-122.4375328223,37.732662279129
15112147664085,151121476,64085,SuspiciousOcc,Investigative Detention,Tuesday,2015-12-29,22:04,Mission,None,400 Block Of Capp St,-122.417970955091,37.7594884557036
9087417228100,90874172,28100,Vandalism,"Malicious Mischief, Breaking Windows",Tuesday,2009-08-25,23:25,Central,None,700 Block Of Filbert St,-122.411241772072,37.8011975068272
15101357206304,151013572,6304,Larceny/theft,Grand Theft From A Building,Friday,2015-11-20,19:00,Central,None,1000 Block Of California St,-122.412075501697,37.7916201314541
15105861906364,151058619,6364,Larceny/theft,Grand Theft Shoplifting,Friday,2015-12-04,22:08,Taraval,None,2000 Block Of Irving St,-122.479815820226,37.763498244756
10050728306125,100507283,6125,Larceny/theft,Theft Of Checks Or Credit Cards,Wednesday,2010-04-14,11:00,Taraval,None,300 Block Of Serrano Dr,-122.480450749459,37.7190118676786
15606359406244,156063594,6244,Larceny/theft,Grand Theft From Locked Auto,Saturday,2015-03-14,15:30,Northern,None,"Eddy St, Larkin St",-122.41753069698,37.7833107539969
15109937806153,151099378,6153,Larceny/theft,Grand Theft From Person,Monday,2015-12-21,10:00,Southern,None,600 Block Of Market St,-122.403070886779,37.7877867423496
15109729728161,151097297,28161,Vandalism,"Malicious Mischief, Tire Slashing",Saturday,2015-12-19,16:00,Mission,None,"26th St, Harrison St",-122.411595216432,37.7494360392756
6055132206365,60551322,6365,Larceny/theft,Petty Theft With Prior,Wednesday,2006-05-24,15:00,Northern,"Arrest, Booked",1300 Block Of Webster St,-122.431046366089,37.7830295716044
11046483364020,110464833,64020,Non-criminal,"Aided Case, Mental Disturbed",Thursday,2011-06-09,08:15,Southern,None,500 Block Of Minna St,-122.408673540372,37.7800574377607
15110586207021,151105862,7021,VehicleTheft,Stolen Automobile,Tuesday,2015-12-22,14:00,Richmond,None,"22nd Av, Cabrillo St",-122.481113399475,37.7745817474718
15105947907021,151059479,7021,VehicleTheft,Stolen Automobile,Saturday,2015-12-05,23:00,Mission,None,0 Block Of Albion St,-122.423265893603,37.765649515945
15611712906244,156117129,6244,Larceny/theft,Grand Theft From Locked Auto,Friday,2015-05-15,09:30,Southern,None,"4th St, Howard St",-122.402712593282,37.7832596543979
15608201106224,156082011,6224,Larceny/theft,Grand Theft From Unlocked Auto,Friday,2015-04-03,21:15,Southern,None,"Brannan St, Zoe St",-122.39530865057,37.779297019059
11053610319090,110536103,19090,Drunkenness,Under Influence Of Alcohol In A Public Place,Monday,2011-07-04,06:31,Tenderloin,"Arrest, Cited",100 Block Of Mason St,-122.40947349732,37.784816365102
15600814271000,156008142,71000,Non-criminal,Lost Property,Saturday,2015-01-10,15:00,Richmond,None,"California St, Locust St",-122.451757655731,37.7866167883705
8002189465016,80021894,65016,OtherOffenses,"Drivers License, Suspended Or Revoked",Monday,2008-01-07,12:25,Tenderloin,"Arrest, Cited","Taylor St, Turk St",-122.410768766343,37.7832145190013
15101059007025,151010590,7025,VehicleTheft,Stolen Truck,Tuesday,2015-11-17,17:00,Bayview,None,2200 Block Of Jennings St,-122.389468402089,37.7260648917469
11039722816710,110397228,16710,Drug/narcotic,Possession Of Narcotics Paraphernalia,Tuesday,2011-05-17,07:41,Tenderloin,"Arrest, Booked",300 Block Of Ellis St,-122.411987643595,37.7850226622786
12053697703014,120536977,3014,Robbery,"Robbery On The Street, Strongarm",Saturday,2012-07-07,22:00,Northern,None,"Webster St, Fulton St",-122.429850411503,37.7779180624996
15101644161030,151016441,61030,Non-criminal,"Death Report, Cause Unknown",Friday,2015-11-20,18:00,Mission,None,200 Block Of Collingwood St,-122.435811921495,37.7584115811167
9106835065016,91068350,65016,OtherOffenses,"Drivers License, Suspended Or Revoked",Friday,2009-10-16,14:03,Ingleside,"Arrest, Cited",2400 Block Of San Jose Avenue,-122.448303520335,37.7186724826951
7602804006244,76028040,6244,Larceny/theft,Grand Theft From Locked Auto,Saturday,2007-04-28,12:15,Northern,None,"Hermann St, Laguna St",-122.424854040258,37.7707478792597
15107032807055,151070328,7055,RecoveredVehicle,Recovered Vehicle - Stolen Outside Sf,Thursday,2015-12-10,15:18,Central,None,600 Block Of Pine St,-122.406558464984,37.7914504439376
15601942828150,156019428,28150,Vandalism,"Malicious Mischief, Vandalism",Sunday,2015-01-25,01:30,Richmond,None,400 Block Of 11th Avenue,-122.469628694391,37.7797875016782
9014600627195,90146006,27195,Trespass,Trespassing,Monday,2009-02-09,16:15,Southern,"Arrest, Cited",800 Block Of Market St,-122.407633520742,37.7841893501425
15101033062030,151010330,62030,Warrants,Enroute To Parole Officer,Thursday,2015-11-19,19:00,Park,"Arrest, Booked",1500 Block Of Fulton St,-122.442315217805,37.7762742981848
15107762526170,151077625,26170,OtherOffenses,Probation Violation,Sunday,2015-12-13,18:15,Central,"Arrest, Booked","Pine St, Grant Avenue",-122.405744762009,37.7914980828425
7001813016120,70018130,16120,Drug/narcotic,Sale Of Heroin,Friday,2007-01-05,19:20,Tenderloin,"Arrest, Booked",100 Block Of Leavenworth St,-122.413893155951,37.782346520673
9128407319015,91284073,19015,OtherOffenses,Disrupts School Activities,Thursday,2009-12-17,09:00,Northern,None,700 Block Of Golden Gate Avenue,-122.42291369529,37.7806600950548
11070291271000,110702912,71000,Non-criminal,Lost Property,Friday,2011-07-15,00:01,Park,None,100 Block Of Pierce St,-122.433711096406,37.7712220443581
7046028009015,70460280,9015,Forgery/counterfeiting,"Checks, Forgery (felony)",Thursday,2007-05-03,15:00,Richmond,None,400 Block Of 11th Avenue,-122.469628694391,37.7797875016782
8115115371010,81151153,71010,OtherOffenses,Lost/stolen License Plate,Monday,2008-10-13,12:00,Northern,None,3000 Block Of Steiner St,-122.437302087589,37.7973456387613
15109480105014,151094801,5014,Burglary,"Burglary, Vehicle (arrest Made)",Saturday,2015-12-19,19:13,Taraval,"Arrest, Booked",3200 Block Of 20th Avenue,-122.475647460786,37.7285280627465
6021056205153,60210562,5153,Burglary,"Burglary,store Under Construction, Unlawful Entry",Friday,2006-02-24,05:28,Mission,None,2400 Block Of Mariposa St,-122.4078191481,37.7632089049801
15608274806244,156082748,6244,Larceny/theft,Grand Theft From Locked Auto,Sunday,2015-04-05,20:40,Northern,None,1100 Block Of Franklin St,-122.422912337876,37.7852569586765
13054173403014,130541734,3014,Robbery,"Robbery On The Street, Strongarm",Monday,2013-07-01,19:45,Bayview,None,"San Bruno Av, Bacon St",-122.403595293514,37.7276340992506
15609988406244,156099884,6244,Larceny/theft,Grand Theft From Locked Auto,Saturday,2015-04-25,17:00,Central,None,"Bush St, Powell St",-122.408787528948,37.7901578215257
15102322016652,151023220,16652,Drug/narcotic,Possession Of Meth-amphetamine For Sale,Tuesday,2015-11-24,13:58,Southern,"Arrest, Booked","6th St, Stevenson St",-122.409696355558,37.7817540588712
11611847406372,116118474,6372,Larceny/theft,Petty Theft Of Property,Wednesday,2011-08-10,00:01,Park,None,1000 Block Of Pierce St,-122.435357598597,37.7793814654384
15601957506244,156019575,6244,Larceny/theft,Grand Theft From Locked Auto,Saturday,2015-01-24,17:30,Tenderloin,None,0 Block Of Mcallister St,-122.412596970637,37.7811192121542
15613774106244,156137741,6244,Larceny/theft,Grand Theft From Locked Auto,Thursday,2015-06-04,19:30,Northern,None,"Fulton St, Gough St",-122.423355144447,37.7787466492059
4107058765016,41070587,65016,OtherOffenses,"Drivers License, Suspended Or Revoked",Saturday,2004-09-18,13:23,Mission,"Arrest, Cited","18th St, Folsom St",-122.415000536794,37.7620990020727
10039472364070,100394723,64070,SuspiciousOcc,Suspicious Occurrence,Thursday,2010-04-29,10:30,Northern,None,300 Block Of Webster St,-122.429017675936,37.7737322487738
9007023905151,90070239,5151,Burglary,"Burglary,store Under Construction, Forcible Entry",Monday,2009-01-19,18:00,Central,None,100 Block Of Columbus Avenue,-122.40481652565,37.7966551079447
6011025763010,60110257,63010,Warrants,Warrant Arrest,Sunday,2006-01-29,17:02,Bayview,"Arrest, Booked",1600 Block Of Mckinnon Avenue,-122.390670834934,37.736611643242
15106565875030,151065658,75030,Non-criminal,Case Closure,Saturday,2015-12-05,18:00,Ingleside,Exceptional Clearance,300 Block Of Madrid St,-122.431113697306,37.7239595568907
13042597865016,130425978,65016,OtherOffenses,"Drivers License, Suspended Or Revoked",Thursday,2013-05-23,22:31,Richmond,"Arrest, Cited","23rd Av, Lake St",-122.483005687441,37.7858316639213
15607559928160,156075599,28160,Vandalism,"Malicious Mischief, Vandalism Of Vehicles",Sunday,2015-03-29,03:00,Taraval,None,100 Block Of Byxbee St,-122.469897156327,37.7170075647021
11027469816040,110274698,16040,Drug/narcotic,Sale Of Marijuana,Monday,2011-04-04,16:59,Richmond,"Arrest, Booked",500 Block Of Johnfkennedy Dr,-122.466204667893,37.7725405391593
6131728416621,61317284,16621,Drug/narcotic,Possession Of Base/rock Cocaine,Tuesday,2006-12-12,11:23,Mission,"Arrest, Booked",1900 Block Of Mission St,-122.419814593811,37.7658427213372
3103628271000,31036282,71000,Non-criminal,Lost Property,Tuesday,2003-08-26,17:41,Mission,None,600 Block Of Valencia St,-122.421747650463,37.7627436601147
15109689115155,151096891,15155,OtherOffenses,Restraining Order Notification/service Of Restraining Order,Sunday,2015-12-20,11:27,Northern,None,2300 Block Of Lombard St,-122.440198698426,37.7994352314248
13106172304134,131061723,4134,Assault,Battery,Wednesday,2013-12-18,07:20,Southern,"Arrest, Booked",0 Block Of 6th St,-122.409011206639,37.7811340568243
15604625506224,156046255,6224,Larceny/theft,Grand Theft From Unlocked Auto,Friday,2015-02-20,19:30,Southern,None,"10th St, Folsom St",-122.412826648024,37.772811562575
15611424406372,156114244,6372,Larceny/theft,Petty Theft Of Property,Sunday,2015-05-10,03:00,Southern,None,"11th St, Harrison St",-122.41248326348,37.7706305910776
15107590826170,151075908,26170,OtherOffenses,Probation Violation,Sunday,2015-12-13,08:13,Mission,"Arrest, Booked","16th St, Mission St",-122.419671780296,37.7650501214668
11092895874000,110928958,74000,MissingPerson,Missing Adult,Thursday,2011-11-17,12:05,Southern,Located,0 Block Of Dore St,-122.413045971966,37.7738617771611
15108112119057,151081121,19057,Assault,Threats Against Life,Tuesday,2015-12-15,06:40,Bayview,None,1000 Block Of Gilman Avenue,-122.389056277059,37.7188220274007
15613968406244,156139684,6244,Larceny/theft,Grand Theft From Locked Auto,Wednesday,2015-06-10,19:00,Bayview,None,"Texas St, 17th St",-122.395810281469,37.7651891001345
9089252215200,90892522,15200,SecondaryCodes,Domestic Violence,Sunday,2009-08-30,18:45,Ingleside,None,900 Block Of Naples St,-122.435829272049,37.7148100433377
4067229907041,40672299,7041,VehicleTheft,"Vehicle, Recovered, Auto",Thursday,2004-06-10,14:00,Richmond,"Arrest, Booked",200 Block Of 12th Avenue,-122.470843346444,37.7835736325203
15107908507021,151079085,7021,VehicleTheft,Stolen Automobile,Friday,2015-12-11,19:30,Northern,None,"Avila St, Chestnut St",-122.440312380104,37.8003013096043
11088481164020,110884811,64020,Non-criminal,"Aided Case, Mental Disturbed",Wednesday,2011-11-02,10:36,Mission,Psychopathic Case,1000 Block Of Potrero Avenue,-122.406539115148,37.7564864109309
4112072806244,41120728,6244,Larceny/theft,Grand Theft From Locked Auto,Wednesday,2004-09-29,21:00,Ingleside,None,0 Block Of Thor Avenue,-122.434105995351,37.7352849321213
15104263409029,151042634,9029,OtherOffenses,False Personation To Receive Money Or Property,Monday,2015-11-23,18:44,Tenderloin,None,0 Block Of Ofarrell St,-122.405861657246,37.786627232545
11027889427199,110278894,27199,Trespass,Lodging Without Permission,Wednesday,2011-04-06,05:40,Tenderloin,"Arrest, Cited",300 Block Of Ellis St,-122.411987643595,37.7850226622786
4062601409320,40626014,9320,Fraud,"Credit Card, Theft By Use Of",Sunday,2004-05-30,21:00,Richmond,None,3600 Block Of Clay St,-122.452952489795,37.7882766632231
15110432509027,151104325,9027,OtherOffenses,False Personation,Thursday,2015-12-17,12:00,Richmond,None,700 Block Of 44th Avenue,-122.504677917741,37.7744240842725
4121204605071,41212046,5071,Burglary,"Burglary, Forcible Entry",Saturday,2004-10-23,00:30,Southern,None,100 Block Of 7th St,-122.410718060304,37.7789597633583
9047469715200,90474697,15200,SecondaryCodes,Domestic Violence,Thursday,2009-05-07,02:20,Mission,"Arrest, Booked",4000 Block Of 18th St,-122.433343331115,37.7609332561133
15601767606244,156017676,6244,Larceny/theft,Grand Theft From Locked Auto,Monday,2015-01-12,21:00,Southern,None,400 Block Of Brannan St,-122.395985970867,37.7788348205682
6026358312030,60263583,12030,WeaponLaws,Exhibiting Deadly Weapon In A Threating Manner,Thursday,2006-03-09,20:00,Bayview,None,900 Block Of Missouri St,-122.395797113117,37.7552302652087
13096658014040,130966580,14040,OtherOffenses,Indecent Exposure,Thursday,2013-11-14,17:04,Mission,None,4200 Block Of 19th St,-122.436502740795,37.7591346510457
15103894068030,151038940,68030,Non-criminal,Courtesy Report,Monday,2015-11-30,13:30,Bayview,"Arrest, Booked",500 Block Of Vermont St,-122.404383181572,37.762731169054
10118725205073,101187252,5073,Burglary,"Burglary, Unlawful Entry",Monday,2010-12-27,00:05,Bayview,None,1700 Block Of Yosemite Avenue,-122.39454192298,37.7284206717765
15612315406244,156123154,6244,Larceny/theft,Grand Theft From Locked Auto,Friday,2015-05-22,01:00,Northern,None,"Fillmore St, Eddy St",-122.432329732386,37.7814292195409
15105424716430,151054247,16430,Drug/narcotic,Sale Of Hallucinogenic,Saturday,2015-12-05,16:10,Park,None,1700 Block Of Waller St,-122.452518201771,37.76828167183
5023014419020,50230144,19020,DisorderlyConduct,"Disturbing The Peace, Commotion",Monday,2005-02-28,10:30,Taraval,None,1400 Block Of 42nd Avenue,-122.501502160824,37.7596658144363
3085872261030,30858722,61030,Non-criminal,"Death Report, Cause Unknown",Saturday,2003-07-19,09:00,Tenderloin,None,400 Block Of Turk St,-122.416342977622,37.7824465135592
11056331605151,110563316,5151,Burglary,"Burglary,store Under Construction, Forcible Entry",Thursday,2011-07-14,05:05,Northern,"Arrest, Booked",300 Block Of Hayes St,-122.422180938873,37.7770395107539
15608453428150,156084534,28150,Vandalism,"Malicious Mischief, Vandalism",Tuesday,2015-04-07,20:30,Central,None,"Northpoint St, Grant Avenue",-122.408899279016,37.8071620563289
8007415026150,80074150,26150,OtherOffenses,Parole Violation,Monday,2008-01-21,18:25,Taraval,"Arrest, Booked",3400 Block Of Judah St,-122.49897469428,37.7607866651906
7091087107021,70910871,7021,VehicleTheft,Stolen Automobile,Wednesday,2007-09-05,20:00,Park,None,1900 Block Of Ellis St,-122.437885533513,37.781726378817
15605524006244,156055240,6244,Larceny/theft,Grand Theft From Locked Auto,Tuesday,2015-03-03,16:00,Southern,None,"4th St, Howard St",-122.402712593282,37.7832596543979
8105156951040,81051569,51040,Non-criminal,Aided Case,Friday,2008-10-03,01:16,Southern,None,1100 Block Of Folsom St,-122.409845783196,37.7752407085662
3047461309320,30474613,9320,Fraud,"Credit Card, Theft By Use Of",Friday,2003-04-18,14:30,Southern,None,"3rd St, Market St",-122.403434086753,37.7876430501571
5052613115300,50526131,15300,SecondaryCodes,Prejudice-based Incident,Wednesday,2005-05-11,22:15,Taraval,"Arrest, Booked",100 Block Of Broad St,-122.45756787173,37.7132375345136
7012782230200,70127822,30200,OtherOffenses,Violation Of Municipal Code,Sunday,2007-02-04,21:39,Mission,"Arrest, Booked",1000 Block Of Potrero Avenue,-122.406539115148,37.7564864109309
15608972206224,156089722,6224,Larceny/theft,Grand Theft From Unlocked Auto,Thursday,2015-04-09,19:00,Bayview,None,2200 Block Of 3rd St,-122.38848632028,37.7611235720328
15101623105071,151016231,5071,Burglary,"Burglary, Forcible Entry",Sunday,2015-11-22,05:02,Bayview,"Arrest, Booked",1500 Block Of Fairfax Avenue,-122.388656722393,37.7420831988421
15627738106244,156277381,6244,Larceny/theft,Grand Theft From Locked Auto,Wednesday,2015-11-11,18:00,Southern,None,900 Block Of Howard St,-122.406508487003,37.7803313209065
15622543706244,156225437,6244,Larceny/theft,Grand Theft From Locked Auto,Saturday,2015-09-12,23:30,Central,None,"Geary St, Hyde St",-122.416452065595,37.7863086885804
15621117906244,156211179,6244,Larceny/theft,Grand Theft From Locked Auto,Saturday,2015-08-22,15:30,Southern,None,"Hawthorne St, Folsom St",-122.397816589532,37.7846680653938
15110947216650,151109472,16650,Drug/narcotic,Possession Of Meth-amphetamine,Friday,2015-12-25,08:13,Mission,"Arrest, Booked",400 Block Of Noe St,-122.432763469984,37.7614251526828
15611547406244,156115474,6244,Larceny/theft,Grand Theft From Locked Auto,Wednesday,2015-05-13,01:00,Central,None,700 Block Of Post St,-122.41417943719,37.787502483207
15611718506244,156117185,6244,Larceny/theft,Grand Theft From Locked Auto,Wednesday,2015-05-13,19:30,Southern,None,"Harrison St, 10th St",-122.411279189969,37.7715785765043
15619354906244,156193549,6244,Larceny/theft,Grand Theft From Locked Auto,Friday,2015-08-07,18:00,Northern,None,"Vanness Av, Lombard St",-122.424541870484,37.8013041477981
15621611328150,156216113,28150,Vandalism,"Malicious Mischief, Vandalism",Tuesday,2015-09-01,22:00,Northern,None,"Union St, Vanness Avenue",-122.423985900144,37.7985525790132
15624257206244,156242572,6244,Larceny/theft,Grand Theft From Locked Auto,Saturday,2015-10-03,01:32,Northern,None,3200 Block Of Pierce St,-122.439368478152,37.7999319386215
9611927106244,96119271,6244,Larceny/theft,Grand Theft From Locked Auto,Tuesday,2009-11-24,19:30,Southern,None,1000 Block Of Mission St,-122.40989282029,37.7801134973164
15605135106244,156051351,6244,Larceny/theft,Grand Theft From Locked Auto,Friday,2015-02-27,12:55,Northern,None,1700 Block Of California St,-122.423178695677,37.7903172966364
15626705306374,156267053,6374,Larceny/theft,Grand Theft Of Property,Monday,2015-09-28,18:05,Southern,None,0 Block Of 10th St,-122.417159710491,37.7763471604576
15109462904134,151094629,4134,Assault,Battery,Saturday,2015-12-19,16:30,Taraval,None,"9th Av, Irving St",-122.466309668238,37.7640368477306
15622511406372,156225114,6372,Larceny/theft,Petty Theft Of Property,Saturday,2015-09-12,08:50,Southern,None,200 Block Of 7th St,-122.40864873517,37.7773110274033
15104452704170,151044527,4170,Assault,False Imprisonment,Wednesday,2015-12-02,10:03,Southern,"Arrest, Booked",0 Block Of Moss St,-122.40811239746,37.7777588128811
15602902906244,156029029,6244,Larceny/theft,Grand Theft From Locked Auto,Saturday,2015-01-31,01:30,Ingleside,None,"Putnam St, Jarboe Avenue",-122.410879566014,37.7381550352397
18006062105153,180060621,5153,Burglary,"Burglary,store Under Construction, Unlawful Entry",Tuesday,2018-01-23,07:39,Southern,None,500 Block Of Howard St,-122.39703243652792,37.78782466943738
15103437430190,151034374,30190,OtherOffenses,Violation Of Municipal Police Code,Saturday,2015-11-28,19:45,Southern,"Arrest, Booked","Mission St, Annie St",-122.401264374737,37.786851240585
15631166606224,156311666,6224,Larceny/theft,Grand Theft From Unlocked Auto,Thursday,2015-12-24,17:00,Southern,None,900 Block Of Howard St,-122.40529891114,37.7811328608446
15624957806372,156249578,6372,Larceny/theft,Petty Theft Of Property,Wednesday,2015-09-23,18:00,Richmond,None,3400 Block Of Clay St,-122.449662823467,37.7886955786153
15622339006244,156223390,6244,Larceny/theft,Grand Theft From Locked Auto,Monday,2015-08-31,11:00,Bayview,None,"Bacon St, Goettingen St",-122.406566957339,37.7268581085141
15615133706224,156151337,6224,Larceny/theft,Grand Theft From Unlocked Auto,Tuesday,2015-06-16,01:00,Southern,None,"10th St, Mission St",-122.41591119887,37.7752721501379
15600974206224,156009742,6224,Larceny/theft,Grand Theft From Unlocked Auto,Thursday,2015-01-08,00:01,Ingleside,None,400 Block Of Campbell Avenue,-122.405042717541,37.7148101485629
15615474528150,156154745,28150,Vandalism,"Malicious Mischief, Vandalism",Wednesday,2015-06-17,10:30,Southern,None,"Mission St, 3rd St",-122.402027706948,37.7862483456629
15609574106244,156095741,6244,Larceny/theft,Grand Theft From Locked Auto,Monday,2015-04-20,17:58,Central,None,"Sutter St, Stockton St",-122.406958660602,37.789434763004
15614599806224,156145998,6224,Larceny/theft,Grand Theft From Unlocked Auto,Wednesday,2015-06-17,17:21,Northern,None,"Filbert St, Pierce St",-122.438971357982,37.7976011731391
15621099906244,156210999,6244,Larceny/theft,Grand Theft From Locked Auto,Wednesday,2015-08-26,20:15,Central,None,500 Block Of Commercial St,-122.402666683256,37.7943201279675
15104189664070,151041896,64070,SuspiciousOcc,Suspicious Occurrence,Tuesday,2015-12-01,03:00,Ingleside,None,1100 Block Of Russia Avenue,-122.427928246191,37.7172318611699
15623477306372,156234773,6372,Larceny/theft,Petty Theft Of Property,Sunday,2015-09-20,01:00,Northern,None,1500 Block Of Broadway St,-122.422617297546,37.7958935012253
15103741927065,151037419,27065,Fraud,False Id To Peace Officer,Sunday,2015-11-29,21:00,Mission,"Arrest, Booked",700 Block Of Shotwell St,-122.41561725232,37.7564137690481
15608622306244,156086223,6244,Larceny/theft,Grand Theft From Locked Auto,Tuesday,2015-04-07,19:30,Southern,None,"Howard St, 10th St",-122.414370627495,37.7740418385041
15618771806244,156187718,6244,Larceny/theft,Grand Theft From Locked Auto,Wednesday,2015-07-15,19:05,Richmond,None,"Geary Bl, 21st Avenue",-122.480452050119,37.7802790505664
17044254027195,170442540,27195,Trespass,Trespassing,Tuesday,2017-05-30,10:53,Central,"Arrest, Booked",1100 Block Of Grant Avenue,-122.406817843184,37.7971943093664
15111109162020,151111091,62020,Warrants,Enroute To Department Of Corrections,Saturday,2015-12-26,07:02,Central,"Arrest, Booked",200 Block Of Sutter St,-122.40482801879,37.7897596938342
15621696928150,156216969,28150,Vandalism,"Malicious Mischief, Vandalism",Tuesday,2015-09-01,12:00,Central,None,"California St, Stockton St",-122.407539774357,37.7922491772578
15612393828150,156123938,28150,Vandalism,"Malicious Mischief, Vandalism",Saturday,2015-05-23,00:38,Central,None,600 Block Of Union St,-122.40968720575,37.8003260482415
15106338962050,151063389,62050,Warrants,Enroute To Outside Jurisdiction,Tuesday,2015-12-08,21:39,Bayview,"Arrest, Booked","Evans Av, Phelps St",-122.388456834121,37.7429830266541
16004356207021,160043562,7021,VehicleTheft,Stolen Automobile,Friday,2016-01-15,20:30,Bayview,None,1500 Block Of Innes Avenue,-122.3879562857054,37.73885589751394
15112165806113,151121658,6113,Larceny/theft,Grand Theft Pickpocket,Tuesday,2015-12-29,16:00,Central,None,200 Block Of Geary St,-122.407434989523,37.7875158741623
15604744106244,156047441,6244,Larceny/theft,Grand Theft From Locked Auto,Tuesday,2015-02-03,19:15,Bayview,None,"3rd St, 22nd St",-122.388318045049,37.757939423202
15611776506244,156117765,6244,Larceny/theft,Grand Theft From Locked Auto,Wednesday,2015-05-13,19:00,Bayview,None,100 Block Of Paul Avenue,-122.397136217367,37.7228049825201
15112616964020,151126169,64020,Non-criminal,"Aided Case, Mental Disturbed",Thursday,2015-12-31,13:50,Tenderloin,None,100 Block Of Hyde St,-122.415669661443,37.7821198488931
15108216362050,151082163,62050,Warrants,Enroute To Outside Jurisdiction,Tuesday,2015-12-15,13:50,Mission,None,2000 Block Of Mission St,-122.41965834371,37.7642205603745
15618149706244,156181497,6244,Larceny/theft,Grand Theft From Locked Auto,Thursday,2015-07-23,16:30,Northern,None,"Fulton St, Steiner St",-122.433220475299,37.7774892652621
15108529264085,151085292,64085,SuspiciousOcc,Investigative Detention,Wednesday,2015-12-16,14:00,Mission,None,3000 Block Of Folsom St,-122.413678019359,37.749064728447
15617886406224,156178864,6224,Larceny/theft,Grand Theft From Unlocked Auto,Wednesday,2015-07-15,00:01,Ingleside,None,"France Av, Naples St",-122.433554653849,37.7177433927924
15109328964070,151093289,64070,SuspiciousOcc,Suspicious Occurrence,Saturday,2015-12-19,00:01,Northern,None,200 Block Of Moulton St,-122.436811584937,37.7993665641249
16093364009026,160933640,9026,OtherOffenses,False Personation And Cheat Crimes (general),Saturday,2016-11-12,14:00,Taraval,None,100 Block Of Magellan Avenue,-122.45990038852612,37.7482192583068
15900164209320,159001642,9320,Fraud,"Credit Card, Theft By Use Of",Sunday,2015-02-01,08:45,Southern,None,800 Block Of Bryant St,-122.403404791479,37.775420706711
15604302906244,156043029,6244,Larceny/theft,Grand Theft From Locked Auto,Saturday,2015-02-21,11:30,Central,None,"Davis St, Clay St",-122.397977877257,37.7953124364807
15607746006372,156077460,6372,Larceny/theft,Petty Theft Of Property,Sunday,2015-03-29,23:30,Central,None,"Hyde St, California St",-122.417392830334,37.7909741243591
18003294306242,180032943,6242,Larceny/theft,Petty Theft From Locked Auto,Friday,2018-01-12,13:00,Central,None,"Green St, The Embarcaderonorth St",-122.39886197111296,37.80078099960368
15109950009020,151099500,9020,Forgery/counterfeiting,"Checks, Make Or Pass Fictitious",Tuesday,2015-05-26,00:01,Bayview,None,1800 Block Of 25th St,-122.397497373637,37.7523066322263
8047577465016,80475774,65016,OtherOffenses,"Drivers License, Suspended Or Revoked",Tuesday,2008-05-06,17:45,Taraval,"Arrest, Cited",0 Block Of Buckingham Wy,-122.478840965775,37.7259492571366
15107935806113,151079358,6113,Larceny/theft,Grand Theft Pickpocket,Monday,2015-12-14,12:50,Tenderloin,None,0 Block Of Jones St,-122.412192555721,37.7816045741252
15619520006224,156195200,6224,Larceny/theft,Grand Theft From Unlocked Auto,Saturday,2015-08-08,21:50,Southern,None,"6th St, Mission St",-122.408710606663,37.7809706722053
7024837113111,70248371,13111,Prostitution,Engaging In Lewd Conduct - Prostitution Related,Friday,2007-03-09,05:30,Mission,"Arrest, Booked","16th St, Shotwell St",-122.416389710283,37.7652491154383
15626217206244,156262172,6244,Larceny/theft,Grand Theft From Locked Auto,Saturday,2015-10-24,12:00,Central,None,300 Block Of Bay St,-122.412803753,37.8057739875696
15617812106244,156178121,6244,Larceny/theft,Grand Theft From Locked Auto,Friday,2015-07-10,22:00,Ingleside,None,"Elsie St, Hollypark Cr",-122.420679825559,37.7379270162901
15603355306244,156033553,6244,Larceny/theft,Grand Theft From Locked Auto,Tuesday,2015-02-10,21:30,Northern,None,"Franklin St, Fulton St",-122.421713231971,37.7789574682026
18006777426170,180067774,26170,OtherOffenses,Probation Violation,Thursday,2018-01-25,22:00,Mission,None,0 Block Of 13th St,-122.41446844505356,37.76960361680793
18003908026080,180039080,26080,OtherOffenses,Conspiracy,Monday,2018-01-15,14:37,Ingleside,"Arrest, Booked",3300 Block Of Mission St,-122.42112802950496,37.74355505422647
15105037063010,151050370,63010,Warrants,Warrant Arrest,Friday,2015-12-04,10:02,Northern,"Arrest, Booked","Geary Bl, Webster St",-122.431206932079,37.7845681170336
15602026506244,156020265,6244,Larceny/theft,Grand Theft From Locked Auto,Monday,2015-01-26,22:00,Central,None,600 Block Of Hyde St,-122.416477397948,37.7867954080343
15606348106244,156063481,6244,Larceny/theft,Grand Theft From Locked Auto,Friday,2015-03-13,17:47,Southern,None,"Harrison St, 11th St",-122.41248326348,37.7706305910776
12002476262050,120024762,62050,Warrants,Enroute To Outside Jurisdiction,Tuesday,2012-01-10,00:25,Southern,"Arrest, Booked","Market St, Kearny St",-122.403434086745,37.78764305018
15104648205053,151046482,5053,Burglary,"Burglary Of Store, Unlawful Entry",Wednesday,2015-12-02,19:30,Central,"Arrest, Booked",200 Block Of Grant Avenue,-122.405254463024,37.7892525040522
15610516806244,156105168,6244,Larceny/theft,Grand Theft From Locked Auto,Wednesday,2015-04-22,19:00,Southern,None,500 Block Of Bryant St,-122.396189956978,37.7811238760285
15110818907021,151108189,7021,VehicleTheft,Stolen Automobile,Wednesday,2015-12-23,12:06,Southern,None,800 Block Of Mission St,-122.405395493939,37.7835100715421
15617245206244,156172452,6244,Larceny/theft,Grand Theft From Locked Auto,Wednesday,2015-07-15,08:00,Southern,None,"Bryant St, 10th St",-122.409738771906,37.7703482035454
12034541109029,120345411,9029,OtherOffenses,False Personation To Receive Money Or Property,Tuesday,2012-04-17,12:00,Taraval,None,0 Block Of Chumasero Dr,-122.472972400524,37.7132391314398
15609655106244,156096551,6244,Larceny/theft,Grand Theft From Locked Auto,Monday,2015-04-20,22:00,Park,None,1600 Block Of Page St,-122.447971756065,37.7708850801849
17023883865016,170238838,65016,OtherOffenses,"Drivers License, Suspended Or Revoked",Thursday,2017-03-23,14:25,Mission,"Arrest, Booked",600 Block Of South Van Ness Avenue,-122.41732318855148,37.76275002129992
15622022728150,156220227,28150,Vandalism,"Malicious Mischief, Vandalism",Sunday,2015-09-06,13:30,Southern,None,"Howard St, Newmontgomery St",-122.39898086887,37.786209557036
15601084606244,156010846,6244,Larceny/theft,Grand Theft From Locked Auto,Wednesday,2015-01-14,19:00,Southern,None,"The Embarcaderosouth St, Folsom St",-122.390094248247,37.7907638589303
17030073862050,170300738,62050,Warrants,Enroute To Outside Jurisdiction,Wednesday,2017-04-12,16:58,Central,"Arrest, Booked",300 Block Of Post St,-122.40761288538702,37.78844860197047
15625321206374,156253212,6374,Larceny/theft,Grand Theft Of Property,Saturday,2015-10-10,15:00,Northern,None,2000 Block Of Union St,-122.433030311668,37.7973462529678
9602501006374,96025010,6374,Larceny/theft,Grand Theft Of Property,Saturday,2009-04-04,15:15,Southern,None,0 Block Of Market St,-122.395615939649,37.7939406487081
15603418106244,156034181,6244,Larceny/theft,Grand Theft From Locked Auto,Monday,2015-02-09,19:55,Southern,None,"Brannan St, 4th St",-122.396533248456,37.7783268978785
15103455604013,151034556,4013,Assault,Aggravated Assault With A Deadly Weapon,Saturday,2015-11-28,20:25,Tenderloin,None,100 Block Of Turk St,-122.411615075408,37.7831614109395
15602238071000,156022380,71000,Non-criminal,Lost Property,Friday,2015-01-30,14:45,Northern,None,"Geary Bl, Webster St",-122.431206932079,37.7845681170336
15111841705013,151118417,5013,Burglary,"Burglary Of Apartment House, Unlawful Entry",Sunday,2015-12-20,18:00,Northern,None,1400 Block Of Pine St,-122.419672954945,37.789668941238
15616056006374,156160560,6374,Larceny/theft,Grand Theft Of Property,Sunday,2015-07-05,11:00,Tenderloin,None,"Grove St, Larkin St",-122.416583456133,37.7786591541508
15108931305012,151089313,5012,Burglary,"Burglary Of Apartment House, Att Forcible Entry",Thursday,2015-12-17,02:20,Southern,None,0 Block Of Langton St,-122.409202487854,37.7768958210183
16005084664070,160050846,64070,SuspiciousOcc,Suspicious Occurrence,Monday,2016-01-18,20:25,Taraval,None,3000 Block Of 20th Avenue,-122.47605121330136,37.7318791218111
15105745106244,151057451,6244,Larceny/theft,Grand Theft From Locked Auto,Sunday,2015-12-06,20:00,Northern,None,1600 Block Of Geary Bl,-122.429629258891,37.7848966681924
